.038770332
.019446906
.020784387
.018544434
.019029435
.028743452
.018195701
.017646212
.018604799
.019180660
.019023728
4.033391060
4.031754046
.024495090
.022958934
.022696229
.019357421
.020498519
.021030429
4.037758360
.024441391
.022567126
.021112956
.021036344
.018181023
.018982724
4.037452356
4.033101044
.022848459
.019736473
.020609220
4.035377588
.026214820
.018372107
.020831168
.018689169
.019562541
4.036888878
4.030799952
.026693936
11.242527193
.020523483
.022531771
.019913657
4.030492850
4.032976003
.023546981
.019771235
.023141430
.018664786
.020755268
.023834284
.019646819
.027387874
.019401612
.024555481
.019430622
.024474829
.022207205
.023685485
.023087371
.026375664
.021116971
.023730208
.019294536
.025859911
.030134614
.021095464
4.026034587
.028768163
.020827541
4.033496716
.027522960
.024270095
.019758063
.022416149
.023360377
.020968671
.023928023
.022596626
.024647260
.026088361
.021611342
.021379141
.022513765
.019993683
.024995584
.026604407
.018188921
4.039707685
.025252521
.021924421
.023626271
.022657215
.029580599
.025690954
.022904397
.019113357
.021061097
.025167001
.022780493
.019992310
.021267978
.021302987
4.034538916
.025584555
.021877202
.030218372
4.037153685
.021705870
.024745737
4.036679075
.023399510
.024468090
.022884308
.022906939
.024992210
.025323411
.023792392
.019907332
4.027606862
.029296326
.021833942
.020461709
.021913460
.021078976
.023503868
.020702640
.028434836
.024107799
.037313462
.022137303
.027236643
4.031596572
.019113857
.021436600
.022057159
.017825519
.017856026
.019457854
.019948675
.022474630
.021233470
4.032493195
.026494348
.022027528
.021755507
8.040647914
.021408886
.018957029
4.025188847
.026322225
.018661337
.017795304
.021054304
.030749003
.019009725
.024208943
.024090136
.018549831
.020235676
.018458153
.020703987
.020733324
.023151014
.016485688
.019416819
.020848464
.016953582
.017801901
.029585310
.018534330
.017121812
.022211641
.018179158
.024501356
.018522203
.019364187
.018990763
.019491246
.015014996
.017375262
.021530344
.019782492
.019802662
.018890626
.023508727
.016379299
.021621148
.019069566
4.037321803
4.037393354
4.033719709
.025707264
.020612391
4.040240267
.021070118
.025351050
.030103794
.019625221
.020096575
.017482984
.016792770
.025696596
.021023070
.019661977
.018950092
.020238093
4.037317103
.020527620
11.247362879
.021590569
.032113886
.028105474
.027882717
.020083315
.022171253
.019604259
.020879505
.019271707
.028543529
.020823962
.017867873
.020352823
11.235429686
.020757460
.027551541
.020187152
.020244194
4.029511650
.023025112
.021825701
4.037899695
.021306476
.021774032
4.030631976
.025812697
.024457864
4.032519158
.020645456
.022072500
.020478118
.022409719
.024385445
4.036453068
.023636464
.022771063
.024399320
.027375243
.023145074
.022016748
.029547559
.022793022
.024161229
.025769028
4.035144987
.023526836
.021243308
.021531150
4.034298461
.031663956
.020541412
.024201773
.019077493
.019575258
4.033505645
.024021142
.019919685
.024936545
.029673646
.022752520
.023560045
.024803291
.024739622
4.027311667
4.038849307
.023009029
.024537741
4.032823875
.024412154
.019849641
.023388248
.020021855
4.031292454
.027097819
.022157627
4.031231452
.025985493
.025299639
.021230475
.024988963
.021151014
.021572026
.025338348
4.038106285
.022215380
.023456542
.023383415
.022500387
.023289412
.023213201
.020412200
.019376711
.021773574
.021828034
4.032745164
.023629755
.022405635
.020063481
.028775661
.022606516
.020804545
.019874559
11.236370672
.023696090
.020642290
.021187848
.020919673
.024256024
.019512131
.021950829
.022521805
.019272999
.023734508
.022899817
.020264404
.019735638
.019256290
11.234929296
4.036386483
.022519263
.027026442
.023635839
.018501559
.019653010
.021922454
4.025172727
.022016831
.022010456
.022529264
4.033217636
.019044325
4.029682571
.023154740
.021916745
.025078883
4.033142676
.022338800
.022529763
.021320394
.021684405
.025308139
.019800931
4.026198550
.026030036
.021694197
.023348372
.018185091
.027940719
.030779304
.019101368
.021137138
.023623213
.020153359
.022969443
.019040200
.018089629
.020162359
.020669791
.020253070
.018615646
.018707773
.021811658
.020061647
.030273373
.018458016
.018243384
.021370271
.021680822
.020489244
.024788374
.016920845
.019357418
.021127055
.019792597
.019097451
.022508389
.024099853
.019846682
.021309852
4.031340288
.025722277
.032547478
.021749731
.021504624
.019898402
4.033582815
.021840183
.020186299
.024605532
.022760995
.021884222
4.030380372
.020058391
.022399228
.026017975
.026866292
.020872668
4.043401088
.022618254
.020628643
.019860989
.019126498
11.239588933
.022642045
.019585716
.021929678
.018896722
.020033477
.020753384
.022894277
.021782021
.019989521
.030787268
.019204951
.019660836
4.038586305
.022513096
4.030339675
8.042988898
.033458635
.022298965
.020105940
4.028567454
.018250593
.020883964
.024188605
.024638370
.022125876
.019828266
4.026995615
.031520285
.020221944
.019499339
.019592925
.030254955
.020207652
.021601944
.026314087
.022137377
.021942038
.021268434
.023453458
.020398158
.022283256
.023026737
.021699447
.023934639
.024051476
.022979236
4.033628065
.027969720
.019639302
.021039969
.015623597
.021204515
.024697287
.019297749
.033994443
.024545117
.020847963
4.029061261
.023581629
.022841523
.019227664
.020082814
.030098951
.018829110
.025299389
.021093678
.030607341
.021492232
.021574985
.019622426
.018261302
.026914355
.024855043
.021765824
.022467345
.018888278
4.035512165
.028803286
.020516078
.023748801
.016210281
.020632165
.020754210
.018668272
.020981717
.020451201
