11.704113411
.496008308
4.505960042
.461798489
4.497599705
4.503771739
4.495022653
.466522565
.481627165
.500660723
.497938334
4.481994626
4.506002512
.472892460
.467417266
11.678582668
.470007698
.458689354
.474376279
4.499153106
4.487664548
.475617103
4.508028216
11.695775648
4.492238374
.469637745
15.705219596
4.497306412
.488123388
4.510291653
.477817951
.497642539
.503939308
.508162889
.489075128
4.489585912
.484444250
.483449012
4.506771324
.480984964
.485414052
.487674952
.495989410
4.490565375
24.667674734
4.505804761
.478046702
11.701205816
.483698233
.479375988
.492486346
.490705074
.506819067
4.479005863
4.488003701
.490419170
.475930205
.488575565
.473464607
.481995763
4.490063729
.488234166
.481197559
.496590530
4.494467586
4.496157604
.478439061
.484101999
.484466162
.496010076
.496436572
.485853525
.477929074
.454577754
.474611570
.488621288
4.499906984
4.504976972
.461355179
24.648607360
4.469494875
24.645795035
.499331687
4.500387940
4.500347107
4.499227287
4.498629044
.496678676
4.486841845
.471145344
.475862485
4.496083624
4.516179806
.462238269
4.475018161
.475057063
4.502782490
11.686574381
.475708557
.482050401
.709526100
.497096262
11.673273701
.472853927
.473707064
.482489622
.458323437
4.484488439
4.476617643
.465716473
8.455166666
4.475850989
4.469010340
4.489864915
.487850651
.477092426
.511178237
4.503050587
.505095765
4.513463198
4.495207880
.465341684
.477611935
4.467155082
.478860931
.495416559
.474211051
11.688034224
4.483715974
11.697519644
.488982711
4.489536057
4.514121422
15.693603677
.485765547
.486468061
4.501131046
.492351351
.495399293
.491129370
4.490730648
.501951274
4.496356507
4.503426616
4.507332172
11.681978750
8.490836772
.509924549
.488953685
.479967973
4.496535066
.476519173
.459689305
.481652923
4.471781010
.456470051
.472729782
4.491769284
.494007714
4.479468126
4.471209368
.499038944
.463028779
.468996165
.460983507
11.670801941
8.493481325
11.708817681
.493787921
.472343768
4.471639185
.510843096
.487725428
.493000904
.486395273
.489317324
4.502069006
.489696593
.475466064
4.486695988
4.501310990
4.503893840
.489322339
.480207111
.461845452
4.495311526
.457891477
4.507723703
4.480126953
.450795789
4.507887120
.472686887
4.495221954
4.496005729
.467462501
4.480913241
.484743402
4.484477835
4.508917229
4.482995717
