4.075423120
4.044840397
15.273974168
8.078989745
8.072007296
.026547612
4.052756404
11.251628032
.032692401
4.046484531
4.045111166
.034406441
4.056466937
4.049103948
4.046153878
.031391418
4.055696815
.026965582
28.236670734
.031197601
.053450851
4.055421506
4.055010382
15.283646565
4.051465591
4.061698374
11.262312066
11.248355871
24.215486746
11.262972994
4.057423411
4.065893914
15.278950078
11.265714974
11.257926927
4.042966189
.030549600
.025569660
.023076856
11.242856925
4.063945083
11.255910891
4.062223961
.028894471
4.050717980
.028754923
4.051127075
24.231231091
.030654008
.035133516
15.284055627
.035141768
8.088277312
.036817966
.024403524
11.272589437
4.050815257
4.050141018
11.266148401
.033628637
.025227009
.024276218
15.285979183
4.063210083
4.051675976
4.050447998
24.222338962
4.067983600
8.086255656
4.041709147
4.068661381
4.042842273
4.049266327
4.050089377
8.063686075
8.094812276
.035268883
11.250754967
8.087250496
.037388725
.024849222
.023571713
8.079162364
.034452586
.025535749
4.066766752
.036149200
.025432708
4.047389638
4.069363113
4.054065255
4.062896973
11.253341558
4.052002678
4.053951311
.037293053
11.250132040
.038920496
4.044145773
.027426618
4.048833707
4.059302570
8.083765940
.033054077
4.062006083
15.278575565
.033775961
12.099917504
4.047428355
15.270282158
.057499519
4.053248192
11.261582416
11.260180641
4.056694803
4.055282929
.032629679
24.208711175
11.249833969
4.050327633
4.055991792
.037862567
47.531752446
4.056267449
4.053931861
8.074644664
11.264828533
11.251442134
.057745476
35.423456850
4.055192934
11.248505883
4.070404887
4.060748783
11.261022734
.035119242
4.051356498
.034976661
4.038134858
4.045835223
15.687048654
11.249279508
.030152618
.039883639
4.044482210
.039380906
8.063103191
.032049211
.022951583
11.253528685
4.057380997
4.063101030
.035850858
.025498111
4.044422029
8.092402909
15.270013309
.053721163
.025743721
.031120903
15.270519913
4.053555967
.033929085
.030102112
4.055935284
4.048288447
.034010030
.035137125
.031420885
.023302544
4.021022571
4.048884685
11.254675117
4.053230867
.031636685
.024722512
.024046605
4.061331152
4.065843107
4.059836470
.032536183
.030636362
4.049186217
.032916131
24.220085984
.033917114
11.253705524
.036406435
.025160195
8.082832445
.033648314
4.047491013
8.068981707
.030214558
.025280496
4.064578776
.029785449
15.269439109
8.073873158
24.227948814
8.066975048
4.067391116
.029073802
4.066126594
11.242247998
11.241377656
4.072674457
11.262783336
.031517738
4.044839927
4.073358098
11.247649819
4.056216587
4.066371806
4.046242450
.029505521
.024845243
4.058071227
4.065210729
.031628354
4.045114123
4.054829444
.034077133
4.076415384
.030500272
28.245532320
4.072539520
4.054087817
.032485025
8.082136464
.048167656
4.040293586
4.069705308
4.059142014
4.055606027
4.052712641
.031370936
4.059038976
15.279627305
24.224926134
4.065966753
.037153831
4.057204059
.032314854
11.255960737
4.045139022
4.052597235
8.074937639
.022426784
.044757650
15.263896470
4.060965849
4.051618105
4.024579685
4.066875991
4.058907946
.035538717
.027784316
.027469495
8.076163832
8.070978976
.034471050
4.072829610
11.254257977
11.275156167
4.055257270
4.041724533
4.048112422
4.060603610
24.216736894
4.064342262
.034103394
4.041714180
8.079010345
.036702540
4.052736697
11.260086456
4.055254517
19.286747065
8.078906292
.035460712
11.257033448
.058287969
.029219086
4.066706832
4.049540830
.028213209
11.262191226
4.050796085
4.058626515
11.258102358
4.049163541
4.059343492
4.056717082
4.064233933
.031259500
.025589019
4.042307375
.030481907
11.242892247
.038797824
4.050290456
.042675585
24.212899525
4.044677247
8.056682759
4.051313315
8.071828196
11.255086597
.038878402
4.051920629
.034764317
.025567102
4.066301735
4.065075092
11.256973031
11.254788565
24.221506576
4.063417466
4.064663803
4.051079233
11.251857405
11.258033708
24.218963756
8.065907300
4.062028136
4.061134479
4.076894302
4.061676939
4.060136454
4.061664446
4.057363871
11.252867503
11.263886102
.043691192
4.063420066
4.042900244
4.051872199
8.090815093
4.060906342
11.270657119
47.534507062
.041457706
4.048474004
11.265122279
15.297886583
8.087515693
.032835355
15.278099635
4.049541726
4.076561867
4.059528590
11.270045726
4.065661654
.033758925
.031578663
4.043075704
.026563938
8.065480800
.037988414
.035409505
.055215708
.046095811
.029102375
.025422658
15.274159921
.031706549
.027355332
11.248929927
4.054634762
.030412630
4.056015726
.031793044
4.055757436
.045233994
.025634370
4.050377911
4.050522449
15.278658201
4.049570191
.030897461
.027074453
4.066486991
4.048354930
11.253716031
.028326485
.026914729
.022640170
4.050471892
.030000875
8.062056360
.037878528
11.249013769
11.254723104
4.059013858
4.056090981
8.076134049
15.280193367
.036474746
.026831769
.024598576
4.050695526
11.263844275
4.055673552
.032295504
4.052198915
4.052421308
11.257102216
4.054753157
11.258712141
4.055059003
4.048665667
11.256938903
.043097047
15.283607009
4.062033991
.029832228
.026976321
24.206714240
4.077964441
8.069730107
.035899424
4.053744142
11.256299022
.033566003
4.025646265
4.065348825
4.057113243
8.076065239
4.051451704
4.054031621
12.087027747
4.049839006
4.045320786
8.098537877
.035437970
4.043543189
4.060145787
11.258172512
4.059782529
8.067733444
.037315388
8.081789923
4.070737007
.035198154
4.053894792
4.066656986
.027057326
.028500821
4.069758568
.027613978
8.066717404
11.260559998
11.255469624
.029725533
15.274703940
4.062729006
4.049240677
4.058898303
.031431023
.031797530
11.251081370
4.057333121
15.284796515
.031636922
.023909663
4.049200187
11.262281044
4.048297335
4.071996908
4.063315236
4.042927095
4.053837765
11.251693283
4.051946466
4.046911074
.036112821
11.245125774
4.060399333
4.050940576
4.074463241
11.271609360
4.051378998
11.241875278
.051621209
4.046701613
.036827158
4.066465950
4.050038023
11.264037969
8.077455533
4.071544164
.030763258
4.061081971
.038918686
4.047841015
.042040169
.049915839
4.061655063
.041292575
