.053625344
.022742010
.026093346
.020363289
.030061480
.024169702
.018343022
.023973062
.044926822
15.270455745
.031281565
.027314663
11.262177200
.042654637
.037704521
.029152199
.035043319
4.053456603
4.052624831
8.074909838
4.059854495
.037676514
4.056271664
.025410618
4.054152407
4.044343689
4.048816173
4.049927563
.034039880
4.040507735
.032978703
4.044048183
4.052287104
.033658337
.027944504
.023901257
.020237479
4.053409123
.043414668
4.059573709
.029692080
.023298192
.023483318
.026604633
.023132135
4.057209821
4.041261546
.036996907
.034320248
4.046793678
.032350078
4.060540708
.027890111
.032738924
11.250681861
4.040774062
.036763359
4.049176562
.034134834
.024093639
4.046801401
.034438705
4.050641407
11.251408420
.033871423
4.051269742
4.049640112
4.057671771
4.056563205
4.040793728
4.040481348
.034362156
.025247580
.027350062
.031598070
.025455669
11.242339093
.032033014
4.054634002
11.256319356
.030263684
4.040545034
.034628554
11.260004813
.031061851
.025144723
4.036110992
4.054731931
4.044052955
4.037730974
.037445388
15.281541176
8.064048592
.034364614
.026450520
.024558177
.021891978
.024498799
4.043844565
.025470866
4.076010170
4.052523099
.037577507
4.066478566
.029694926
4.045462239
4.057683203
.031362571
.026658816
.028535244
.024699783
4.054015909
4.021344988
.027526019
4.027888634
.035165692
4.050121979
4.053054081
.034051137
4.055074258
4.042372655
.034865197
.035262336
4.051834935
.036647551
.037604896
4.059037853
.033150805
.030048667
.025088413
.026791640
8.059260381
.023961481
8.087467271
.043383912
4.060568910
.038001390
.026031094
.027422499
.021568724
.027723106
.027131376
.026238676
.030705133
.024826234
.021971361
4.053227533
.028287137
4.054027970
.036795716
.037200713
4.037969984
4.058653562
4.052651737
.148071161
.028128259
.026054777
.025096547
.022952486
.028398358
.024528275
4.039065822
.027786173
.029615745
.027165930
.026418643
4.053267187
4.051207871
.033975444
4.041526547
.032314535
4.061707787
4.040290949
4.068807681
15.264154458
.038294988
4.038178084
.033087801
4.056059647
4.050898718
.029224044
4.041388156
.041041929
11.254019957
4.054287066
4.043466500
.033603977
4.053401138
11.243470676
11.233225824
.036121809
.024946606
.032555830
.024141083
.028993225
8.091587020
.035095598
.023579555
.023371259
4.049082077
11.272597117
.035156364
4.052058326
8.061655695
4.052262423
.027292939
4.063881422
.112964885
4.039049506
.030220648
4.056102725
.039254003
.050228844
4.057819401
4.062636215
4.063956181
4.067560673
.029253775
4.036972459
4.048681509
11.257758291
4.049233628
.042566853
.027115577
.026417567
.027173483
.026121384
.030965622
.028057157
4.056535504
4.051583781
4.064027616
.033061595
4.042991002
.031273952
.024634285
4.048519413
.033130989
.027225752
.032281193
.021289517
.023857654
.022638190
4.053334059
4.046104911
4.048212069
.031394721
4.047135617
.030533807
.023833855
.026005349
8.055913635
.028517526
11.245119492
4.061100555
8.079159471
.027755648
.026672367
4.041091272
4.054689395
.028922376
8.055576813
.033557342
.027942917
.020595766
.020962178
8.086891556
.033866439
.067758728
4.053985580
.036122934
4.059288530
4.065358952
4.064562923
.041656101
11.247428000
.029426434
.028758747
4.043862414
11.249764333
.035746905
.033255073
4.059503481
.032669648
4.057488237
.032545005
.025848567
.026621903
4.125544773
.052215680
.052853752
.032082091
.039427446
11.251339943
.042761536
4.043648310
4.066945622
4.062606589
.028780008
.024350158
.025112163
8.058315526
4.062652790
4.061696660
8.071766826
4.052982318
.036916314
4.049132860
.033081175
4.040963749
.029751300
.026533984
.027277368
.027112444
.029019998
4.051266245
.033496504
8.066003868
.032638686
8.066755215
4.049346088
4.045487741
8.085806000
8.068482763
4.043758743
4.047145881
.035082459
4.046339284
4.071443826
4.045872672
11.245643184
4.067813675
4.054916806
.031995888
.029204934
11.239381508
.030497745
.030460961
4.029634088
.039051569
.037980378
8.062412085
.033115239
.028702615
11.245826145
4.042148425
.038008110
.022751727
11.248697931
.040115375
.030833781
.031494892
.035290388
8.076145749
.037306006
.027880775
4.047186649
.031836321
4.062142177
4.071517461
4.050035260
.045209566
.030717882
28.213689639
.039718243
.029150054
4.074465816
11.252022630
4.042008437
4.056854326
.030424659
.025142738
4.042988474
.037275666
.023662888
4.028155547
.030396318
8.065254338
11.252757679
4.047143024
.036597300
4.044001154
.028654371
.031074345
.036549354
.028939397
4.045768321
.026690729
.032194533
4.061621961
.026225603
.025524496
.022608392
4.047652079
4.056350221
4.045287610
4.065697006
4.044535623
.031879962
4.048539079
.037606327
4.052491446
4.064436347
4.048183087
.034901618
4.050008006
8.072965667
4.056678294
.033133994
.036054600
.030999713
.025960912
.023917097
.023102855
.027283243
.026392771
4.045266866
4.061562376
.028071384
4.055816917
4.051855778
.029784455
.023223460
.023726790
4.044673537
4.055337670
.036531658
4.041068104
.033465971
.024999656
15.289683408
4.047087478
4.053991804
4.057052407
.029182793
.028490840
.024476201
.024902157
.021774971
.023278668
.021537306
4.039349325
4.064685728
8.065632701
4.049138672
4.056653452
.032758060
.024730617
.029126418
.025936691
8.076931245
.034429965
4.038601747
4.063990108
.028872920
.024181787
4.048535301
.046155048
.029751748
.024389577
4.047446976
15.262831931
.026031149
.024278203
4.053682598
.023455042
4.053924513
4.053795681
.041639330
.026500229
.026354229
.024290244
4.046825272
11.274981309
.027298578
.029350519
.025398818
.022383371
11.267043413
4.047771848
4.045071534
.042628031
.034894211
4.076981891
.038259729
4.042509302
8.080335055
11.255503213
.034774087
.023173794
4.072594339
4.028400694
.036756406
8.058457251
4.061525334
.035821913
4.056527995
.063136511
4.041580684
.028716338
