4.059244186
4.052972161
4.060199200
24.216386552
.032759251
4.056098237
4.053604340
4.051370370
.026180989
4.068314413
11.246559384
.041491898
.023309872
.024324716
.020220881
4.054981312
.030155483
4.078679220
4.055129071
.031884589
.024749606
.022177415
4.042224749
4.054031568
11.264371452
11.272104655
.027642574
.025176010
4.053125953
4.064196004
4.057195084
15.285151869
8.084732388
.031661896
.027482699
4.056627151
11.240669825
4.041975530
4.049388240
11.258351069
11.254218859
11.250183023
4.051021111
4.028052477
4.073730848
.030374462
4.057113908
4.064948116
11.252206520
4.060667987
4.055249504
4.044657831
11.257464213
.047647092
.027030290
15.276001853
4.059015239
4.053527269
4.053743367
.049634460
.025503545
.024321083
4.046003138
11.250533701
.040603758
.024945332
.023221951
.024303454
4.038763504
4.044598722
4.047157848
.039487458
4.035513591
.033446647
11.254768443
4.061257475
11.262322107
4.059121738
.030407120
4.049688639
4.045034850
4.054671764
4.049834184
.033391249
4.059378386
11.250968670
.032698578
11.256485292
4.067589331
11.260954931
.035845494
11.236717993
4.049595690
4.042250620
4.059609478
.035169737
.024619924
.023069963
11.245284302
4.064211132
4.057539028
4.049715087
8.068901533
11.257332724
4.056901839
4.071016949
11.246712648
.028512892
11.264997535
4.042095324
4.054573783
4.063653348
4.047344796
.028555954
.047421175
4.052654785
4.045030006
11.246512737
11.270904802
.031497089
47.538287756
11.261052336
11.257399923
4.055055282
4.061236424
.031388003
.027943269
.025571700
4.046876642
11.273980513
.026781443
.028847231
11.253694977
11.256238013
.035249704
4.049783706
.040172969
4.039617453
.029907663
11.267174793
4.049342340
.031886479
11.250735939
.041065507
4.058109866
4.050239327
4.056624685
11.240647009
.036652702
11.256369149
24.226007084
.031321670
4.043183210
.028538079
11.255789611
.025911071
8.070544687
.033839684
8.060319436
.031650074
.036240017
11.255750749
4.043890103
.029947808
.023177781
4.048077270
11.250892381
4.047373620
.054067259
4.051004099
.027720671
4.044431631
11.266338945
4.043209503
4.052253835
.031162764
4.049331052
.025676606
4.050974024
4.055974807
4.060822186
24.209258476
8.081004138
4.046175231
.033121812
11.249381295
.034238665
11.254136122
.035172968
.023842713
4.041215052
.030450489
.026426118
.022182284
11.245180412
.042690551
4.056644486
4.052797637
11.254691655
4.055298672
4.070069055
11.239755712
.029272973
.024799397
.023441529
.028419784
4.056566418
4.049023628
4.063907984
22.479099145
8.082860045
4.060053461
4.058098736
4.059994876
4.055862882
4.058593587
4.044499930
.028532827
.021069998
.020232980
4.044369710
4.049470269
.026127811
.025066497
.021501628
4.036462947
24.215931624
.028123419
.022819393
4.038718374
.028354921
.022735054
11.252333953
4.052922159
.030218617
.026033156
.021934947
4.038493770
4.054159621
4.044685547
4.067670297
.032184604
4.051666875
4.051381580
11.242946825
15.274460918
4.054067909
11.276624493
.034015234
4.049969633
.031537850
.021920958
4.043357772
.031968023
11.237287549
.038782852
.042015659
.028805746
4.047676309
4.062851136
4.046186040
.042458371
.027302749
11.249728829
.034996345
4.051075699
.025138428
.024531371
.047203684
11.257301026
4.046872401
.031492392
.021001052
4.029546413
11.251814740
.031734572
8.061563601
.026868724
4.047793435
11.246910057
4.063353511
24.229907108
.032520860
4.051094139
24.235572887
.028145516
47.526393634
4.048861740
11.238805996
.033001811
11.251608945
4.066444638
11.252541697
.031246107
4.065289096
4.065402638
.033185120
11.252745953
.040474924
4.057833868
4.048437664
11.246899298
.037312834
.024262242
.020767029
4.046197314
4.039739572
4.053358682
11.247073416
4.051616619
.027168734
4.048399963
15.277519348
4.056209566
4.058851371
4.067584089
11.251036753
11.255863513
11.271498138
11.252064830
4.055340884
4.056144927
.035137530
.029888547
8.067206662
4.059808611
8.078435270
.029088700
.020422591
11.252159390
15.286143366
.033100621
11.240958931
4.053173518
11.263235110
.031106259
4.056097960
.029072483
.026632952
4.039003290
4.056184572
11.267311734
4.047298431
.030756702
4.042308092
4.057011617
.039636140
11.254473377
11.259715610
11.252741374
.036501140
.025147339
4.050247226
15.290488693
4.045598968
.033921606
11.252020875
4.064651052
.038193446
4.040697837
.029824556
.031110196
.027418737
11.282136789
4.067504585
4.055943645
.029819887
.026108261
4.041328127
.033303718
4.062508898
.037179387
4.044225996
.029341421
.027827696
4.041731660
8.072113246
24.212676973
8.077487743
11.262963204
15.282702499
.028496458
.029586164
8.064833772
4.051829557
4.054690728
4.045380855
4.045764918
4.057358560
4.049606382
4.055425849
4.047083810
15.274145537
11.259243572
.029030642
4.046462697
.045247986
11.247709294
4.052718126
4.040039140
11.254079941
.031119398
11.233477808
.036585063
4.043136673
.028096120
4.050282270
24.208892847
24.220415834
.031220291
15.281745418
.034501372
15.274579604
.031380324
4.054300928
24.234478225
4.051555217
.027394947
11.257825425
4.058040284
4.049453390
.035195183
4.045033866
4.049420646
11.249883352
.037954578
4.053740206
4.053604930
.030627964
4.060156540
11.271288629
11.266352565
.032961311
8.061574940
8.086976118
11.257597707
11.276413688
.032366283
.032644693
4.047053860
24.228819317
.036700650
4.040440123
.029357428
4.047315604
4.049271814
4.052697617
.051454258
22.475716738
.037407219
11.243712371
.033216056
11.249117050
.027446468
.025368053
24.216931524
.043951248
4.047661264
11.239052552
.035772420
4.055320979
.034100954
8.070845747
.027748379
11.246838056
4.044054756
11.257986073
4.052796448
15.274474363
4.047044402
24.226465783
4.045608765
4.050729908
.029529050
24.212705779
4.047548933
4.058028256
.031952832
.025150933
.021014561
4.041715346
4.053973257
.033460176
4.052248876
4.053352061
.031727962
8.095197294
.035484391
24.207189097
4.059056657
4.052883044
.030430697
4.052076838
4.046156962
4.059289979
4.058461246
4.059551640
.033221264
11.243456585
.031500008
