.039594725
.020013481
4.037266259
.027620477
.042204568
.027240779
.022222211
.022010092
.022732739
.022365790
.022996190
.054114443
4.064043301
.026287847
.021971260
.021818139
.022085548
.021271947
.017532217
.019883235
.021895262
.020434386
.020960330
.020992663
.021540772
.020069147
.022104839
.022246460
.028491161
4.038709802
.049712400
.024646601
4.054708104
.037862065
4.052154342
.027260778
.027924093
.021640061
.020420095
4.051487486
.046439825
.025063840
.021938344
.024653977
4.039476447
.030048575
.026065937
.023918164
4.054130078
.030035451
4.047448932
4.052835948
.030139698
.019748656
.023334847
.019571619
4.044821422
4.055180757
.034062171
4.049891614
.029081894
.030236070
.019164213
.023113519
.018980594
.024080701
4.044078985
.034614572
.022014592
.021112450
.021114742
.023330639
.018480649
.025315041
4.052213924
.029639962
.036995256
4.043327214
.025626824
.023189184
.022829277
4.065114479
.026895622
.023790167
4.044863587
.032263180
.027013119
.021668893
.026771500
4.043321256
.028207002
.019842944
.020567424
.023167768
.022703864
.028230709
.025851360
4.038010530
.024562521
.021788556
.024094576
.021980051
.023908913
.019710323
.023426552
4.040661247
.035204181
.027831262
4.041933419
.032922620
4.044066193
.032723542
.021313945
.022494537
4.063792683
.026000105
.022353790
.028013424
.025964356
4.045585151
.034623698
.023345721
.021431108
.021891679
.023439719
.022000259
.043149774
.024319043
.025791274
.026122214
4.040678880
.028918582
.025704684
.022299106
.020275502
.025548923
.022336900
.022562041
.020272918
.020188662
.020895463
.020626235
.021531259
4.037722417
4.044365229
8.066723383
.026272098
.030616601
.023430510
4.054263199
4.066448567
.032751875
.020802084
.018951386
.020980954
.022770321
.024395067
.020642213
.021113492
4.041457642
.028762903
4.052875572
.026826999
.022689573
.019457539
4.049064470
4.065032398
.028187044
.024070410
.018284238
.021313570
.025060049
.020760044
.023450010
.050823033
4.050659587
.029882695
4.050756055
.030595504
.023629289
4.050856230
.026297039
4.049126922
.027922089
.021771940
.026003801
4.047430812
.046086865
.027411499
.021339092
.022628714
.023252364
.021643814
.019222782
.021058406
.022172111
.021337301
.036230196
.022067093
4.057739846
.029274116
.021273565
4.035694790
.034283723
.051502074
4.040329660
4.060287439
.028157187
.022556696
.022624020
.019784759
.021882949
4.041313285
.038118996
.023438666
.020723222
.020226619
.020637191
.020793922
.023923021
.020683394
4.046622063
4.058996896
.032022234
.025259850
4.054751898
.030108020
4.046868014
.028027882
4.055596829
.034334830
.031088504
.021974551
.022759237
.023916039
4.039453073
4.063206283
.028893524
4.039555361
.026426635
.023977329
4.058212297
.032147642
.023181434
.021099660
.023429427
.023391887
.020556425
.019973732
.022224545
4.046627372
.028878234
.026944787
.023525342
.020982538
.020373596
.026253556
.023116727
.027431440
.020210143
4.058724783
.029163767
.020999870
.020576841
.022409248
.021339778
.022451580
4.034873659
.030136114
8.068852427
4.048519860
4.055051761
.024788098
.023797584
.026999578
.025584450
.023820958
.023769752
.023617964
.025796194
.021178948
.020637964
.023304056
.020935206
.023441927
.021075785
.020350597
.034906273
.021095492
4.038316188
4.048994222
.028851484
4.045819394
.024943677
.023153976
.019554660
.020393804
4.044382184
.029556215
.024979759
11.248570528
.030844720
.023653296
.023072854
.023291723
.023673754
.022483579
.020766294
.020044356
.019718489
.023744044
4.052940112
.031520409
.025541577
.019959275
.022648450
4.046003847
.047401048
.028934148
.027199821
.021500648
.020543300
.021867013
.023646171
.022134631
.020622048
.024636560
4.041281521
.035468632
.025736779
.021895429
.020999495
.020627548
.018915387
.025086048
.047990074
.026482217
.024923677
4.037780328
.035702751
4.058737824
.027727016
.023273640
4.052278921
.029087519
.023301515
.019733864
.019344833
.020194601
.022393957
.022876485
.023314723
.019950150
.021501190
.022210712
.023076603
.032486715
.021241113
.019754031
.020379096
4.035060404
.030818054
.031273583
4.047745632
.025775070
.024818472
.022828361
4.043318547
.027778473
.023682212
4.045399240
.028998522
.023815166
4.048767145
.028515827
.020614839
.021164783
.020498343
.026218891
.019923525
4.041842797
.030291027
.025744946
.022031758
.021603687
.022907233
4.045887809
4.072615144
.028839443
.025533493
.020431053
.020796710
.024745057
.020429386
4.048244191
.030746513
.023030891
.018381073
.021349939
.024616323
.027739544
4.038460809
.027952693
.020977100
.019591537
4.044759274
.044523892
.022424076
.019414295
.022273317
.022894749
.020892909
.023265874
.021677899
.020465839
.022670800
4.040346707
.029980619
.019213337
.021021221
.020571239
.024697102
.024765545
.021161440
.021241590
.021178146
.020730412
4.032458326
.029032128
.025997478
.045036691
.022429740
.024122192
.020632479
4.036539510
.031996550
.024733092
.023521946
.048739832
.030689641
4.047680596
.037707854
.027358181
.018485676
.019255837
.020857477
.019947931
11.245687148
.029114124
.020727205
.021751180
.020728033
.021972589
.019211164
4.042862181
.031083081
.022071890
.020214097
4.062609132
.031811164
.023836076
.020262376
4.050477943
.020027470
.017662833
.025212725
.021548254
.023700189
.020858034
4.039003021
.027593275
.023312025
.019723663
.025481789
4.022050052
.022989181
.027940238
.019992311
.019928367
.023892770
4.058624226
.025403015
4.044864559
.026465277
4.053863833
.030754441
4.052684722
.026147973
.023567634
.025695741
.023763799
4.058153705
.024464934
.022930153
.023311192
.020610881
.021199332
4.048364324
.041421968
.024383242
