.043199734
.018164342
.020376289
.023817339
.020241698
.021187996
.026692068
.018489025
.017976878
.019944146
.025199248
.021748071
.021180709
4.057475737
.022974861
.021892017
.018908570
.024325852
.019307965
.019166083
.022078193
.024098882
.021537750
.022582224
.018293957
.022034987
.025088773
.020032132
.016670206
.022443509
.023339435
.017251490
.023164759
.020203354
.021431168
4.023258336
.025282265
.019066146
.018791715
.020511556
.018763338
4.042021740
.023568613
.020836172
.020052509
.022716488
.028090989
.020327899
.019249465
.022397012
.019077039
.021023608
.023412238
.017960273
.018051196
.022040664
.020727967
.020988231
.022162258
4.044915093
.024943470
.017460346
.017358632
.019180983
.030702748
.021589204
.025757395
.020000032
4.029558990
.027439967
.018134317
.017348397
.018113360
.019555233
.018502716
.021884782
.016215670
.021851364
.028099593
.017078760
.017222729
.022724042
.022724501
.016450352
.022351479
4.037857438
.026601781
.022375667
.024307362
.021872430
.021785175
.020607024
.021525159
.020292630
4.037711121
.022921713
.020419363
.017331965
.022938375
.019624707
.019559100
.024323342
.022415076
.017065841
.025198768
.023285420
4.031460509
.020228205
.023269208
.022276022
.020165392
.021095887
.018839297
.018042432
.021303122
.023270128
.022843453
.023781862
.027409078
.015136438
.015651380
4.045061871
.028496121
.021216613
.020364221
.019222199
.021271931
.019590682
.016785324
.014758838
.016998016
.018836722
4.045674175
.027128413
.021307256
.021479250
.022288653
.012425602
.015110242
4.045251285
.022870828
.024167724
.021282845
.020941064
.021297550
.018827018
.018639319
.025061729
.020645478
.018591957
.023541437
.020074093
.022522923
4.030453196
.026731272
.021625710
.017334092
.020178481
.018888042
.022433740
.022272117
.022037473
.024647217
.022569660
.018154701
.020387257
.023588298
.021740887
.019928424
.023496948
.024862950
.019632297
.024421738
.023299836
.023988148
.022627062
.023478620
.021564685
.021627627
.020539841
.021447759
.022197428
.021672239
.018794984
.022472271
.022440113
.018876962
.019266106
.024796135
.021406811
.021381985
4.044688476
.024170473
.023977233
.020927610
.023731801
.023292837
.017008265
.023230313
.026369288
.021388608
.018753995
.020035270
.018534598
.020709295
.018482111
.021514699
.026253153
.021429597
.021728849
.026008387
.023521025
.018527891
4.030200605
.024306602
.024693747
.021191329
.024476764
.024528583
.022800722
.025060854
.023452127
4.040286721
.027425958
.018191608
.024341676
.019582978
.020479732
.024840206
.019805791
.021821074
.024029553
.019717399
.021976323
.024560074
.018812146
.019781798
.020572081
.018752580
.019691364
.020484356
.019175839
.026639256
.015444984
.019829160
.019316342
.022934894
4.040819415
.022564154
.021620164
.021261231
.019212712
.020342735
.019931764
.022372092
.019873072
.019693871
.026559178
.023758862
.021322698
.021920242
.018027934
.021760577
.022437724
.025207918
.021245249
.025505378
.014982707
.015331486
.020393231
.025073830
.021342431
.019092419
.020224735
.025274316
.021259494
.018909427
.021162646
.019194225
.017278664
.022222066
8.033661070
.028280993
.016074857
.021262689
.019124228
.021532086
.021330932
.022375569
.020651280
4.029789038
.024331390
.022357082
.017167526
.018492876
.020549112
.017094546
.022556778
.020048747
.017835424
.023801560
.023771277
.018138592
.017856460
.026197495
.038110551
.025557778
.020882609
4.040223776
.026303475
4.033760820
.024552413
.021797345
.028141131
4.024999677
.025910340
.021133425
.021071958
.019155334
.015805647
.019894513
.024953424
.022208690
.022182187
.020966445
.021317865
.020911646
.021478429
.017968387
.020959736
4.027305561
.026230799
4.043612314
.022117303
.021976869
.024006425
.023393761
.019825004
.020395620
.022940494
.020288857
.020838761
.018387150
.016610252
.016625378
4.048297510
.027114914
.018442199
4.032423313
.023304875
.021887315
4.042248678
.021401418
.022748510
.022115887
.022125680
.021482679
.021565356
.020413539
.020873307
.020050617
.018015935
4.048147657
.022364836
.021806721
.019564804
4.042146040
.024232538
.020418290
.018553963
.018580842
.021847351
.020770544
.017234207
.020818926
.017581003
.027959316
.018086361
4.033365518
4.046512651
.023554032
.019839798
11.240552058
.026398598
.020377831
.023428841
.021400154
4.043559350
.024321576
.017874545
.022631732
.021851959
.024581043
.022541897
.016055074
.024620585
.019141626
.018562192
4.032448386
.026680148
4.040301334
4.050906700
.023260711
.019808522
.024016483
.020210409
.020702174
.022235054
4.035164177
.021037059
.021172355
.020068905
.021544408
.020011986
.022804071
.019890940
4.038523072
.024158029
.022763778
.019306172
.021298609
.021394529
.019739603
4.035152510
.019353216
.015824525
.017700833
.017420199
.022118509
.020836594
4.045055479
.027613926
.018486773
.018485481
.018200223
.019861856
.018940245
.022499395
.026000878
.019243921
.019694685
.021409862
4.048018986
.026329846
4.045920047
.022978451
.022836406
.025859957
.021743955
.021002183
.019283548
.017592537
.019006955
.040528904
.022046173
.021676328
.043547871
4.040335168
.025321190
.017496785
.019775270
.017303112
.020395831
.022284722
.016868848
.021530783
.020435832
.019232712
.022224428
4.039220676
.028423785
.021688621
.017726124
.014753951
.017903213
.022548189
.025318648
4.042519694
.024248657
.018399104
.022757112
.018146179
.020536794
.023049954
4.036762184
4.037141529
4.039863945
.023900146
.019472095
.019547389
.020971932
.022957243
.022740903
.019964777
.020969599
.022590815
.020827886
.018499356
.017934339
.017312779
