4.075518455
15.280403463
4.054217822
.033672573
.025247700
4.071422671
4.050799010
.028523670
.023317897
4.048349029
11.271591376
8.055974742
4.049655587
4.055922848
4.057297798
4.061133548
4.055669430
4.053415367
4.073263688
.034626849
11.261789046
.034579760
4.052337474
4.056229068
4.059751579
8.070431303
4.068672218
.044090004
4.052371309
.029537211
15.269746546
4.062868208
.034941973
4.063639626
.036240731
.023737736
4.057259616
.036251356
8.076386413
.035525310
4.049130261
.030720671
4.055938141
4.050415699
8.071786670
4.053532769
.030328874
4.067508005
.030143165
4.044621100
11.255454189
4.052066460
.039400477
4.041409260
.049611658
.030383613
4.044945131
.031887533
4.050515941
4.061176054
.034409371
.033015075
4.063705645
.032474616
.023990346
15.288378323
11.268705471
11.258381033
8.064234942
.037686329
4.072049120
4.056240028
11.248385342
8.077502731
11.252815199
8.069493797
.035644145
4.042491346
4.048578550
8.064679465
.034010099
4.057834065
4.053844296
.034242348
.026648543
4.053684933
4.071939075
.033235486
8.078534894
4.057598359
8.075842382
.031354138
8.073083529
12.096974737
8.084426446
4.050127293
4.052256832
4.050719400
4.056970334
.035546556
11.239974630
.033808948
4.043017872
4.053213963
11.255347985
4.053411043
4.054502720
24.214713919
4.055173103
4.057394085
4.057126082
.032600306
.027997258
.024757847
4.048956579
.033510274
.019830503
8.086817747
4.064494661
.027339083
4.055772734
4.062115719
11.244468107
8.068447301
8.063908253
15.275377469
.029602151
4.047160020
24.226796382
.034136781
4.031562851
4.059802569
4.050409386
4.058150718
.035890883
4.045313164
.053255110
.029954403
.030379699
11.258972386
24.221400782
15.285825146
.052366725
4.051465563
.035180959
.026326781
11.252026937
4.049401958
4.051998903
.035554671
4.044517739
.031593879
4.040251819
.035048374
4.060240532
8.074892161
.040533808
4.061832007
4.045837586
4.057255625
.032193718
.024396177
8.082463033
4.054546763
4.055339813
4.055959445
4.063539192
.032794058
.023686294
4.043255101
.034825039
8.084367346
4.059958571
11.260120065
12.094361800
.032010092
.028019674
4.047599523
4.051215519
4.057759589
.032970936
.028636388
8.062072607
.036419389
4.060907290
4.058878434
.032843184
8.065342851
4.062865685
.030701828
4.053602128
.031207167
.025047267
.043887551
.032617889
4.048532907
4.049623336
11.256875739
.036239387
.024946099
4.064513661
4.069620674
8.071534042
.034950914
4.049624169
4.062865477
8.085390732
.031538420
11.244111228
4.069088418
.031918132
4.064636621
.030109321
8.069731982
.035882716
.024428885
.023832879
11.252070813
.032357303
4.042674886
.034716496
8.072012839
.036672682
.027516585
.024020714
4.046497510
8.073486021
.034067238
4.049026454
.035228418
11.256669570
.034115823
4.045074079
4.054143633
4.066142762
.024539721
4.050303551
4.058098384
8.071585959
4.050447220
4.059813611
.044492808
.025099434
8.062809241
.035824591
.025672941
4.046689887
4.053490085
4.050328968
4.056336074
.030468409
.023420042
.021069849
.023787170
.028369052
8.072418177
4.051717691
4.035086889
4.049396750
.048505893
4.061062551
4.061750122
4.042271611
.031796606
.031174788
.027531467
47.515464220
.042290807
.036905795
8.074781924
.035020932
8.079616164
4.060681023
.032116656
.038505269
.025380470
.025878227
4.053855699
.030095414
15.265283093
8.056899547
.036373658
.028035489
.024819059
8.059374412
.030128694
4.044427427
.029497619
4.032853262
4.070817635
.027571432
8.064834000
4.059091205
4.054783676
.039754832
4.046101449
4.063804113
4.043880517
.039414608
4.052474599
.031582482
4.058546248
.027207446
.023369583
4.042645896
4.063543399
.041067515
.030928926
.026635536
4.042647712
4.057824457
4.053015100
.034026782
4.052502227
11.259341655
4.041711607
4.060296159
8.072606822
.039281427
4.041822251
.034966548
.025179185
4.040417674
4.039213970
4.068141117
15.274295438
8.061756336
.031963607
11.242299315
4.056754879
4.050939833
.040931358
.045859813
4.037699586
4.060127891
.039683437
.027033090
8.081836174
.034869308
4.057903031
8.065563184
4.067743936
4.041001710
4.052582229
15.245973576
4.057742057
4.053475306
.071470574
.029628669
8.083245637
.034384658
.025877729
4.064551736
4.055872145
8.093583149
11.257083097
8.048408996
.035763178
4.056132406
11.255165681
.034292293
4.057326975
4.051684597
.035114444
11.250526951
4.061275671
4.048064067
.040218116
.027257987
.022356888
4.048616425
4.058324338
4.055476613
.033277297
.024536181
.028100966
4.040915325
4.048940197
4.053613468
.027989152
4.053200799
.028229302
4.051727104
.031537713
.024174332
11.245286040
.033836201
4.060694945
4.060669584
15.279519461
4.053215104
.038646524
.025551917
.026487784
.028114908
.025011819
.045163298
15.282620693
.031310335
4.054901185
4.054322601
4.050352953
4.062848887
.037969241
11.249303367
8.082843788
11.256328603
.034027344
8.064697019
.036255179
.035101752
4.075445209
4.059371320
15.282221188
4.059575699
4.056679322
.030400068
.053620835
4.052264912
4.053782711
4.051173254
.033440485
4.061901906
.033598328
4.063563920
.030422858
.026431903
4.046920539
4.072210520
11.276193404
4.050191796
4.059715556
15.274922242
4.073442669
4.052972696
.036552734
4.052852159
24.213283451
24.219302110
11.249122078
15.293108342
4.052798016
4.069923080
4.049044489
11.250768453
.039158481
4.062438942
.029301866
11.247719623
4.064247696
.038818244
.022194639
.023228067
.022202638
.026174864
.020691867
4.048188050
11.270116612
4.051608701
4.061955780
.034934629
4.046261736
.027482362
8.068008265
.029866304
4.071944231
.049490057
.026724023
4.050933885
11.256727051
.032167714
4.050183990
.034111809
11.252564766
.028050798
8.066582512
.031063089
11.246845210
4.058235451
4.053624025
11.251557401
4.053169741
4.055263217
.031556723
.026057120
.022951261
.029553451
.028282543
.025421999
.025236596
11.246630186
.031892486
8.078155981
11.251523213
4.051058100
4.061613117
.030371123
8.063309319
15.277350217
4.058201797
