.040090907
.016023862
.025174838
.021468081
.020126912
.022586750
.016746906
.015085069
.024099002
.025440505
.025206463
.015543237
.014485485
.013842942
.016388738
.018957868
.014706026
.013756275
.014273651
.014405818
.019108660
.015477237
.017379407
.016773655
.017225573
.018427367
.020774204
.016158321
.015351278
.014979319
.022243957
.018674908
.023871210
.022294166
.023297667
.016645572
.017832032
.018902826
.017628699
.018731576
.019228493
.027211091
.022752666
.019725370
.013573774
.015718028
.022091290
.013860733
.014927444
.013962317
.018532950
.020756871
.014116442
.017201489
.016520571
.023237208
.025463629
.019123076
.018988034
.018879325
.023665001
.012144105
.015718153
.020114744
.017991991
.021219663
.025382046
.022840499
.019186118
.020393287
.021773330
.020310828
.023183500
.021357788
.021049913
.026532964
.021562664
.023135125
.013855775
.017171656
.016964530
.018974742
.024201544
.024047418
.024987420
.019450368
.019609827
.024438211
.021731247
.019203951
.022807707
.022449040
.022212415
.023940209
.016659072
.015264153
.018091866
.018793492
.019698285
.024942795
.023945418
.024890211
.023141374
.018326699
.016270904
.014934151
.020638245
.023045000
.019933994
.019643535
.019550118
.019815786
.022484623
.023615333
.022181206
.019352077
.022697916
.023417500
.020881704
.018807450
.024379710
.023423917
.025417962
.023180250
.023943167
.017635907
.018863784
.020623286
.022224623
.019888286
.022755332
.018867826
.023923459
.025545003
.020293911
.020763579
.015588944
.027738382
.025575296
.020567912
.024655002
.023342708
.021542539
.019386868
.023073249
.025011794
.022396040
.019109408
.025924088
.025452003
.020507661
.021071413
.023134165
.019706952
.021281746
.018353783
.024245418
.014026108
.019490326
.025189628
.022369457
.021816289
.017170822
.016078528
.014885527
.011730854
.025177545
.019113700
.025848171
.021684414
.025561420
.023838167
.057005642
.016132528
.021933289
.027650548
.025222461
.021054162
.028535592
.022420831
.016206611
.022692582
.024333251
.020237785
.021238538
.018792449
.018366782
.022611081
.014239233
.023969042
.024274750
.023798125
.024641252
.025770461
.023046415
.022465331
.020432244
.019367159
.017228571
.019760451
.022320539
.021461538
.023607874
.031148429
.021552038
.026638005
.016400237
.017330530
.013454065
.013667774
.015407319
.026539796
.022656123
.021897371
.026335088
.022814123
.023809208
.022953665
.018363657
.018244616
.024025792
.023516499
.021484495
.020251827
.026909255
.020940869
.025696337
.016764320
.024107376
.013663774
.013723982
.022199455
.013102981
.014804443
.018478448
.029633551
.014798859
.015466069
.017042071
.012935147
.021218203
.021540620
.022168497
.020263202
.021537079
.021948954
.020186826
.018214657
.021813454
.015302735
.023384165
.024502876
.020361202
.021552037
.020783911
.022875039
.022572288
.021118911
.020692035
.021339120
.020904411
.021552662
.019640908
.022656039
.022614164
.020396577
.024161416
.018336281
.020572536
.019337825
.019905367
.023047915
.023144539
.023206415
.020376535
.022693330
.019134616
.022465914
.019532075
.021499996
.020391285
.017231905
.021560662
.020628536
.018557782
.023788291
.021218954
.023458499
.019410866
.018674282
.020878078
.022757956
.016859237
.025770919
.021184036
.019285325
.015280235
.021873954
.022356455
.023735416
.020660411
.023840083
.020876494
.020874452
.028584007
.020175535
.021104036
.019385158
.020671827
.024369417
.022693122
.019631659
.023511957
.023276082
.023872374
.017973531
.019907243
.020134117
.021633912
.020441618
.021563328
.022519247
.020232659
.012518354
.016443403
.020154034
.020906994
.022234079
.020159618
.022796247
.018315198
.019381532
.018995491
.019018074
.020544535
.023313039
.022822164
.026033836
.025241376
.019733867
.021260827
.022656038
.018213614
.023026997
.018905241
.017915155
.021262161
.023225665
.027861797
.018313906
.022866706
.021445994
.021025661
.024572334
.019482574
.021481911
.017405821
.021751661
.029937759
.018661449
.018639698
.023311581
.023164956
.020272409
.018700698
.020218992
.019052740
.019115741
.021221369
.021238286
.020010700
.023319623
.020326743
.021039327
.020144867
.025708126
.020372451
.025379793
.025333418
.014228691
.015903485
.020523534
.020901618
.020050492
.022603621
.021407202
.024250916
.021660120
.018677573
.022596621
.019175907
.021289952
.023116247
.020868035
.026051585
.018248905
.019562199
.021319869
.018643614
.020804785
.023684665
.021324160
.021461869
.020622660
.022657455
.022667580
.020755243
.020619785
.019828658
.017783613
.018968865
.022641579
.021217160
.023503580
.024640041
.019758075
.023587206
.020539368
.022469329
.021726745
.020049242
.023591497
.021815078
.016776944
.020159825
.023915207
.017555612
.020822784
.019352490
.019121324
.022230703
.021948912
.023365164
.019317491
.022556745
.022063328
.024881499
.021328660
.021026868
.020402242
.023752914
.021159618
.021242993
.022547954
.020192617
.021027410
.019160116
.023244538
.018230572
.024438082
.021115451
.018599739
.023738081
.020349742
.020953618
.022461996
.018981990
.021158243
.018340114
.019231073
.023224205
.020465076
.022476078
.023300705
.024629416
.018452238
.022464078
.023186663
.022143453
.019081823
.022279453
.020508367
.021354327
.020976368
.021491577
.021659994
.020948451
.019929616
.022753162
.020003158
.021110701
.021345286
.018484030
.024271540
.022327412
.022717163
.022357745
.021001451
.020628159
.020731867
.021764327
.020094283
.020045574
.023962664
.022228495
.022807954
.022067036
.022925371
.020621117
.021467577
