.040365117
.019799047
.019320741
.019492705
.032343796
.024221012
.022754010
.034807619
.021189089
.022611590
.020549320
.021268216
4.036142458
.022691592
.019881925
.025855477
.020162933
.021870526
4.042998662
11.236219341
.024394226
.022327956
.021997697
.020296562
.025347171
4.040747095
8.043981448
.036519044
.024802780
.019153153
4.040543547
.023457073
4.036230169
4.038053848
.025256043
.020364564
.022424959
.020619072
.028757022
.019649293
.019242073
.018352921
.019585250
.020216310
.023915378
.019103610
.019830340
.022818304
.020843245
.024964243
.021463305
.025759683
4.037071831
.021712975
.022294517
4.033420310
.023757623
4.030950275
4.036305232
4.042990054
.021898836
.023078546
.020799580
.019075035
.019643954
4.044206386
.020393234
.033085675
.020591595
.020193289
.020967402
.019722406
4.032311764
4.036654250
.020201289
.019988096
.031142051
.020450192
.022587672
.017903283
.017758903
4.048173774
.019961219
.019153236
.019860424
.022275830
.020599529
.020072138
.030494490
.022007989
4.038210686
.025637055
.023011851
.019601916
.020726825
.021828441
.024680443
.021444638
.018941230
.020872621
.018088580
.021920444
.021504849
.021282842
.018679764
.020881830
4.031555321
.021683478
.022489586
.033344742
4.027502576
.022314580
.021084669
.019810214
8.041219866
.031153302
.021047793
4.031177227
4.039748273
4.027669623
.023841251
4.032213966
.025146539
.020782410
.023143272
.020569195
.021792190
.021718646
.020427817
.029438001
.017373058
.022189577
.019007732
.020781826
.019759046
.021269007
.023941712
.024325807
4.041550202
.021698062
4.045414065
.020706587
.022634076
.020506226
.019282729
.018277882
.018071731
.021078727
.022569581
.018784847
.021414287
.022496212
.019658244
.018511241
4.029928722
.026924650
.021293046
4.039509674
.022584497
.022837479
4.030940693
.027771882
4.036500802
.035928101
.026724706
.019501547
.024516194
4.032506499
.024101432
4.025329128
.025811812
.020328364
.020426856
.022965678
.020365611
.020748000
.019677451
.022025494
.023531055
.017793917
.018766473
.019145155
.019863480
.020026218
.019871312
.018569154
.020814746
.019150113
.020332363
.017692132
4.046411397
.022658783
4.041007236
.025938219
11.229743211
.022472629
.024470739
.023122876
.022295017
.025269766
.018369001
.020256369
4.031749302
.026592465
4.042339087
.025174416
.020612488
.021120420
.018216209
.026103444
.018242584
.020698199
4.035551815
.022029906
.029002862
.031942075
.021801190
.020453858
.019398119
.022068448
.020742534
.026612250
.019715420
.022580547
.023334736
.018345921
.023801875
.022443417
.021541308
.019350493
.019510081
.030117438
4.032577644
4.043453883
.021478847
.023092062
.020827370
.020891246
4.046056336
.025442673
.020961041
4.047733593
.024771594
.020589137
.020868575
.019580416
.019873771
.020216663
.019767862
.019762403
.021196678
.019522712
4.039007293
.022851020
.019029955
.020430315
.017980279
.024076767
.022244645
.025244351
.024558233
.020577721
.018088562
.019955306
.028400630
.018822552
.017816582
.022319099
.021686643
4.032404923
.023184080
.023748957
.022634077
.020208081
4.039022833
.024422284
4.039284232
.022407343
.022509377
.019702033
4.033916025
4.032996965
4.043004886
.023606883
.024464531
4.039300064
.022962720
4.031651309
4.041559947
4.039099245
.024330499
.019767819
.021040564
.018928337
.021732223
4.043919656
.023468143
.020405400
.020228204
.020859576
.020871617
.020349154
.020672340
.021181846
4.030620688
4.038298605
.023389363
.021547141
.027268562
.019709003
.020154558
.021048960
.019903384
.023538909
11.223972851
.021026334
.023725331
4.044328035
.022230703
.022293872
.017875615
.018185916
.018161249
.018959564
.023521992
.019331992
.019479830
.020364273
.018077997
8.038916423
.024646816
.022284122
.026810340
.020537528
.026206113
.019338201
.019738004
.020543319
4.029641264
4.035512648
.021536974
.024481186
4.023465331
4.041459574
.022148242
.020836745
.022012196
.018626679
.020389774
.019767129
.018725766
.018804643
4.033301707
.026508289
.022851763
.020085472
.020838995
11.236620144
.022901306
.021968862
.024911866
.016452864
4.030926053
.025459216
.020101515
.021077461
.017720277
4.032813067
.022398416
.020922914
.023915545
.017744528
.020879871
.019873716
.020377314
4.030397579
.019971094
.019864175
4.033753554
.022108533
.033149153
.025295086
.018488175
.020981207
4.038865164
4.036493635
.022477627
.023566159
.022582506
.017739653
.021073293
.020723658
.019497080
4.041276236
.021472806
.019894092
.019568416
.026366492
.022561671
4.035641943
.024747528
.020451192
.020495860
.020354355
4.031901165
.021567308
.023436531
.020799535
.022430417
.017855156
4.033543714
.019968927
.020300229
.021547766
4.033302665
.023655162
.021025792
.021435138
.019256281
.018520176
.022031947
.021108670
.019466162
.020470150
.019845257
.017849490
.020530277
.018467508
.021732146
.019319491
.018519010
.019444287
.020608738
.018571594
.019018065
.018532677
.025140831
.026361076
.021180088
.016401988
.017879907
4.035044133
.022223328
.021413304
.028442263
.020362523
.024634858
.020522319
.021411470
.019640542
.018316128
.020496360
.021821816
.019111527
4.034024561
.020254227
.020859454
.022439917
.018300711
.021023792
.022769260
.021780148
.020874996
.021762356
.023733539
.020016763
.017773821
.018738182
.019104360
.021786065
.017129593
.019963053
4.031360733
.023932337
.020625405
.026743962
.019914551
.022400500
.022002197
4.037279075
.021972029
.023095271
.020096473
.022027364
.020368481
.018620346
.018511593
.018700223
4.025125547
4.050371172
.024961909
.023405863
.023810875
.021226632
.020790410
.020623405
.020551445
.033181820
.017356558
4.053296552
