.028663506
.007452342
.011382012
.014873476
.014712316
.010320483
.012484421
.017417456
.015974637
.015755889
.021335961
.013939994
.016718219
.014424948
.013323125
.014171493
.015387814
.008800376
.011882184
.014014874
.008118469
.010463530
.007715347
.015712941
.015084614
.014355250
.015394074
.015062160
.013387550
.015176159
.014811871
.014713123
.012875975
.014377171
.014252880
.012981558
.013609552
.013837467
.013336805
.010176542
.014126177
.020941204
.016402950
.013680514
.008292058
.012786942
.026201587
.013322396
.014631969
.014759176
.015026466
.016429163
.013261067
.013484982
.012308907
.015948630
.014925846
.013723563
.015389050
.014458270
.014614353
.015170890
.017008335
.015301556
.015625470
.015190306
.010104721
.014472691
.013981527
.015513058
.013366157
.011304504
.013704325
.024231629
.020909902
.016004310
.015227398
.016099851
.016143975
.014293450
.020052121
.015567650
.014088201
.020425452
.014388991
.006875081
.008099117
.012040593
.013323085
.014885867
.016505773
.018349553
.013440417
.013254505
.012875133
.014853495
.012669259
.017381106
.015414326
.015227622
.011123396
.012641387
.015571746
.016256700
.016242825
.013025510
.014009800
.018639858
.013729677
.016891867
.015930207
.015532708
.016262288
.015977876
.014885882
.015676003
.014113845
.016979455
.015146964
.013869513
.015046969
.014014765
.013530434
.016407878
.014573804
.014491680
.015713885
.016339800
.015822969
.015152971
.014579182
.014469725
.016780297
.014926018
.014884809
.016252720
.012727777
.014355312
.015800639
.013408191
.012729364
.015159479
.015311853
.016512973
.018646256
.011005287
.013115904
.012643326
.013505531
.012925241
.016711310
.016701893
.015076733
.015795692
.016783521
.014739821
.014125948
.015476026
.010026672
.016181149
.015433988
.007929431
.014780157
.014551242
.015612362
.013961160
.021203760
.015664158
.016497404
.015380783
.014720369
.012240835
.012641126
.013027375
.010544885
.014238916
.017223698
.014435706
.014109541
.014815913
.013737878
.018955239
.020373484
.014366127
.015483873
.017690409
.014709042
.015605084
.016161792
.012806758
.016113250
.014467671
.013898506
.013640340
.016075336
.012320262
.015172964
.013674884
.014299549
.015351380
.014176216
.013388012
.015180259
.015895423
.015401008
.010968142
.012050932
.014851429
.014242347
.015839593
.014600888
.015842885
.013176599
.014839054
.016926803
.015788222
.016637012
.013852059
.013460226
.014039766
.013883475
.015321434
.015338600
.014026894
.013561395
.015154101
.015903517
.012072398
.016159144
.014195980
.016346769
.014088689
.015903853
.014894021
.016624188
.016826104
.014663982
.014430900
.014228774
.015933897
.013726442
.013741444
.014289069
.013270861
.008572408
.010356281
.013158486
.015028276
.013879280
.013848739
.013782489
.013682988
.014884405
.015229529
.009253368
.009225244
.013710658
.013098866
.013061158
.015176823
.014749657
.011960201
.016698367
.014405827
.014615410
.012994577
.016066118
.016796784
.014487162
.013041955
.014759163
.013699246
.015246204
.015072371
.015411621
.013186832
.016246456
.015968206
.016149165
.016106207
.014161540
.015255540
.014198168
.014460543
.015650292
.016019751
.013208084
.015729292
.008639669
.006928085
.012841711
.014443003
.013899378
.013104503
.014637336
.015577131
.014494714
.009661337
.013762130
.015543964
.016143839
.014192672
.015573050
.015459676
.012919424
.014709341
.018371468
.015433508
.014568633
.014689885
.013994801
.018772014
.011729675
.017640971
.014626886
.018415471
.012449053
.013940803
.015080846
.015052138
.014196846
.016713639
.014425389
.011327095
.011723304
.012590096
.013685973
.015754141
.015671183
.015442101
.016997395
.014437808
.014937726
.014124641
.012261390
.013701307
.014869728
.016147605
.016563272
.015475604
.015166770
.015014853
.021251863
.015378481
.015004272
.013508812
.015879356
.013837812
.016768108
.015614400
.014318773
.012856979
.016916694
.012379478
.012270812
.013241688
.015826736
.014380817
.014369317
.014534359
.012478980
.015366818
.013249690
.014310569
.015996780
.013130316
.014006735
.012036106
.013013025
.014945197
.015389823
.016032074
.014026320
.013840820
.014432904
.014399654
.014232614
.013775863
.014601948
.013140028
.014173114
.014190447
.015333325
.015618078
.015074993
.014396950
.015872787
.013811490
.014528867
.014928618
.011896488
.013150199
.013636158
.012660656
.012930824
.014903120
.014565660
.015475539
.015154914
.013708535
.016297542
.013961703
.014448870
.012766576
.014881206
.015779293
.015544709
.014488247
.013912246
.014646123
.016263504
.015315627
.014316207
.016069670
.017025798
.014120415
.013622580
.016854092
.016023839
.015038836
.013989125
.015302878
.014094417
.013186415
.015094588
.015450964
.015703132
.013008040
.014525545
.014408628
.014592505
.015646549
.016170343
.017879473
.015688258
.017011262
.015497299
.012411833
.016015094
.015685302
.015662718
.016987389
.014694799
.015307259
.010094952
.014784343
.016146014
.015404678
.015939180
.014475132
.013187088
.015805055
.014852636
.014722386
.014928511
.014498552
.015560555
.014349969
.014369928
.016049808
.017044854
.015805974
.013178965
.016675061
.015343432
.013447675
.014513096
.014938931
.015587892
.014079428
.012692715
.016150396
.012800383
.016482564
.014643557
.015744519
.015510435
.014668558
.013172553
.014749517
.016700399
.016373607
.014173057
.012817551
.016896652
.015354438
.015378188
.016443275
.017536239
.015020561
.010466709
.011235130
.012550511
.015856858
.016549195
.011987592
.012251760
.015369314
.016019777
.012098218
