.039529558
.014960188
.019225242
4.030054079
.025131262
.023522503
.024773278
.022885824
.023815614
.020452810
.018269994
.024937355
.023049191
.019754301
.020552264
.018803719
.022697207
.024415504
.021237691
.023377801
.014992477
4.038279099
.025687471
.021310777
.027360562
.023789910
.020150005
.026968624
.015989031
.015997240
.018767639
.022472590
.020689868
.023096540
.020883671
.020504149
.025128191
.022173032
.019800904
.020565695
.025719140
.022777439
4.028942146
.029526846
.022225285
4.030545524
.021644337
.025803770
4.043422429
.023472144
.023805995
.020329849
.021542873
.023021786
.018863894
.024405736
.024715878
.022123779
.024666166
11.228995529
.025784436
.025319077
.024555536
.027018085
.021203980
.021335695
.024722961
.028230109
.023420266
.042144778
.022578638
4.045711469
.026600188
.023649153
.022420087
.020041508
.029582746
.020604593
.023664955
.027609671
4.041501944
.024179510
4.047617849
.025241612
.023359386
.021785726
.016390274
.025341780
.019834200
.019500174
.021014538
.021165174
.022682872
.021484570
.020633672
.021652123
.024603219
.020803018
.020689093
.022747289
.015378819
.016039116
.025281848
4.044419964
.027077710
.020149156
.023804510
.020894043
.022575956
.021304612
.022982778
.021412870
.019163580
.021811816
.017778019
4.032090260
4.042926214
.025338987
.023092951
.020398132
4.042088059
.021810545
.024995479
.022946584
.024331348
.021478313
.019998917
.023922319
.023115010
.022747690
.020303684
.024451727
.022251113
.017999396
.022612222
.022052058
.019994742
.025709769
.023575327
.020912390
.025092434
.023574827
.022278069
4.029393284
.024630044
.018973692
.025307840
.024741092
.019679033
.022455642
.025216163
.025393924
.021998606
.025863457
.028115280
.015609372
4.043353718
.022068131
.021441505
.021005183
.020726164
.024909949
.017122418
4.040494834
.028212231
.024807043
.022578435
.022977795
.020489628
.020118519
.024237755
4.028124134
.027312102
.022504575
.017339733
.024341738
.021487340
.022758383
.022993436
.023377961
.023519346
4.032477660
.024430095
4.047078748
.028821105
.022380107
.023537264
.024409695
.024342441
.020162089
.018612823
.019429330
.019540128
.024943017
.022282638
.024099088
.023426461
.019646594
.020660155
.027365000
.022978803
.017878186
.016716111
4.038977545
.026666519
.021368599
.022967655
.019890629
.019451351
.022237693
.023872421
4.040970680
.028056535
.024477144
.018420894
.020874879
.019714141
.022993386
.023873023
.021763101
.024253960
.018877294
.021618796
.021374240
.024717821
.024861123
.023454701
.020641191
.020190413
.026827156
.022979918
.021636210
.023521077
.022573434
4.038194304
.023904078
.023407798
.022735215
.016705182
.026907386
.024337895
.023874989
.022025960
.025325660
.024427064
4.044026857
.026998158
.025327887
.019316028
.022849906
.023362394
.019413576
.021185223
.022789194
.021423693
.021127758
.022388625
.022676974
.021497363
.018060200
.016718787
.023515816
.024528831
.019522033
.018404967
.025219038
.023245212
.021886465
.025318793
.021582652
.023977335
.020502338
.021583819
.019055044
.020533132
.022589045
.022263729
.021889332
.022043383
.022311274
.022416780
.022135055
.018058523
.023029354
.020589669
.021010235
.019020160
.018109023
.020581835
.023464505
.020480038
4.044270139
.019953239
.021303109
.025149540
.023245054
.018939055
.020721742
.016682588
.023089874
.022095442
.022246951
.024513457
.020444013
4.044300287
.026575302
.023183235
.024066743
4.038466569
4.050272303
.024785771
.023381163
.025170749
.022773648
.023222461
.022636571
.021746986
.023407911
.027298274
4.047284527
.025614166
.019820263
4.030509866
.028052702
.026926504
.020829866
.023313042
.024082506
.021621371
.023101969
.022475498
.019007617
.019473926
.023658564
4.046408897
.024025948
.019284005
.025500711
4.042339817
.028795031
.024174962
.023626071
.023772815
.021233978
.022810194
.025615143
.019228946
.022391544
.016471914
.017254584
.022577285
.024374573
.022967432
.025315315
.023354035
.022077763
.022673318
4.041337626
.025838064
.021597856
.021722722
.021513856
.019822107
.018630332
.024505251
4.036886439
.027442047
.021568795
4.036499924
.026761559
.024904778
.019806662
.020985227
.026474197
.025010019
.017742139
.019552922
.022793756
.021547570
.025256589
.019731621
.023448887
.027490555
.020296297
4.048461501
.030176190
.022594291
.022125686
.023094677
.019091719
.020046419
.020550892
.022978934
4.040647583
.026369570
.022017008
.022031673
.027695709
.023568385
.020081651
.023154239
.020778486
.018241787
.025986045
.021399328
.019671628
.025531069
.022026754
.021797724
.021388868
.022659925
.023721411
.026810580
4.048749130
.027160878
.022663449
4.046341681
.023609342
.022531859
.019271952
.023812664
4.028526993
.028277317
.023910474
.021663639
.025027829
.025927321
.021907750
.022469887
.023870431
.018671593
.022128152
.024416275
.020859180
4.041321229
.024587835
.020828292
.024470004
.025097928
.022903425
.020977908
.020179411
.024058777
.017325235
.020443060
.022479445
.021853689
.018054445
.022369243
.020837454
.027107890
.021634865
.020373728
.019414657
.023188152
4.041139785
.023746856
.026077053
.024251699
.023554989
.020380878
.017694365
.021785090
11.230713717
.026657974
.025202642
.017739498
.023956049
.021271206
.018990841
.028795302
.023295251
.020716528
.024634089
.020640074
.023108887
.025434541
.022902354
.021726632
.024042412
.024114824
.020598699
.018727684
.023996956
.021435230
4.039540316
.021600957
.025907658
.021428760
.021623581
.024987130
.019061690
.020913412
.034831224
.023146307
.022038416
4.041161995
.027693891
.023125833
.023491186
