.491307905
.483435483
.478989858
.502855808
.506559205
.496190993
.487729122
.475305876
.485839324
.500749568
.476798876
.483967564
.496989843
4.462489548
4.505607961
4.474237809
.473009986
.495612793
.482597096
.487239914
4.504780822
.488997099
.498812149
.516764054
.501128828
.487529347
.473446741
.508562994
.486470979
.475128266
.502342267
4.492757043
4.513335019
4.487783419
.506620157
.509519617
.490111186
.503013016
.468297049
.490381857
4.487840438
.465003663
.474177559
.504544624
4.498322645
.487839401
.497032088
.492165303
.438319907
4.470928420
.479338349
.470991842
.491216954
.502302879
.501725620
.478337917
.472336904
.495132808
.483543374
.492360597
4.521641765
.485122399
.478456377
.511689487
.481873389
4.486534542
.496276159
4.474105303
4.479506556
.478347833
.501240696
.479533935
.505208134
.500464393
4.471654431
4.502989136
.466937194
.500473601
.491359664
.486591797
.493713202
.488949543
.477141856
.496350286
.494596966
.491459624
.484808936
.508533187
.493618283
.498521403
4.485352773
.436914134
.475406495
.486158790
.458952193
4.464100394
.464003065
.460649136
4.483604787
4.493387901
.458943317
.473073916
.462468540
.459859374
4.462188823
.461649777
.478964051
.440968324
.472462032
4.475670536
.453229560
.470506834
.450864023
.450777354
.475826460
.478159955
.455010380
.465803967
.479174471
.487227391
.470870548
4.473500502
.457568170
.473659883
.477525195
.480608327
.485335319
.464321319
.468609137
.454278243
.461497400
8.457082654
.453258061
.458594978
4.479850061
4.467458156
4.470939836
.448138354
.465378628
4.487544099
.463118092
.450996400
.474832861
4.473544961
4.468917721
.468967351
.467963127
.463251302
.472400822
.457398293
.461688861
.473873929
.459289281
.467458750
4.480974466
.476273602
.467819224
.473790094
.473697366
.455157142
4.481843621
.453585719
.470549189
4.468065387
.456227368
.465719911
4.479159458
.470279248
.455849044
.478944066
4.467231124
4.460289876
4.474457719
.458163168
.467368658
.467142438
.474903207
4.480468021
.480126673
4.464884276
11.690620569
.494471644
.469956523
4.492646210
.464028426
.478189026
4.462068878
.474178692
.459651775
4.476604250
.474293815
.450511621
.455164667
.446781971
4.458950576
.467518544
4.470852252
4.461150564
4.459708617
.490521989
.460919607
.467861246
.481863750
.471303986
.475333703
.455282313
4.459031817
.482835571
.469015950
.461684842
.466207259
.472411991
.470231309
.462465698
.465646445
4.473342805
.466157517
.458750674
.472725725
.466813397
.466415137
.457112309
4.457977302
.465165659
.460416116
.469545602
.481570970
.477929141
.468907428
.470807495
4.459662158
.474003406
.470907185
.466436675
.472504723
.449812944
.480133361
.471811934
.461073121
.461327324
4.478346634
4.482737200
.456471593
.493997182
4.474446102
.466064327
.466306323
.456029258
.467018443
4.472606233
4.474783693
.468928246
.477347913
.466512866
.460159568
.479574476
.465114318
.468762510
.458540912
.454841931
.467152354
.445248614
4.475508328
.470856834
.472665932
.471069316
.479170093
.475350581
4.482165350
.474397411
.468135271
.484099594
.478397574
4.467711067
.475281170
.461503454
.469997281
.473109144
.493002679
.461968457
.454686695
.475938448
.465715183
4.462642118
.469226554
.470002656
.451328185
.486058096
.469966200
.467064404
.461264016
.466660729
.479798456
4.486055148
.465231433
.478470610
.472586314
4.498921863
4.490297518
4.478787585
.476292634
.487520479
.507452878
.492209928
.470903465
.483857088
.491849964
.475472788
.492954565
.479939484
.470908229
.479221464
.483769497
.503153158
.501213613
.485035475
.486896193
.480042061
.490579799
.489097133
.496182036
.467848379
.483231418
.476948988
.496354438
.481289456
4.488257422
4.483185223
4.499571886
.506767187
.487229581
.437598633
.444294986
.437796825
.434532475
.441065716
11.670238489
.492771573
.484571721
.493004845
.502337560
.484646549
.492965974
.491036386
.472438492
.475380620
.493374856
.486981811
.500703489
.475345873
.500944275
.500889858
.490593945
.487741816
.460267964
.482845780
.501224488
.484252094
4.474788439
.487712398
.484518098
.486679506
.461347439
.493604992
.496635707
4.475220279
.483106701
.492625393
.473112042
.497718682
.471662102
4.480130690
.490960409
.476032255
.491233912
.494791886
.482769237
.491408248
.492098759
.496348618
.469801531
.487480603
4.495297598
4.494439375
4.478850629
.461993408
.516463605
.504299786
.502802471
.461123477
.492629518
.483571416
.483502665
.499945467
.499541461
.471396473
.500217263
.494113208
.487819609
4.493879617
.485404487
.493018732
.502323505
.486838634
4.510790593
.500156887
.498349526
4.508866521
.486226291
.494364837
.483153743
.478422002
4.500640890
.478339625
.495678275
.478694130
4.493420901
.487141973
.497630723
.470099536
.484271219
.506673782
.485522739
.471710979
.495478604
11.679868036
.497326050
.482445731
.477540647
.494561547
.489967226
.472139268
.477593767
4.488889535
.477348663
.459331054
.490217538
4.498565720
.497015091
.487057804
4.500369818
.499475676
.505901510
.492765282
.519060361
.483031018
.465755180
4.496787411
.488780200
4.488293627
11.695943033
.500547335
.485758247
4.485837167
.502766440
.479666801
.501161700
.483713496
.470503625
.482806029
.498352400
4.496126819
.481378340
.483346537
.490072395
.483498373
.493842121
.494542590
.470647836
.480926499
.490983408
.492268846
4.505184130
.454060573
.494968388
.495875695
.490166812
.494114334
.462452373
.477770199
.485992079
.486654298
.484790185
4.481121915
.478836508
.488864166
4.476029792
.492677435
.496980087
.485681241
4.502779341
.485921245
.472987956
.486641505
.488488475
4.489954779
.492631876
4.501065468
.496151247
.485591928
