.479770929
.487663478
.489284366
4.479950525
.466886895
.492224244
4.474668477
.501796259
.478650270
4.493486052
.492005749
4.495629666
.484804041
.481831866
.499051262
.476974694
.470327871
.472186281
.465044874
.490010354
.480439322
.482455828
.476038526
.489733162
.497760436
.467628969
.491237624
.471117727
.473741994
.475395512
.465858941
.488067643
.481568251
.475567568
.473050977
.488144358
.477859890
.480637671
.488964845
4.487524158
.484262858
.486987800
4.493143557
.455032218
.484839532
.477644330
.488940134
4.485256944
.484194793
.479206615
.459354906
.479943792
.497635940
.480249819
.473060310
.488381334
.486060678
.492749100
4.502146843
.479113882
.487578938
.481500488
.466989309
.489999797
.482564484
.468211700
.485814511
.474625708
.458083485
.473968108
.502293723
.465419826
.469493594
4.464169647
.467912748
.472915138
4.088981951
.481779656
.486138368
.481472963
.482232196
4.503422993
.484721454
.493846789
.484336461
.478824316
.491423286
.483754703
.483823792
.473147656
.462817342
.487107286
.485828800
.479658805
.470238820
.477235594
.491272731
.480761026
.491626803
.494101643
.477948573
.488872939
.468660557
.479155553
.480060882
.485870345
.473947851
.485443141
.478030580
.467883324
.479154095
.490562419
4.478433989
.479611552
.471641925
.483691479
.492504852
.492553437
.467304095
.482908190
.493170826
.494490857
.444900982
.476649423
.484309521
.478281259
.476614707
.479615561
.496405401
.495018413
.481519830
.484921336
.478557578
.467310731
4.508469401
.476029993
.476616753
.482989472
.486151288
.475530492
.468758405
.483002974
.476090000
.480332035
.483091899
.480699191
.486416478
.466491793
.472097462
.476255236
.473832910
4.495051249
.486425453
.480421691
.482249137
.481638431
.483639014
.494645750
.477581772
.462368481
.461525462
.495185019
.487984514
.483916726
.490101869
.471959865
.494391481
.470122843
.468687018
.488280814
.477697185
.484189226
.483131222
.493949371
.482084636
4.492850119
.468143895
4.474049188
.480489547
.495580301
4.484849253
.490898954
.481074178
.483968086
4.484799291
.489578427
.485296113
4.503265868
.484717050
.476562560
.475723238
.493940833
.483639011
.467533823
.479333276
.469768234
.473829647
.503822362
.475846780
.485609846
.492115488
.467565399
.468575413
.455532163
.506733845
.484921935
.486197847
.494863157
.466033772
.466950987
.471171010
.491604483
.463565566
.485552745
.495885178
.473666904
.468058323
.475532562
.459257022
.480519888
.499732588
.494099919
.490631885
.476193620
.477131031
.491368822
4.492097869
.471491862
.481178947
.494632924
.495669009
.472643331
.486678939
4.480224068
4.470286629
.468158256
.480858754
.504314800
.490409578
.473689501
.498393023
.464404157
4.485657348
.454855555
.480897589
.487522922
.489817664
.477461476
.474901449
.479129138
.477328168
4.481316676
.493827864
.475997125
.477593780
4.501039644
.498605435
.467807794
.484394550
4.472447141
.488561396
.489431633
.455335846
.477457377
.488790541
.495601215
.476146397
.473388134
.468213717
.485869139
4.467469964
.490802828
.467194093
.475481011
4.482050473
.476883416
.474059522
.481690136
.460491513
.476094144
.466834565
.470617452
4.489678130
.470271966
.454208714
.479789015
.471564669
.486986992
.476031881
.461792096
.475478476
.474721012
.486595113
.483659235
.474329840
.461410383
.499490323
.482892090
.488094144
.483993747
.481550518
4.498344336
.460262564
.487120820
.485969863
.473065513
.492290120
4.481522064
.486569431
.496452255
4.504831677
.478328158
.492341766
.491782305
.477163399
.476029726
4.470764284
.470896904
.460042212
4.497845926
.486930838
.472359603
.477367916
.484879384
.478750983
.479880239
.487659188
.474671578
.476303857
.466783276
.488269913
.475687478
.463271137
.457010195
.478320960
.476978407
.486304827
.480753547
.493476330
.490614992
4.491796596
.474773650
.489042649
.486821625
.489425931
.506245914
4.490078086
.481732805
.482080126
.472542513
.480574887
4.487305312
.504335023
.487375959
.476664171
.492992937
4.467776275
.484604245
.489241355
.479921132
.485507982
.479906340
.477291513
.492121952
.475247812
.492958726
.483989823
.486876547
.476484033
.484239384
.472152823
.466185361
.488927996
.480630687
.494157986
.486027522
.487841287
.479520768
.490767556
.486641987
.469427236
.487606229
.475308147
.505085060
.498204118
.474131264
.500932750
.481449103
.487974443
.488580620
.490234966
.463497877
.451247736
.490819974
.487952472
4.505094193
4.488607285
.483071384
.487099485
.479552418
4.478168759
.483080528
.474686268
.483062318
.488279006
.463678852
.474652891
.501122061
.498501072
.482884723
.467353797
.482911100
.477284966
.446447715
.517917459
.455471773
.475830356
.564876847
.474694103
.462990593
.465660795
.460610454
.481688466
.496560134
.476327810
.530711886
.509882309
.441479130
4.456273570
.490434378
.461074405
.461128451
.471075454
4.459106665
.467439090
.472543871
4.465531250
.462416308
.465025023
.462762835
.462042795
4.487455541
.467160277
.471358117
.489990927
.450577184
.461971707
.482468248
.470942919
.483832782
.467494144
.481132365
.467510760
.476650716
.448324616
.459137486
.458752772
.469666629
.493464896
.494511555
.500584037
.464279331
.486773906
.458137969
.450926959
.482821896
.496867278
.479319191
.447525869
.485170330
.475587648
.483672366
.477686048
.465729820
.473070719
.460122595
.483364611
.485055349
.480594481
.464613114
4.498905160
.473448979
.475855716
.498075676
.475815398
.475761083
.464358781
.480376543
.483182633
.481603687
.493574679
.472587528
.490618346
.474583381
.460761656
.470255535
.465834011
4.476747476
.475218217
4.481555334
