11.278641427
.027777817
11.243933990
.032781722
.027549149
.021467015
.024127698
.018429489
.019415886
.022787627
.022242490
.030429587
.021541683
.022707458
.020551369
4.048962364
4.048368957
.023796065
.031172602
.023841899
.025093426
.020094775
4.044437308
4.038185125
4.046288593
.029733696
.027464062
.024405995
4.043050522
.041713977
.025442112
4.036844044
.027431198
.026383633
4.053836673
.028231091
4.045253564
.029562162
.022718801
4.045314690
11.247266031
.027162025
4.031114576
4.049592575
.032620385
.023909599
.022484649
.019946713
11.240585930
11.252863450
.028503067
4.041051830
.026700360
.024514685
.032337571
.025484332
.021006355
.025186908
.020645971
.018958099
.018854264
.022561473
.021582785
.021271569
.021826165
.018340377
.019400652
.036004655
.022531932
.024314430
.030034394
.020119252
.019479070
.018797221
.018965892
.017122724
.018110372
.018675885
.016855343
4.044302653
.025334995
.021703538
8.064102955
.030183744
.022761321
.018467347
.020885265
.018401866
.017478633
.018330406
.018183860
4.039965586
11.255101528
.024875746
.020863569
.019404035
.020884445
4.041241963
.027383304
.026360030
.019951839
.024299399
.021457708
11.237721665
.028585790
.021256036
.018844105
.021399665
.018788771
.023984475
.022263268
4.066519519
.035488368
.027465639
.020892111
.018031795
.018022420
.019481662
.018519681
.021264912
11.240945589
.029822777
.025029082
4.039295052
4.046451434
4.056695297
.029759635
.026513806
4.035561977
.036682037
.029260361
.022477159
11.232436174
.031242699
.037973524
.026647048
4.041880364
.029169690
.024472371
.021219170
.024563415
.043434487
.024360952
.019959139
4.037278213
.027396191
.023518849
.020716324
.027786117
.022542701
.019414502
.021625387
.030601517
.023119130
.022865500
.020388900
.019504504
8.062684394
.030362261
.034418941
4.044777524
4.047285538
11.250618001
4.051857651
4.055786630
.031912436
.024680637
.023014471
.018400318
.023056848
.019453886
.022792758
.019065626
.020824294
.022351289
.025584783
.028944031
.026046670
.023313354
.020349824
.021192719
.020636831
4.050080005
.028594606
4.053463794
.026800479
.028679442
.019166420
.022457874
4.050088212
.030807367
.022371956
.025977918
.024183167
.021289388
.023173475
.022177285
.020346199
.024504966
.020870920
.024074038
.023679112
.020121319
4.033854737
.029264039
.024529758
4.051388285
4.057790060
.026666911
4.043055063
4.052518211
4.050715859
.026975913
.021510820
.018301450
4.055822097
.035217989
4.041412914
4.052513539
.028145398
.021631072
4.042044151
4.052943250
.031289434
4.046359838
.024803400
.023146442
.022376423
.028999378
4.047093188
.032050536
.028446989
.020863970
.019593856
11.252393105
.033877205
.022553387
.022008207
.023978088
.018355450
.022419258
4.042631166
4.056958532
.027723166
.020389809
.019454577
.021155370
.030156548
.024476947
.020877148
.018600591
.021031818
4.039823390
.030329091
4.040948685
.022593272
.022668815
4.044169750
.026965755
4.054497409
4.053014326
.029158144
.020390633
.030917229
.022840111
.023474710
.019338273
.019002807
8.070898523
.027224054
.024396441
4.036444703
.031520619
4.047281265
.045018724
4.036910130
.035047971
.028942817
.022742035
.018092667
.020131135
.024097985
.035043693
4.041706473
.029105957
.021537471
.034336258
.021200129
11.250746759
.026912776
.024657468
.019884304
4.051151938
11.243850880
.029162473
.023949711
.021045427
4.053048651
4.047644095
.026916703
.024193423
.021414017
.021484311
.021735192
.024796231
.020101566
.036923278
.026836008
.022936488
.020841598
.017733390
4.043489652
.030106591
4.040896093
.031054740
.022967484
.022791520
.021853163
.023576208
.019737940
.021141893
.021501778
4.041826764
.051090670
.024630456
.019981830
4.046644703
.028029003
.020931021
4.043041787
.027871832
.025965281
4.046931712
.022438978
.026136535
4.054286436
.027661243
.023618801
.021868379
.025141883
.023632176
.020617762
4.046497430
.031571306
.026061116
.021984007
.022119427
.021213486
.018737253
.021550538
.023694012
.020439633
.020543094
11.248342144
4.056473530
.026344916
4.043980903
4.042422680
.029046492
.025410715
4.024418534
.028202359
.022441451
.022595288
4.050100628
.045900685
.028542199
.041828820
.025250654
.024785016
.025462327
4.044709862
4.049312239
.027806808
.025710625
.023916117
.029113719
.021841644
.018024663
.019102193
.023029052
.024287003
.022114609
.019389202
.018389006
.020627736
4.040920802
.032799994
4.040776378
.023012108
.029461166
.020599457
.019163542
4.049878765
.021154342
.023238067
.021854445
4.050509415
.028024908
.025272956
.023988754
4.051148037
.029674162
.023465530
.020653701
.020338401
4.051500299
.025641466
.023336693
.020672660
.021542601
.018799649
.021572227
.020137854
.032104729
.026963336
.022747677
.019525419
.018503141
.019454459
.021684730
.043041326
4.054690793
.022718550
.020872291
.020141562
4.046270182
4.045691204
.030358967
.040458426
.023750124
.024068800
.020513700
.022225791
.024792112
.020708206
11.238830158
.031993481
.025262459
.023111107
.029005280
4.054417927
.027597791
4.051656593
.041457708
.024744013
.020117919
.017918772
.017664722
.018502038
4.047578095
.026980365
.021368744
.018522537
.019853616
4.043662162
.036006292
.040294165
.039757900
.027832430
.022454233
.024436124
.018710207
.020526218
.021023566
.025523738
11.234378818
.030305043
.022752408
.019943035
4.045436187
.028572242
.026572727
4.047217322
8.067688163
4.045566342
.056190139
4.050974784
.026872284
4.044583222
.028095904
11.251402357
4.040798299
.028571398
.021709036
.049085519
11.250308153
.032366403
4.047135757
.028399377
4.044721303
4.048203640
4.053325793
.030692984
.027540854
.018376056
4.040648359
.026752915
.022676259
.019512254
