.073799677
.039315353
.041644199
.039402436
.038944266
.036811880
.038154679
.039448936
.037897802
.036111417
.040945487
.037535467
.038232429
.037525009
.037260466
.037880636
.038175804
.042965999
.039500270
.037172298
.040969029
.038716724
.041568907
.045262928
.049295077
.038475889
.040351858
.040273566
.039305894
.040923570
.037980303
.036930297
.038757516
.038573931
.038481389
.037878928
.039275227
.039127476
.032940648
.041613324
.038976392
.042547538
.039485812
.038649973
.038320263
.040032148
.035796748
.039268435
.037233757
.041484906
.039746063
.039517937
.038748933
.038374180
.038435305
.039856022
.036892880
.040743902
.036498711
.039526520
.035914874
.038677723
.037889678
.040629485
.035596581
.040504692
.037993886
.040791653
.038568389
.036832421
.041901117
.038646015
.044275964
.049305910
.040079273
.038202262
.038565889
.039471312
.039233061
.039518145
.036859213
.039301394
.036505919
.037231757
.034572741
.040642318
.036946089
.038127803
.038626390
.040182732
.038079012
.037618843
.039546854
.037433883
.036524503
.039038267
.037456592
.039616229
.035441788
.037564800
.038099470
.037818510
.037372174
.040029315
.037215840
.037664676
.034908285
.042032159
.038641224
.038555515
.037716593
.040541151
.042118410
.043953337
.042244577
.041371114
.045933224
.042607746
.042372245
.042687372
.040071273
.038520514
.039462187
.038666224
.038162262
.036943297
.041031821
.037537675
.039469978
.036652295
.041465240
.040723819
.038357513
.037684259
.041619116
.036663712
.038600890
.040258650
.042441370
.037356799
.040418192
.038515889
.040425525
.037348091
.035194912
.038061720
.048051653
.044694675
.041324281
.040206774
.040875069
.037841719
.042238036
.037285340
.039207101
.037186881
.044336839
.038522264
.037695926
.039383144
.040608318
.040348524
.039681437
.037209965
.036200459
.037895844
.038819391
.036883630
.039921356
.036265043
.038897809
.038088595
.040256858
.037034047
.037602717
.037747427
.038377305
.035802290
.037919220
.037701301
.039813147
.033873779
.039590354
.037219257
.038452014
.036601378
.038688515
.036197418
.036798171
.037846427
.039716646
.036552002
.036645003
.035712956
.038346804
.035542373
.038007969
.037223048
.037823927
.035410413
.037319716
.038972433
.036802546
.038099512
.038692307
.036383918
.040197607
.039618896
.036511628
.037359299
.038407638
.039939856
.040856527
.038666473
.037958219
.038745974
.041454239
.038309179
.040942028
.038303763
.040984904
.039345936
.041374489
.040464650
.041199780
.037268132
.038203429
.039780230
.039510395
.038840349
.038859183
.037041672
.041085154
.037527842
.040507817
.038029178
.037644009
.036604795
.038890642
.036843838
.033004315
.037005922
.039358894
.034833409
.039172685
.038571639
.038021428
.036180717
.040143033
.038283856
.041235165
.037259891
.039043277
.036902044
.037331505
.038486431
.039211729
.036027037
.038395806
.039049269
.038587580
.036472773
.037159986
.040839055
.041175766
.037770490
.036981227
.035567545
.037603267
.038136813
.038767401
.037904228
.037346016
.035564993
.033378645
.036686459
.036900003
.037389505
.038415804
.036966170
.036510659
.037978585
.037748750
.037664500
.038964883
.037324914
.037727456
.036177651
.037664869
.038190581
.036639863
.037087866
.038295248
.037272195
.038241910
.039052207
.038624746
.038293411
.037551614
.038645329
.037274609
.038138448
.037394609
.036566313
.038578659
.036834856
.038059320
.038562281
.038409364
.036890479
.039663747
.038418947
.037040396
.039266909
.038845656
.038560821
.040068747
.039240825
.038625238
.037959151
.037630106
.040163497
.038043609
.036374932
.038612862
.038289651
.036441389
.035940344
.038022565
.036989726
.037499603
.035323257
.039562116
.037715021
.037686146
.040701040
.038564651
.038425359
.038274858
.038078440
.037020183
.039340114
.037266143
.039417822
.038370149
.036957100
.039530573
.031486065
.038724360
.040064409
.040301328
.037849688
.037532436
.038404857
.033931081
.040758163
.039895825
.040216743
.036463387
.039097486
.038725692
.038898110
.040747704
.038005479
.037804562
.038949194
.037785103
.035766633
.040023200
.037917354
.036257635
.039041069
.037281809
.038538316
.035353421
.037373184
.037485809
.036914764
.038510191
.037342559
.037514893
.037137973
.034383957
.032200403
.036964640
.037375017
.037843186
.038038938
.035908383
.035071587
.037652560
.036414886
.036732846
.039319862
.041960253
.039712198
.037333891
.036733221
.039381071
.036725013
.038769483
.042583423
.037867353
.040001533
.040130991
.039889948
.036869138
.085320264
.040504577
.037052973
.040128075
.038281355
.036062426
.039097360
.038680816
.038816400
.035461797
.037756436
.037568518
.038896360
.039944074
.036637679
.036993306
.037253600
.037942562
.037996979
.034899751
.038030479
.038992526
.039841365
.037153807
.038322189
.037963354
.038474149
.036350635
.039282820
.041498834
.038645149
.037271599
.039775990
.035970592
.035952258
.038974068
.040180908
.039397071
.036107634
.040000866
.039048111
.036808055
.038959484
.035934133
.037311683
.036007258
.037113015
.036430719
.038894401
.040609953
.039944699
.035178670
.037996478
.036215385
.038448023
.041875252
.056028670
.041860835
.040773954
.039819740
.036427969
.038935984
.040438577
.040124700
.039620197
.036493595
.040389035
.040908330
.038942735
.038359815
.038842734
.036485428
.037331183
.039597572
.039004402
.038165272
.036649137
.039737448
.039082152
.036029842
.038785983
.041586084
.036061717
.036787346
.038329897
.037541517
.038462023
.038794816
.037928145
.036922472
.037427058
.040391285
.040169742
