.061889445
.036464663
.039660349
.037181867
.039071311
.047029923
.038280151
.036621746
.041169130
.037846695
.039536059
.038676522
.039091895
.035531837
.038726605
.039086686
.040185137
.037663613
.041248255
.038195277
.040683759
.039257602
.041084382
.037308741
.038683814
.036521455
.040115930
.034818800
.040020305
.037485698
.037223283
.038356525
.037944028
.035740835
.038094985
.036061833
.041239922
.038864605
.037761779
.036798702
.039570809
.037756279
.039224769
.038041402
.039445559
.038920521
.038417899
.036679745
.036415705
.036200081
.037017785
.043653155
.038628440
.035660419
.038905230
.036816786
.039551516
.038265359
.037647905
.035728294
.039238227
.038307817
.037345324
.038591191
.039289061
.038793314
.038863896
.037630446
.040266137
.036971743
.037547531
.036619787
.037201366
.036612578
.038377816
.036279873
.039278977
.037873653
.038651231
.035814543
.037525031
.035163256
.040056222
.038444150
.039534142
.039152645
.038552065
.036626245
.036407497
.039092687
.041884917
.047728085
.038543398
.037818946
.039327894
.036541704
.038344734
.038552774
.038007152
.036637121
.039350019
.040290887
.039866432
.036585745
.037800696
.036065999
.037340449
.036234249
.038443733
.038703815
.039596767
.035697502
.036066166
.038425733
.037875862
.039144394
.038040236
.034948423
.039726891
.036354539
.037779529
.037041159
.039606183
.036296331
.035891418
.034671093
.038571732
.037992944
.038277608
.038028153
.039852348
.037542448
.037193408
.036620246
.037317116
.035306880
.039852681
.037255699
.040439802
.037192450
.038547919
.037663423
.037496758
.035666017
.034688606
.038070379
.036181390
.036961248
.038360156
.035706296
.038411156
.036776540
.037352953
.036524202
.037417151
.039169016
.038512687
.037817899
.037092403
.036721114
.038561179
.037498768
.040667874
.037927432
.040823248
.036579816
.037309103
.037935177
.037242931
.039270335
.037947635
.039621750
.037866719
.034595152
.038649042
.037511091
.039239331
.048807477
.037004928
.036973221
.040288238
.035488435
.038615415
.038772789
.037573547
.037416798
.039447533
.036010388
.036121096
.037621586
.039888863
.040870440
.039145993
.036055552
.039881277
.037090546
.039683779
.037114170
.040761438
.035105517
.039107156
.036556840
.039790485
.036618715
.038186912
.037245960
.040482146
.037563707
.036679171
.035502304
.036856337
.038211077
.039880483
.037985911
.036787711
.038651199
.036794461
.036474172
.038398242
.036570421
.037987744
.037564164
.039540609
.038836281
.039091195
.036790461
.039951730
.036738503
.037635288
.038022119
.037026417
.037609788
.038949904
.038605656
.038040326
.038492323
.041059890
.037045417
.041903509
.038380158
.039029695
.037917785
.039745648
.037574122
.037368081
.036209297
.037432914
.035931924
.040392769
.036927375
.038005993
.035900466
.035752509
.036581003
.035576259
.037406289
.038211700
.038233450
.038615864
.038316990
.041319720
.037090665
.037994993
.038234866
.037487747
.035779842
.038345282
.038100909
.037956577
.037964326
.037944910
.038717655
.038435240
.036602919
.038901945
.037837619
.037820703
.035747258
.039337400
.037771036
.039467899
.037790202
.038865237
.036130505
.039674232
.039684981
.038255616
.040000646
.037654203
.038345990
.039735231
.038380990
.038174742
.038385740
.038749821
.033836979
.037559454
.037710078
.038477198
.040116811
.037748036
.039969271
.037241582
.038586280
.037951577
.039123485
.039325317
.037859743
.038716571
.039118694
.037872619
.036797417
.040841057
.038847737
.039871938
.035483427
.037996034
.035532718
.037704078
.038780696
.038753904
.035094387
.039396525
.037725453
.039497066
.036691501
.036985958
.037824869
.039586690
.037029207
.036556877
.036748252
.038782696
.037262831
.039931646
.036701793
.039023402
.039376109
.040950222
.038094575
.052202813
.046034605
.036645169
.039535732
.042574420
.039353984
.040314727
.040517392
.038687530
.037062332
.038689363
.038226407
.038167450
.039907563
.036926375
.051012321
.043446706
.039062444
.038506114
.037786453
.041844341
.038826362
.037654995
.038731904
.037725869
.038805613
.036145714
.038456656
.038959736
.038931903
.039223193
.039962646
.041031139
.039172777
.039738231
.038243658
.039074110
.037391789
.039370484
.039383316
.042307589
.037602912
.039184110
.037719036
.038680238
.038582155
.037879577
.036868750
.034940013
.037617454
.039555023
.039001736
.040695474
.038484489
.038251033
.041251429
.039618690
.036743418
.040353143
.037980117
.039825272
.037717120
.041468470
.037716453
.039671481
.034817639
.041665467
.039210317
.041196013
.035352302
.043158333
.036865625
.041799467
.038539780
.065190934
.039391150
.045885314
.041324804
.039902105
.040216269
.037198124
.040116520
.037304581
.037998493
.036047797
.039650523
.040237519
.037966035
.040221436
.064619979
.039347817
.054145758
.479105255
.050304534
.042606753
.039829355
.043556705
.037179123
.038238616
.039768647
.047303972
.042512504
.045205402
.042623920
.039837563
.039169318
.042603587
.038780571
.040163936
.042680419
.040274102
.040138312
.041223929
.042968459
.039430316
.041798717
.040249061
.039734272
.040672933
.041146846
.038547905
.038587030
.040265060
.038717113
.041587427
.038291908
.042983251
.040607850
.037891493
.037363747
.038975694
.040822723
.039947896
.042806252
.037278790
.036418837
.042091174
.040749474
.049798621
.047134055
.040473810
.040828306
.041757842
.044331241
.041144597
.034848223
.039292693
.040227394
.040779349
.039242651
.042612128
.042206423
.035400093
.038883903
.040213269
.037758495
.043158583
.038790321
.050442950
.038333865
