4.053762381
8.053750235
.026721362
11.232545068
.029770007
.033336586
.026496479
.025254562
4.043481117
8.052961500
4.030539554
.030555742
.025601824
.023287454
.020529653
4.041341128
.022860732
4.040523141
.026926536
12.037221405
.024365033
8.056779879
.022889566
8.044754845
8.046806376
15.244044941
.027600548
24.203983464
8.048876438
.035514500
4.036318369
4.041807627
.025806111
.028736227
4.036909132
4.041295304
4.039770539
4.038805125
11.236309069
.023789995
4.035707308
4.037239822
.025355757
.021657217
.019422278
.023086776
28.208911209
4.044091302
.022810375
.039932099
8.044245237
4.034723611
15.258646715
4.045589361
.034484388
.032210658
4.041609417
8.058914232
4.036686553
.022455961
.023314381
4.040781311
11.238837497
.026447551
.026245019
4.043133447
.034455697
.023590645
4.034390064
8.054441422
4.046880906
15.246706974
.042073162
4.037383099
.026011852
.026292203
.033128941
.022600159
11.235784345
4.035577751
4.042685132
4.033215979
4.036384518
.021682241
4.034702811
15.243266066
.031195359
.023004516
.032768955
.022306880
.033100075
.037527768
.022749542
8.047307937
.021180902
4.037582139
.023462136
.021023617
.023075610
12.055037358
15.260048341
.023743039
.024853157
.025010442
4.022731383
.025635638
4.038055772
4.041629659
.032660494
4.036071869
.038626169
4.037107933
.026236203
.028957544
8.043770742
.036110629
.033539156
.034999697
.020367644
4.035083231
.024957077
4.033929905
.028525385
19.259668979
8.052160439
4.040023685
4.040261088
.023010507
8.061559009
15.261836926
.027443490
8.041429063
.032427072
.027421323
4.034926050
4.041061639
.030134198
4.044412038
.029706752
.023995276
12.054449593
4.048056403
24.213567119
4.044733106
.028283580
.021463089
.023768417
4.047743722
.025348040
4.035530529
.029048677
4.051088032
.027888511
.023269404
.027673353
4.035672973
4.049901392
.022627989
4.043401788
4.040630639
8.052219202
.027018567
4.036681790
.037712148
.023813568
.044111231
8.046701936
.031255766
4.042904768
8.049514268
.050073152
4.038813594
4.046185748
4.040178045
.025569504
4.031632084
8.049945934
.028807839
.021016255
4.038980576
.031889265
4.034054631
4.036275297
.024991023
.027796626
4.042244490
11.248613119
4.055255244
.025983062
15.254279646
8.042631070
4.043470711
.028222238
4.037750493
4.036768403
8.057709037
4.049142579
.029901873
8.041368293
8.050438418
.027970977
15.253011205
4.033468534
8.041756293
.030673017
4.030311783
4.042333291
.029319201
4.029450806
.025261379
.028916844
.024222980
.020775861
.024182845
.022854244
.021025927
4.039716768
11.237798597
.029559389
.022678947
.025688784
.019165436
11.255927979
4.038374211
.033882757
4.029772993
4.036327330
.028358652
4.035131503
4.049985373
4.042874000
.027719778
8.047832193
4.042216625
.026419236
8.047861112
.028350152
4.033941636
4.040945460
.025169823
.031338969
.030065720
.020308177
15.248007095
15.247982511
4.046072622
.024757005
4.033626157
4.036151736
.027527641
.024717044
4.043220105
11.237219613
15.258822357
.023533115
4.039748545
.036315782
4.039315643
4.036595782
4.033703970
.023702109
.022093458
.022044627
4.038960490
.037870475
.025636998
.025473045
.024235256
4.038813578
.025091059
4.042697105
4.044310048
4.047298107
.022268035
4.031028524
4.041096079
4.043441912
8.049198550
4.045549920
8.045844712
4.043394330
.024463123
8.043031522
4.047284691
.021389358
.032658162
4.042770727
.024188800
4.034925551
.025930237
4.033784300
.029777474
4.033779676
4.045504960
.025401629
4.041345902
.028692632
.026624833
.025800072
.024496905
8.044328926
.034749563
4.031939923
4.041905396
15.245438848
11.239292495
.026672002
4.029845831
11.239389998
4.041661643
8.047844307
4.051280298
.026878203
15.252508302
4.038496214
8.042164011
.022216203
4.045626625
.030597403
4.050106173
4.049665606
4.035739271
.025836365
4.034919745
11.230975586
4.050851470
4.043486498
4.034085103
.030540959
.039578457
12.061292181
4.032441706
.024903597
4.042760035
4.040548935
4.040207662
.022511152
.020641907
.035219592
4.041654422
.027205953
.023853946
4.034541716
4.035425189
4.047228404
.021042016
4.045113685
4.030723668
4.043348540
.025925195
4.044063682
4.040644345
47.521754238
11.241160197
.031623491
4.037761616
4.037679369
.031811277
.031532411
.025351549
4.038286888
4.041366653
.023576738
.027096904
4.035040130
15.252253269
4.032404641
.038937165
.025133654
.024766464
4.038263787
.026718839
4.031122788
4.039936604
.024043043
4.042036821
4.048504611
.034783440
4.047376688
.026852121
8.042357087
.028740553
4.039469888
.024878691
4.046870623
.036669818
.021415212
4.038699048
11.242352093
.028156627
4.036971476
4.032362013
.025364774
11.234912328
4.044953074
4.038317867
.027373982
4.036581549
.023206331
11.239746501
.025001276
4.041787998
.024039959
.024897698
.024995452
4.046540882
.029582370
8.044953780
.033924032
.022025332
4.040819743
.028545453
15.250924610
4.041408509
4.041561598
4.046759170
.032706861
11.248652399
.023119916
.028839090
11.241027318
.028724541
4.040551071
.025407541
.022954407
.028109185
4.041382177
8.043637736
8.044249482
24.200442258
.025897061
.022779027
4.040116110
4.047767013
4.046753000
8.051269840
4.035748242
.028183685
4.041963613
4.030411557
.040227213
.023218493
8.046158412
8.046653835
.026223731
11.248414325
4.047237246
4.041124894
.021675263
4.044417641
.024419949
4.034574817
.030334752
.025173310
.019101294
4.033917334
11.238548971
.023884001
.026495305
11.244234318
4.049871676
8.053967355
8.049193046
4.026949015
.038653742
.020873928
4.038695652
8.055471382
.029932925
11.247725303
.024582782
4.038534137
.024955810
.023280291
15.240226263
4.046901635
.024022239
.033442953
4.037998903
4.037722560
4.047078564
.028574820
.020644493
.025692217
.021149345
4.040965843
4.028157841
11.237782477
4.036227742
.033501599
8.048021317
11.245975414
.023664631
4.047880644
4.040533217
4.035907637
.026424146
.022805684
.020702026
.020834864
