.044042864
.019816702
.017171625
11.233974610
.023698244
.024413279
.022816758
.021161037
.017312462
4.032999102
.019356814
.020914584
.020444324
.016437634
.019401725
.018783559
.019960687
.020450696
.019351770
.017619055
.018695229
.019457886
.022897610
.021231223
.019615833
.016967221
.021342758
4.026875103
.023920776
.019280261
.022104942
.018938617
.019377879
4.023304876
.020584328
.021487513
.021624086
.017985505
.023427337
.019562604
.024532635
.024152746
4.025373974
.017667142
.016975524
.018100612
.020678125
.026011203
.019441504
.019353832
.019940350
.019352458
.020792584
.021891576
.015862186
.022046664
.026840933
4.037010450
.021920814
.019479451
.026180316
.016535906
.017458142
.025709968
.024149087
.016954125
.022409285
.022031566
4.028899035
.018197195
.017824601
.021904634
.020589971
.022902538
.023982528
.015600035
.016259804
.018073690
4.026997710
.019783771
.016744226
.025463641
.021332814
.020882968
.021433151
.026420501
.018218849
.020522707
.018163223
.027003890
.020725129
.018678321
.016827393
.017642373
.020114318
4.034072981
.025501376
.017957458
4.034042723
.021061162
.021436295
.021499547
.015219583
.023567063
.020935656
.022771124
.022697829
.021376210
.020123216
.020972823
.024846345
.017794069
.018389627
.020008504
.018092243
.020942528
.022138144
.020719605
.019649535
.024616586
.024424373
.020423472
4.036311614
.022695483
.017693807
.023370459
.022332098
.019519898
.023732385
.019510854
.019962075
.020044952
.015804547
.018932047
.021557825
.021459197
.019211930
.020404501
4.030094350
.022091914
.027401595
.024073049
.020256699
.020444703
.019814644
.019112626
.018092974
4.035926737
.020898082
.022507790
4.026479886
.024485915
.018493429
.023802607
.021533257
.019576123
4.028291193
.022753073
.018943433
.020584434
.018308376
.019543324
4.024679858
.022319888
.026020812
.020299420
.025421546
.020289210
4.035485379
4.033793941
.024314755
.017956851
.018725120
.021558395
.019654558
.022461375
.020168570
.018441945
4.035001722
.031876254
4.033786775
.022509525
.021675922
.021039032
.020162095
4.022906273
.027575970
.021525121
.021344617
.020753894
.024059721
4.034648353
.023528536
.024994279
.018395544
4.025514425
.027418410
.021418400
.022387755
.017078218
.019035596
.025554700
.017472060
.019488522
.019720818
.017747899
4.020468103
4.039609765
.021490182
.020024191
.023349473
.017541595
4.039202911
.026050361
.022822665
.018474070
.020515447
.019852141
.019386215
.019301629
.019017248
.019213044
.021985729
.021444466
.019405756
.020851329
8.044828327
.018868100
.018417594
.016635108
.025084902
.021471145
.016453414
.023473737
.016755099
.019531213
.018661741
.020468764
.025235305
.020861323
.019159793
.019765202
.016471884
.018185704
.018975724
.016411639
.016915681
.017815443
4.028175284
.019677998
.018790153
.024969655
.019819736
.017273316
.019460973
.018054628
.016559082
.020932604
.016479505
.016723819
.019406019
.016271438
.018196617
.021588301
.021127463
.018628831
.018068419
.017570875
.018607791
4.025958546
.024134674
.020283224
.019116409
.018727235
.021538497
.018209684
.015088124
.019420957
.019700504
.018414729
4.023898674
.023746204
.020482975
.019696709
.019805629
.018294849
4.031599358
.025021318
.019789650
.021995558
.022214020
.020881502
.018770576
.019269990
4.031507950
.018133853
.020789559
.020776853
.020355385
.019992448
.020397002
.018069281
.017273961
4.024812778
.019055568
.019534694
.025478829
.022863825
.016563875
.019454166
.018685174
.018028830
4.023692434
.019255452
4.038110228
.026128856
.016703069
.021427377
.020636389
8.043097101
.017584415
.022921199
.023414364
.017290341
.017924939
.018566703
.016254019
.025059995
4.026807018
.021705784
.017402862
.020040364
.019048078
.019215340
.019399725
.018031420
.018570743
4.023601610
.020216542
4.025300773
.020664839
.017656735
.026077278
.019011125
.015241861
.019823943
.016792968
.016862706
4.027616330
.023160865
.017454020
.016497644
.030746806
.022299464
.016860814
.020780516
4.032575962
.021117834
.018997072
.020883457
.017851644
.019650377
4.033955098
.021451776
.021268308
.019661875
.023454432
.020005732
.017070528
.019274733
.016335363
.017452838
.018982909
.017764159
.018406215
.020771018
.018906754
.017479624
.020006233
.019551186
.016898016
.015579575
4.024834996
.021511392
4.022930073
.028032231
.023324955
.018973202
.016529913
.019794644
.018025781
.019779313
.018072106
.016750875
.018312899
.017082902
.017854269
.016400810
4.031082132
.021651742
.020654496
.017341648
.023245094
.019711950
.016245920
.018467747
.018005784
.016477047
.017668593
.018869511
.018633835
.018096385
.018026314
.019530842
.019762098
.020530187
.018796872
.018179885
4.024020980
.027471044
.020344532
.020320120
.017949555
.018152313
.019815329
.017470385
.017546873
.018750672
.018615428
.016823520
.019445539
.017895091
.018944373
.018723452
.018381426
.018687071
.017859294
.018220857
.020961980
.025029173
.017106003
.018606001
.018837879
.019970388
.018062750
.018932229
.017515301
.017260636
.019194060
.018906983
.018479215
.017394607
.019060783
.018180641
.016316081
.019617899
.016762796
4.036274236
.022173698
.018003947
.020158957
11.233852386
.027348856
.024776210
.019737814
.016501865
.020908949
.017823473
.017643587
.019500813
.018533603
.017107886
.015595851
.019210862
.018163707
.016792482
.019595339
.018557057
.017161377
.018621296
.019959652
4.030394872
.019838089
.019826674
.020494144
4.027296972
.024650647
.017204828
.018239819
.017409835
.020038097
.018600632
.019326510
.016732409
.017143672
.019830841
.016933249
.019635415
.017760859
.018484278
