.893098294
.897064616
.924941899
4.902223686
.906877472
.878299433
.870072103
.873448578
4.889984933
.876697795
.873228584
.881218814
.877410821
.897893964
.885351832
.901280265
.888347319
.876705890
.895892427
.879372987
.883615863
.886157046
.896219866
.898793257
.878708870
.905817520
.898392753
.896825014
.911631537
.906800026
.928779873
.928728997
.897927785
4.886587046
.893494358
.895120505
.897763855
.896728420
.893040491
.876724162
4.885193676
.894182965
.893016506
.912601023
.918071834
.859677636
.866507693
.871081658
.866221678
.881644426
.889804576
.896418710
.881670732
.905853370
.895878246
.902240748
.892793714
.896218642
.871106845
.892040278
.895924811
.882485958
.916321744
.900571795
.881057859
.874896150
4.885836718
.896617023
.898480874
.902279506
.886036678
.882376353
.910412631
.896259971
4.897358449
.880643226
.890641499
.890386807
.868134549
.908176617
.897417309
.873219852
.884255932
.901600756
.895785083
.871954108
.881646802
.886207752
.878467594
.874696700
.872190939
.891893858
.893822543
.889940666
.905179189
.907164574
.884202324
.894273001
.865499925
.893364063
.876973374
.893790906
.873572430
.885324814
.885408864
.878875979
.888160200
.886376684
.885380242
4.863050666
.866785329
.865108128
.889513637
.876771617
.902428997
.875748297
.886168196
.904832660
.885024502
.899982999
.881457468
.877686618
.888739765
.904498550
.894370865
.890456207
.884479815
.866227785
.878601353
.891319140
.907031520
.888473726
.882466727
.905238569
.886944803
.884783200
4.888170089
.893059323
.875025433
.858973152
.873886347
.902329224
.888806657
.876202303
4.883437838
.900897022
.888890308
.888851408
.878863034
.894730822
.892633160
.895494492
.889915481
.903871084
.884217679
.885278801
.881100481
.891797504
.892213007
.875429287
.900195095
.882650665
.892500133
.888264129
.884924922
.871160614
4.866921758
.899447838
.886742379
.886093221
4.914098094
.865952599
.889806925
.887288236
.883955635
.900893846
.876871945
.878539150
.906297291
.882308142
.893200781
.899832906
.878018782
.892067617
.897601974
.872649019
.885159959
.872212049
.886717876
.886581548
.894185928
.894645347
.888719299
.878954702
.909630484
.879102851
12.100199828
.849215244
.890600121
.880908780
.888465093
.885302274
.899265763
.904039802
.888256443
.875987045
.900433260
.884600430
.888122750
4.864641752
.878171739
.886786208
.888172081
.869464192
.891448331
.877398093
.893499512
.890394591
.896905751
.888873181
4.876031392
.886421802
.897878461
.885769777
.914682197
4.908942127
.889163880
.891425837
.893639135
.898152824
.883490100
.880428765
.870085148
.858104536
.893902705
.882592767
.884369671
.878914647
.904062765
.890921754
.893929944
.886704746
.896425409
.884353464
.887159492
.869483486
.858673134
.893868722
.873763579
.897452118
.866921461
.878744351
.881185470
.886707634
.895593038
.882559538
.878723518
.882645807
.905758855
.914896185
.879006562
.878414332
.895041646
.882519341
.858756400
.877769905
.885394975
.893095072
4.859335922
.880771643
.886368799
.879490242
.871152937
.904093150
.889182588
.882092080
.862356437
.890195105
4.895252825
.882732464
.895393094
.917733399
.889862893
.898164154
.894618334
.876821705
.854198419
.880700133
.900413161
.885088537
.885950769
.885854268
.873678396
.921756394
.883212020
.890495564
.892196417
.890654609
.884045160
.908172011
.862669451
.879107669
.879082230
.878596766
.881740628
.889983666
.888475146
.891898778
.894532288
.875612988
.883031959
.885322179
.893848788
.876507588
.884577999
4.903285771
.876319029
.879125589
.907921934
.878994394
.876846768
.883768067
.905341937
.883618087
4.915382556
.890299937
4.865985443
.883725527
.859964898
.889248665
4.879591107
.899905250
.892362919
.877246969
.864841003
.896859512
.879854866
4.882754674
.899430737
.866853699
.873308625
.890440151
.904732172
4.887938039
.887179059
.893697526
.893677702
.894894336
.900785534
.886711673
.882859839
.898500694
.891091974
.882257771
.893312874
.883710605
.873973720
.875912163
.897522785
.899747527
.895880957
.877580363
.889668852
.901380311
.889307965
.886140942
.891895811
.876091520
.893233353
.900620569
.910735591
.869085419
.877249661
.867781711
.890071772
.886165172
.880321561
.889821008
4.887358543
.888244276
.872379075
.871203667
.886449534
.889802803
.887950744
.880403232
.894012513
.855951378
.901342169
.902438466
.892042623
.887529011
.877644573
.894739696
.864437190
.904107687
.888598676
.868260924
.879498053
.885384421
.867657448
4.886995416
.864771037
.883734001
.876764986
.870235184
.871935274
.908365402
.881960349
.884254886
.887968163
.883157506
.887435315
.875090938
.889187053
.881935398
.884105382
.890998983
.889379208
.882418296
.874393978
.898879125
.889071723
.883737558
.875621707
.884358454
.883775146
.896752536
.881227421
.875273164
.891957822
.892738744
.900213348
.896471409
.860937954
.888531477
.886085189
.874840090
.904980787
.886757591
.884114196
.879230960
.886413617
.892826825
.897961151
.894495389
.859421612
.889213005
.880791408
.878995046
.893178773
.892554411
4.906677172
.880512991
.893793173
.874747147
.868429088
.883276600
.872427423
.919665307
.872300684
.897265960
.903108132
.895602698
.872532163
.886328923
.896645221
.896517615
.879011148
.874052643
.877207373
.893981535
.872758910
.854577578
.876328303
.857757455
.885164950
.889557191
.873315015
.885821750
.890327373
.868951480
.894078052
.884671593
.896187978
.870662703
.877191916
4.900048407
.886366022
.859960548
.898636773
.863895707
4.886467119
.914501645
.890190841
.898303801
.875038162
.892687223
.891643141
.901440693
.905457032
.895924343
.908770074
.894209322
.885547084
.890377960
4.873902711
.881093031
.878604024
.884879875
.891523608
.878124582
.897116650
.872320056
.880901647
.895813019
.896632246
.878156509
.873207956
.882240477
.885059474
.880740632
.902608347
.885754217
.881886819
.865361329
.890906185
.887965557
.879936009
.880663638
.874078127
.883330356
.889591715
.881127538
.902567159
4.917837924
.883892833
.886088463
.884372324
.888604635
.874619426
.876430108
.910542870
.880555710
4.884134186
.866532881
.888789120
.915245000
.855859423
.890210619
.889645722
.874663706
.893549693
.869497216
.872697111
.902689380
.885610316
.887293884
.870004536
.889892222
