.041918665
.019359726
.019536840
4.038920791
.033682356
4.041437714
4.046421314
.046444630
4.048011413
.033290508
4.037742981
.028884709
.052284529
.028010313
.022365295
.023684211
4.045038387
.024836804
4.060765714
4.054357360
4.049098184
4.053521347
4.055181338
.027599929
11.244428665
4.061213028
4.050384669
4.057655419
4.039949409
.035262612
.023231120
.021461190
8.069522942
4.062942359
.031291764
4.048507202
.039977039
8.067344467
.045507427
4.052156226
.030288324
11.254535024
4.068311661
.029215390
4.045558157
4.050824878
8.057975009
4.057036687
4.051074638
.054427211
.027122382
.023473146
4.038738410
.029544776
.028165234
.031843510
.025941537
.019393229
8.062748637
.046699850
11.259984588
47.560507615
.037250118
4.048867157
.029846317
.031494258
.032483615
.029949144
4.048368021
.030271791
4.042453087
.029432551
4.046951082
.029593765
4.054536320
8.059489505
.027801754
.022909630
.033485747
4.055018912
4.052181872
8.071832325
4.047680445
11.257332139
.029454027
8.074541759
.032903696
.029657140
11.238125756
.033520178
.027642686
.022973124
4.049404567
4.053018315
4.053377450
11.254310955
4.051636602
.024956982
.026856203
4.045969144
4.059096159
4.074564244
.022309639
.022894937
4.038445172
.029792071
.024119073
.022851815
.021433565
.025791350
.020908638
.019749082
.022940434
.021225911
.020563450
.022437922
8.082971303
.026071895
.020810869
.021251635
.020574133
.026149725
.019503571
.023064196
4.048702501
4.049958261
.040378978
8.067515035
4.046211428
4.038670003
.025744649
.023925578
.023444299
4.046572815
.027007920
.022760932
4.042505062
4.051052375
4.039007411
.025931849
11.244789028
.030195476
4.057736411
4.051224852
4.050289699
4.041374883
.034527618
4.050368854
4.046112739
.034910892
11.263648221
.028781037
.021527910
4.044104487
.028979543
.023363478
.023307839
4.039581103
4.051492980
4.063289615
.033199452
.019253186
.019031946
.021107823
4.040894360
.032695297
.051353555
.025958248
4.040232276
.030528188
4.057467118
.028238093
.025853744
.019656777
.023249635
.022567440
.019977582
.022696821
.021101504
.022965707
.051065127
.031514104
.022599150
.018702821
4.045516912
4.048326863
.033069419
.025951706
8.071746021
4.047664668
.034658485
.029974915
4.047729338
.033554939
.043069711
15.270466139
24.222498165
.039115301
11.237739133
4.059826894
4.051991434
.033377969
.031292049
.022704675
4.047428700
.026347755
8.055619316
4.053876991
4.046388428
4.050989326
.028745739
.023635163
.021628196
4.041294516
.032199663
.026027690
.022527394
.020833117
.045697737
4.044976014
.029378098
.026755322
4.043137980
4.044182815
.030298554
.030420225
4.043448951
4.049078519
.032034001
4.041556997
8.071669601
24.218873589
4.054490453
.034780740
.024324430
.022329931
11.246342034
11.256329424
8.067892350
.029892131
.042499604
.024068054
.020194489
.024019931
.023018407
.021700234
4.051178690
.043124150
4.045549602
4.033091496
.030730291
.032936328
.018638204
.018954978
.028045780
4.044982427
.034690559
4.042064055
4.043799287
4.050697509
.026107727
4.061262053
.032776574
.022558065
.019992375
.023634317
4.035102354
4.045857301
.028239218
4.039777339
.027947039
.022771490
.020037459
11.242475664
.027249927
4.060615207
8.055985115
.024508521
.019866744
.035100336
.027086878
.020768532
.020872869
.022052044
.022283761
.020030751
.025874078
4.040928096
4.047216149
.026602067
4.062971514
.029601191
4.043314070
.030332888
.026553065
.020686403
.020631151
.021111963
.023344972
4.043001599
11.257583794
11.252434704
15.275035662
.034163882
11.244921225
.032194080
.024134133
.024837968
4.042874711
.031058954
.024658590
4.046396540
4.047815279
.029493694
.023210314
4.049092471
4.059362687
4.049003930
4.062572143
.028115953
.023284788
4.043303222
11.259041459
.053740490
.033192543
.023594264
4.056020710
.033380528
.041389572
11.250048524
.034470720
4.037295484
.031711477
8.092530199
.031035391
4.048372416
8.085347973
.035032153
.024170931
4.057524148
11.263296659
4.048154085
.031260364
4.049041600
4.042482791
.026617417
.025849310
.021042630
.021550659
.023819565
.022521845
4.041896116
.029089892
.032333315
.022138223
4.055904567
.038839556
.026170864
.024796897
.021634016
.036939009
4.051532452
.041077648
4.045651610
4.062899874
.032615854
4.051180481
4.050133641
.031258279
.023344358
11.249056809
.028182533
8.071424437
.029786471
4.038989721
.036628881
.025139334
.021566949
.034599606
4.063785650
.032561118
4.041529216
4.059237986
.033388875
.023388076
4.043352231
4.054860374
4.062903989
.028806891
4.059894735
.028811891
4.047457800
.034873551
4.044674563
.028055433
.053678535
4.038135943
.028368496
.021146729
4.043677820
.030872965
4.050234381
4.049906197
.039092494
4.052235614
4.048459576
.027930848
.022373921
11.245876512
.032233747
.026239172
4.038061347
4.060606348
4.051320175
4.050780331
4.047065448
4.060670544
4.046394222
.032139329
.022261625
11.236741042
.024671214
.024328987
.023179717
.021682094
.021344576
.027624958
.020975972
.022373214
8.073193209
.033861214
.021609256
.020520822
.026068165
.024552166
.023626450
.022050614
.023063544
.023880879
.030144053
4.049991248
.027504826
.023057085
.019095787
4.042336917
4.057395125
.033904424
.023267596
.019098620
.022666772
.023738247
4.048134095
.029820244
.024347864
4.038719128
4.049265369
.033272348
.024171312
.029555980
.023077795
.022196871
.047509371
.024769053
4.066348796
.037090472
.035634768
4.040340176
.027943725
4.052564297
.032293920
.022308752
4.054523654
11.249152570
.033759666
.042718858
.026657237
.024121141
.020772834
4.037146608
.031934897
.023905713
.023584237
4.056147930
.033634990
4.047803603
8.078198905
11.242962448
4.056026260
.024440821
.022158238
4.040895227
.027110423
.033300507
.026144454
.024172848
.024166722
4.050049773
4.058912754
.028916520
.022054150
