.691250796
.686490707
.711010248
.677449325
.707594669
.690826012
.690247651
.717484823
.682910844
.695122034
.677984191
.699738825
.687887404
.687299768
.689658148
.708195907
.694144521
.696248767
.673945823
.707458665
.706980566
.720197580
.720808285
.680824206
.702636655
.693865232
.696255169
.677891895
.675957775
.691846009
.711300250
.668636904
.684139634
.685035671
4.686344910
.701403886
.673552711
.695536510
.678600180
.705767100
4.713385465
.691922956
.702893172
4.718911603
.698562776
.693601209
.690241307
.704132621
.678900865
.695035065
.712159747
.695110282
.700330897
.685136074
.706978133
.711277486
.711124217
.705759418
.692192104
4.693729755
.704917700
.686917823
.699834008
.701443396
.695395321
.708426668
.694616124
.673067479
.705629141
.665905841
.695107872
.701746752
.688550274
4.716438032
.702393354
.705598788
4.705271865
.689892904
.701928282
.710422695
.704459691
.712872221
.714601972
.718932954
.705222529
.691370144
.687669199
.708697910
.704367413
.694331314
.712718334
.676059777
.670247694
.719998285
.669146208
.672078596
.684936044
.693634901
.719595733
.686432659
.716111435
.694174485
.687037958
.692212540
.691936073
.691682938
.688677829
.675529449
4.721450300
.704175275
.690344565
.707320060
.698294233
.690509938
.702167712
4.705701357
.694376338
.693521001
.694199059
.696014638
.696086167
.696365105
.706635165
.706240794
.691217552
.690061677
.713428818
.707949564
.712073790
.700918993
.691742236
.696232894
.697585451
.685534789
.698855493
.691538358
.709950690
.716262179
.704187578
.696626308
.698393970
.682734817
.713561263
.695480623
.682944909
.707111255
.723660459
.702495037
.714607017
.663177961
4.692535047
.700245669
.707742629
.691970454
.691905169
.686320110
.682731245
.701468427
.708447312
.678261801
.699302777
.699476228
.707573140
.705455953
.706579971
.694918462
.712177244
.703300184
4.702711479
.716290473
.686960697
.691812618
.699304749
.692795291
.712308473
.705331336
.695019927
.686439171
.687904320
.681051505
.693374032
.684246745
.706506002
.672285850
.718231146
.725333133
4.701658476
4.689002629
4.698102473
.687660052
.708106867
.710976699
.692240360
.704314449
.682944092
.704268961
.704693873
.702500309
.689814823
.693672794
.714084505
.707479882
.709374558
.715706112
.713569439
.697677231
4.710264096
4.717201821
.698714504
.700407708
.692031176
.703880172
.666397618
.701356107
.688089817
.686671230
.709923378
.673384239
4.678031351
.692770530
.692592516
.702106479
4.697588607
.701525470
.698469586
.701094279
.718808016
4.696386776
.683807336
.692023141
4.699267494
.699186134
.702332577
.703231837
.690446315
.690753823
.679472291
.711014889
.701081116
.705463323
.693726954
4.692218962
.694923795
.702764011
.697497378
.725494049
.681140750
4.679904996
.687644911
.707393969
.684484080
.712506891
.684785870
.697690879
.712076621
.693189134
.690213938
.686397684
.689141651
.699033179
4.702707621
.683011792
.707251083
.709512448
.697043587
.688039472
.689437591
4.712175716
.719650253
.680126702
.714947794
.697092042
.662843856
.671927744
.710655410
.723177017
.707458127
.677418355
.704941929
.711024911
.696439565
4.701011905
.714702469
.694529992
.721775470
.692342295
.684277097
4.684001921
.713152512
.709893990
4.698852594
.693329133
.682716779
.711352691
.701461262
.688790100
.718912327
.717434098
.704371670
.700844157
.674050240
.701365474
.707145355
.711363933
.695081137
.714214914
.713561591
.687928909
.688400678
.672617764
.693015441
.708730281
.686554099
.698559050
.689879364
.693861361
.687702260
.704138789
.689142723
.672070652
.686420203
.727475555
.715188966
4.702255375
.720080237
.682811029
.707236154
.689413917
.714839123
.692687295
.704884217
.695716443
.699851530
.696504714
.693909431
4.717262934
.710061102
.704256982
.710332352
.715157802
.692786142
.695182123
.711726232
.708789641
.704766871
.685488422
.719730790
.696953477
.687789920
.715215998
.708483198
.695400140
.711635469
.703877239
.698684411
.695497040
.700920779
.713266854
4.717727114
.693463761
.692106135
.689166413
.708979104
.709921394
.704920800
.687762225
.698660525
.678408818
.698448488
.702361212
4.716213927
.698831965
.707669216
.691940647
.706413999
.695226156
.692228770
.706949226
.697007640
.681122656
.710206479
.690374208
.670792269
.700814626
.671961606
.714540675
.698155147
.698380929
4.700221278
.697084992
4.713612010
.711334085
.730866247
.716753642
.723480734
.693835239
.708144657
.693943416
.690521472
.714053792
.687100201
.687724923
.710289750
.711519989
.708313112
.704056638
.703983445
.696701669
.702293782
.717030785
.683425615
.689266673
.697446005
.695129957
.713945740
.687259576
.691281481
.685122216
.695845551
4.701595275
4.700413358
.697923613
.703927428
.691976300
.714366324
.658967877
.688232871
.697403928
.682097105
.717853297
4.685004700
.697093114
.706176113
.687605111
.729417156
.699463291
.690954455
.709498036
.710050660
.702804783
.706869552
.685318586
.684634349
.697044334
.689742473
.689580021
.697502670
.698048943
.712397496
.697581179
.696548737
.673097399
.681575565
.687324355
.681811008
.691112551
.725990002
.700263811
4.720926909
.701308276
.719571443
.700629233
.714536303
.675649136
.714809057
.708795420
.744155366
4.675175746
.707229996
.711919222
.688680008
4.698269624
.716092013
.705659074
.699514283
.720951088
.702332650
.689277994
.705973638
.676008943
.707663169
.701703575
.692991438
.687248287
.697574665
.711830541
.695295790
.689650041
4.708374615
.686415736
.677578744
.703019736
.691528214
.696473627
4.718491284
.708276795
.698187352
.715863295
.711058465
.691727582
