.069645432
.043980440
.045659281
.045213811
.042113556
.042916576
.047934942
.043779861
.047642197
.046584331
.047755646
.053381285
.047370400
.044289928
4.056410606
4.070729038
8.087519585
.048053465
.048774291
.046897245
.054279710
.043850190
4.066700621
.043838567
4.065953677
8.083556669
.050694952
.041767735
.040644256
.050618804
4.065570561
.052338304
.044756929
4.071688790
.044871193
.043646781
.049988664
11.275466539
.041380203
.043175894
.046094523
.048201471
.042191508
.043781623
.043351769
.051157048
.047254741
8.094422916
.050075893
.051960188
4.073347141
.046697844
.042511935
.043693844
4.083942098
.053530475
.043303152
.046901919
.047783173
4.065859936
.052489519
4.065959264
.048875502
.048311568
4.067365622
4.058863394
.047718760
.044389482
.046155408
.044128493
.044552766
4.064091968
.048732467
.045646221
.045070870
4.067192255
.049152325
8.083027860
4.074372164
4.049378998
.048171699
.047142076
.045557766
.042196240
4.067196297
.044158908
.047764466
.041546559
.039666928
.045671095
4.071497200
.047745341
.048524601
4.069932848
4.069765356
.044139451
.044590057
.046634971
.048720634
.046977623
.046658012
.044666179
.053391190
4.075524324
.046472937
.045522101
.054516768
.043809756
.047155074
.045359191
.044067454
.043938667
.047270236
.046032954
.053628430
.053291110
4.060262169
.045622055
.049359357
.049831379
4.054593947
.045624680
.042737217
.040402898
.040774841
.048518435
.060550016
.046919792
15.289721359
.050352941
.052619430
4.073165547
.045406898
.044358317
11.314833629
.044240197
.051884586
.046252238
.053361107
.051994414
.047817214
.043986082
.043844379
4.057415371
.048135242
.045120618
4.057969056
.052808130
.057513435
.065408397
.046010165
.042794173
.048062162
.049051370
.044513851
.047979290
4.061357915
.053190531
.043957916
.044081245
.058682510
.045790756
4.067743273
.045120243
.060343858
.047662595
4.072408021
.049019398
.045576948
.051785060
.047925460
.051517877
4.082485734
4.062852770
.050418812
4.068489235
.048069562
.041783786
4.059564000
.047908877
.060171930
.046048099
.046437585
.041081427
4.054500260
.052958952
.050623533
4.061062746
.048104807
8.087576472
.051896769
.046001730
.049496234
.042339374
.043813082
4.067462797
.061285939
.044767989
.047029001
.041700673
4.065178663
.050776803
.043662812
11.263393146
4.071801515
.043438136
.046771996
.044009971
.042001256
.050551335
.041420463
.047408114
.045257253
.044480154
.053460506
.044666711
.043062855
.043951729
.043835495
.046517782
.046578898
.050185679
.044925133
.043505962
4.078803437
.042700386
4.066688568
.048655887
.041839797
.041878919
.044377524
.043406731
.046696218
.045452978
4.060069844
4.061286209
.045245446
.041301402
.045841379
.049706469
.044835421
.044342358
.050509809
4.081124298
.045957333
.040992498
.042630430
15.267919019
.049968915
.056746300
.046739717
.047208448
.046829422
.046385190
4.060757023
.047806922
4.057947223
.056134700
4.063662193
.045454979
.044731134
.047106910
.046531642
.047426355
.043572724
.055019413
.041734009
11.259586809
.053109077
4.061434995
4.063724566
4.075833311
.043523101
.046735509
4.060491117
.045232488
.046470812
.045704219
.052763549
4.058067052
4.071883351
8.082522673
.051954666
.046983165
4.048835021
4.070224420
8.079387887
.051620180
.046462228
4.071680943
.046311777
.050892627
.046101619
.041388565
8.085436884
.044974874
4.074918766
.046523268
.047051912
.046953249
8.082697583
.048522684
4.066925224
4.054919517
.048540184
.059013913
.056877461
4.071587863
.047427397
.051426354
.041671886
.043550100
.043528393
4.067745148
.053177073
.046829963
4.064534991
.045734509
.046208739
.044644346
.046642888
.052517934
.044510435
.045826588
.047740800
.054713759
4.060887267
.044661678
8.079078900
.055174907
.045934750
.048220530
.046314818
8.071424969
.048023580
.048353608
.045164199
.042103994
.043517768
4.059626195
.044949458
.044710427
.044132825
.042638679
.046452896
.047257987
.046385482
11.265956377
.048097285
.046848046
.043211072
.047016664
4.070138674
.048594723
.058432937
4.053876769
.058162074
4.058737233
11.274689387
.053056036
.046991873
.046279736
11.269541977
4.061350206
.053312942
4.065703691
11.291060954
.041548892
4.058482118
.052887669
.042133743
15.271508952
.053563390
.049456478
4.069036553
4.062319808
4.067547863
.049380211
.045248554
.061713013
.050737582
.049291998
.043267105
.044404797
.046542963
4.073651331
.045208906
4.067593363
.043893628
.049090660
.047201948
.044781549
.043850337
.046486852
.047567515
.048376982
.043440688
.043386648
4.079149714
.050499519
8.087716748
4.071633027
.043204406
.044348483
4.068646611
4.046865602
4.070885934
.050260570
.047028121
4.065598321
.054061244
.044628930
.045721801
.043778965
.044548975
.044439271
.045316484
8.069686833
.061055953
.050192739
.053277653
4.066679193
.045925251
.046334359
.044973457
.043510035
.044032858
.044876241
.049646352
.044800027
.042852497
4.063943527
.048827930
.052172583
4.072617325
.048503952
.045409688
.052691238
.041714639
.045152465
.042000240
.044137448
4.069111912
4.065186059
4.065881558
.043956562
.044981788
.043974063
.042218460
.040205051
4.068148064
4.069200959
4.057086379
.049801486
.049546096
4.059120080
4.071044984
.050728998
.048408821
.047868957
.042215794
.051590007
.046413455
.046085936
4.055479076
.046417205
.043503994
.042013657
4.074056367
4.061891741
.048389112
.044095320
.043475200
.044610930
.059611472
.044917335
.069187864
.047882836
4.075321499
4.068130657
4.074476089
.044596086
.045629447
.040372620
4.064389528
.049808044
.044211605
4.052850163
15.291426624
.052566157
4.069294738
.047832650
.045097545
.057200723
.044357298
.044960735
4.064020702
.046567621
4.076564263
.045167282
