.045573575
.020436793
.023082528
4.064420417
4.045271371
4.054564860
4.056140060
.032946668
4.050484869
.031132618
.029077075
.024378567
.020615804
.025142897
.024000882
.024066005
.025521655
4.040793420
.034894513
.022972884
4.048516954
.029449060
.021222759
4.061921827
8.068423026
.033971170
4.043734348
.029051549
.030018673
.023278383
.027597254
.021419176
.022682195
4.046960445
.041095713
.033440194
.029201384
.029574976
4.054311980
.044268090
11.258475158
4.052843664
.029379510
4.051999909
.029726760
.026999491
.022034404
.028851064
.023161194
.024240196
.036355379
4.059085127
4.059113125
4.056645959
.032713328
.044135924
4.049155451
4.051065993
4.060814978
.029290024
.048000537
.024573348
4.049258555
.036412060
4.045703545
4.059390230
.030176470
4.057720652
.027751322
.034190903
.025930117
.024860523
8.068718470
4.050052674
.027589049
15.281075268
.038356496
.024294299
.027612575
.021452983
4.040105857
.032996197
.026867921
4.045403772
.030625386
4.039951229
.029779284
.031888813
.029616452
.022138419
.022246779
4.065937852
.036382637
4.046632848
.037880200
.029283861
.020540402
4.047812929
.030455071
.027011087
.020769788
.021343978
.023982720
.023894415
.024630680
.023238832
.020032273
4.046027499
.037516108
4.065448009
11.258308023
11.254897612
4.051706353
.031136728
.021980651
.028478993
.021006711
8.078923843
.028844772
8.083715571
.028424031
4.048844307
4.042756533
.039823966
4.047195504
.035518020
.021600261
.022385000
.025228495
.019668700
4.034714907
4.064487320
4.063103318
11.250877349
.031155414
.023086875
.028428031
.021580930
.026257539
.028018413
.021032495
.022636304
.028212682
4.051321429
4.049432529
.036738333
.023224442
4.053345188
.030088500
.028001665
4.037798457
.029200105
.029208063
.030559818
.023721299
4.050815822
.024586655
11.263713445
.034373615
4.064275970
.031520912
.030224941
.021873104
4.045097837
4.055666787
4.057940683
.030725049
4.051897319
4.045354765
4.047470388
.030418794
4.050118269
4.070095675
4.066830863
.030782245
.022515154
4.038660234
4.056830929
11.261418099
4.054180688
4.051239077
.043776248
4.044064381
.030765788
8.061060278
.028112339
.026045753
8.078213367
.035554488
4.042714824
.031677395
.045121263
.026838821
.021794542
4.049468028
.037745280
4.059057553
.033230990
.025110062
.026602700
.023044311
.027670805
4.067802511
4.045565268
4.049825313
.029892721
.024764527
.018392982
.030875577
.024884775
.021551713
.022629318
.021214720
.019302507
.020924100
.023196807
.022065537
.019038928
.023434719
.026154251
11.260364411
8.086102425
4.056903761
.033553192
4.042451078
.033140742
8.069732737
4.074026393
4.051031706
.032053930
4.047846267
.026738364
4.048550170
4.048070305
.036639884
.021299593
.023453594
.024316036
.022939062
4.047231529
.029426980
.025098438
.025357307
4.058683227
.032399007
4.056253064
4.044497248
.031389984
4.044996113
.029433521
.025721925
4.046127425
.029612768
.029163276
4.050039225
.032322383
4.043451350
.033443986
.030845453
4.047421275
.033362988
.026355455
.022360989
.021571713
.026313331
4.050709046
.030976117
.024424200
.025479388
.023326763
4.042858737
.032606836
.029515103
4.039439053
.041437542
4.037094180
4.049078118
4.048231301
.028492289
.025999045
8.084086713
8.078843647
.030192424
4.050098599
.027493309
11.249040127
4.051801650
.035305367
4.051729276
.032658002
4.062286616
4.056533643
.038138481
4.059443421
.031307236
.022251992
.025592761
4.046823703
4.069089862
.054871198
.026283228
.027250950
.024352908
.024497065
.026985035
.024023715
.022692385
.022461215
.020480975
.026141122
.027096791
.026557189
4.036115842
4.044973594
4.055825106
4.059982923
4.055023322
4.066588672
4.051431343
.033802105
.022819045
.026912959
.024247405
.024323187
.023778678
.024097426
.022428862
.022002889
4.050776108
4.057752911
.028737496
.030306259
.025585303
.030785183
4.050349597
4.058573777
.031792309
4.051791885
.033097074
4.039403068
.026955967
.025413131
.033175758
.022862221
.024245798
4.064824872
.034279359
.021432180
4.041364064
4.054240036
.032015852
.028688308
4.046516382
.027471386
.021898482
11.258829146
4.050407436
.036709769
8.065148200
11.263490735
4.074545950
.036507490
.026908075
.034107176
.042713584
.028073150
4.055965649
4.061671103
4.044320063
.055114079
.031309627
.024600895
4.051485658
11.246432964
.028575025
4.034198739
.030539188
4.050951742
4.052294614
.030501932
4.044533500
8.067395102
.033521189
4.052991893
.035572906
.029798879
.022052423
.060571345
4.043498963
4.062448710
.028947062
4.054878468
.030029133
4.056325944
.034244782
.026222858
.021348900
.022706398
.021635376
.020920792
.021926602
.024900696
4.042699625
.032139083
4.059313485
.030114928
.030448192
.019368225
.020916267
.023055904
.030063383
4.045919821
.030459069
.023774473
.023304372
4.054507376
.030647966
.027002346
.023323642
11.249160537
.032019379
.040475512
.065419150
.027316022
4.055084889
.032969041
.027539221
.025792501
.021420579
.027950839
.022849753
4.052201517
.032209073
.026737932
4.055250466
.028134696
.022462641
.022752843
.038839360
4.044240525
.033040450
4.052609257
.030549968
4.039350107
8.080265547
4.049480099
.038877758
.026836325
.043295757
.025471465
4.046580407
.038145599
.030198398
4.055565653
8.072961640
.034006508
4.045375888
.034670096
.026545956
.019352697
.018497980
4.048416113
4.056854597
.024471440
4.054630117
.038740859
.022940452
4.049070984
.030471704
.029606331
.024517803
.022412080
11.254303004
.029702627
4.052790556
.028955618
.027433478
.023799426
.021746225
.020666841
.022363069
.021587999
.024175094
4.042870931
.043913025
.024908012
.043188496
.031618061
.021274431
.020967879
.022158268
4.056797513
4.044135750
.030607831
.024731526
4.060184447
.033621153
.024639939
11.244412800
.027562580
