11.277320586
4.056019506
.038160328
22.489846984
4.061112732
.032057830
.026892439
8.070017223
11.260390815
8.072155970
.029385178
4.046553412
4.046646618
.034191036
15.283121641
4.047926216
4.062406539
.031205598
11.259955911
15.291237173
4.058307640
4.057401068
.030058878
4.051677240
.030180262
.026207740
.028486128
8.062587673
.033207127
4.057312853
8.083909609
4.059415936
24.214097557
8.083931390
8.062164845
.028788441
.031900834
8.068362674
.063927289
11.245469210
4.045695555
.029073059
4.032334292
15.271273055
8.076291175
.034167411
4.056342415
4.044714992
4.072483120
.030157912
.025267472
.021556633
4.063137148
.026196661
.026471447
4.053401102
4.050143004
.032857938
4.061092192
.035652839
.023813585
4.048577036
11.260387109
11.252268229
4.061838586
.031909274
.024549858
4.065496209
4.032992763
8.070840618
4.051549064
.031208010
4.049266842
4.045961621
24.228891215
11.257003636
11.248677851
.038456863
.033197974
8.084441838
4.051067609
4.071919881
.035841168
.025260431
4.062642201
4.054870280
4.053531766
8.072606836
.032874730
4.070942736
32.272618810
11.250559760
.034946223
8.060198484
.031324353
24.227172436
4.059282479
.047094183
.050457904
.026528362
.048715440
11.253347462
4.058861738
4.049314270
.026572653
11.245851661
.036342699
4.044628202
.031654338
.027658673
.044718857
4.053284495
4.052916799
4.066849206
.040048843
11.246087970
4.062089447
4.039528955
11.252335062
11.259054391
28.257395234
.029563605
4.058028614
11.261886952
.026982567
4.047081811
4.062546609
11.271302356
4.066467561
4.054366843
.038265539
8.073059914
8.077161348
11.256588136
.037767865
4.077204398
4.081188804
11.252523215
.037644866
24.209957759
15.291108532
4.061630899
.030305458
8.059151350
4.057627988
.034821582
4.043839257
4.067410628
4.055362648
.028370376
24.208764333
.028285164
11.261061859
.037389743
4.051897140
.038331167
28.229384777
4.050638489
11.264936242
11.263872233
4.047605024
11.251225002
4.040297704
11.249340398
.035514146
4.043334904
4.031881019
4.062312652
.027697688
4.060905337
4.051373075
8.083409546
11.268293251
4.054618620
15.270320300
4.054480472
11.253234916
4.056144419
4.058130566
4.061695165
.033471134
24.215067254
4.053584597
4.065573303
4.056397516
4.055742350
4.049961654
4.051359472
11.266540384
.039005272
.022676088
4.051289199
.038834892
11.270322171
4.054362037
.040936612
.030937952
24.222771508
.036935321
8.076932621
4.067060639
.038353913
4.063125680
4.066183049
4.058240939
11.279977221
4.068223856
.027452931
4.047469536
4.058330723
11.258453918
.032891651
4.047458295
4.066192333
4.043815503
4.064528997
4.059108541
4.051787546
4.046966137
8.072436358
4.063646812
15.254019117
15.287939328
4.052025322
.052499546
4.059890908
8.076344249
4.047367223
4.053086568
.041375976
.027919158
4.054819127
4.071648458
11.253463258
4.062525946
4.060047086
4.058452441
11.252869004
4.047786690
8.086553644
.031153690
4.048250372
.037811915
.028709737
11.248038046
15.280611488
.039810816
4.042529008
4.048258080
24.216902609
4.042626861
.041648601
.024820791
47.522160041
.037387382
4.060355841
4.063038269
4.052682363
.029932733
4.057486322
.027497567
4.073584545
11.253334383
4.046479359
4.058465812
.032868977
4.060961672
.031876595
4.046937212
.033774408
.033441919
.023258219
4.048337700
4.049941747
.029860249
4.041698504
4.047498618
8.076414352
11.246290596
4.057495731
4.065685135
4.064228524
.029495646
.029138241
4.040412581
4.052281983
4.056319480
15.290305368
11.269778996
.032270824
11.272452960
.041433530
.029951778
.021947996
4.051492673
4.053053854
24.217324772
.032812566
4.044328468
.038871164
4.046312049
4.065814688
4.048326681
4.070057706
4.046986919
.029010485
4.047162721
4.052995254
8.084386229
24.223129239
.035772645
11.250987851
11.259190190
8.076549895
11.256674554
8.083465919
.031932580
.022319007
4.066125452
11.253898273
4.059395765
11.251412330
4.055638725
4.056440125
15.276146759
15.279487727
4.058019496
4.073639509
.027908631
.027583276
4.048507590
.029825806
8.090631760
4.050241142
4.065120270
11.254315876
11.245192020
11.273361814
4.055002995
4.056867907
.037373429
.027989094
.025978323
.025216513
8.096100493
.036318546
32.251458143
4.058624802
4.063709821
24.221218129
4.054615766
.046524074
.045199496
11.265961711
8.080393427
11.257810909
8.082404047
8.087794722
.026220962
.032114883
.027695702
4.049634033
11.238022796
15.270815045
4.055149229
.038559093
4.045933414
.027352210
11.254889681
47.532691511
4.061871047
.057211865
4.049800993
4.069016568
4.049101678
11.251628868
8.083565753
4.051109043
11.269356408
11.260975396
.035581468
15.280462604
24.233907884
4.061554987
12.097526207
.033703161
4.061489981
4.065133899
15.285390328
.033941364
.027110674
11.235354644
4.054344167
4.056765854
.051095891
.038383990
11.249920604
4.041901885
4.058717713
.035030964
4.047933694
4.052960110
4.051342827
4.059666603
.026815061
11.251741336
15.271258835
8.067270067
.030899634
11.255966116
11.270236101
4.061419843
12.085614189
.037267872
.026307547
11.241748416
4.052226840
8.072386632
4.060700087
.035113650
4.056882530
.034914187
4.041176391
4.055796527
.029195627
.028480722
.053374741
11.257763583
28.254058991
4.064900634
4.055950267
4.051441173
4.055711004
4.047920753
24.223355084
8.082969782
4.057522537
.036305392
11.246308315
4.048846424
11.255737763
4.044095846
8.085883662
.032726158
4.059705615
4.044653786
4.053795822
8.076070765
.046984698
.026559015
11.264562646
11.263234340
4.066595423
4.044765400
11.249480556
4.068375648
4.056996232
24.212249532
.030641588
.028723369
.033965710
4.054023891
4.060071543
4.042028968
11.248913306
.037245054
4.063671979
11.258121530
.043818803
11.264142707
4.057207422
.028718025
4.065814438
4.058510223
.028564512
11.254805054
11.249691652
4.051280114
4.051269361
4.051496302
4.052652490
.035822297
8.080694470
4.057087994
.046573772
.027237193
.043236561
4.067095160
.036107228
4.056415663
4.053080620
4.050622076
4.050517126
.032718937
.023738741
.026787221
.022600879
4.040194977
8.081070122
11.255761210
