.044316334
.018587027
.019233730
.019584145
11.243810149
4.042794167
8.072187834
4.054346641
.027941754
.023430495
4.040989864
.033058675
4.054340517
4.063061036
.039399420
.024330823
4.044469392
.038700107
.028819072
11.241989464
.024332931
.023740394
4.040203267
4.047335698
.028591607
4.042321424
.038046074
.028199777
.030784881
.036948499
4.045335158
4.055917659
.033108780
4.057670312
11.249498786
4.044959205
.035156847
.023690063
.020159757
.022665571
.026751788
.022083200
4.047733625
.034626509
.023219463
4.039979506
4.060838367
.027824675
4.044423199
4.076861747
4.045379718
.028930023
4.054565602
.033526526
.025752888
.024010322
.026942169
.018916494
.026837630
.021797884
.021112015
.026808837
.023051373
.028686404
4.047483959
4.038320967
.032784451
11.231765679
4.048106064
8.079463157
.028388449
.022430170
.024840356
4.041972204
4.063595795
4.057699194
4.053660223
.035151776
4.047040667
.030128122
.025513168
4.040408921
.029716336
4.069472657
4.064853972
.030655058
4.054610103
.030318646
4.041143208
.032475831
.023235260
4.042867235
4.059022818
4.044134014
.031474384
.042644185
.020864285
.023527340
.018068272
.023710296
4.051149733
.031350718
.022755848
4.046931985
.030297437
.027187219
.023612923
.020883632
.021560663
.030279277
.045457144
.024209908
.025030232
.021465692
.022746935
.027722000
4.045795334
.036749628
.023042491
4.050788370
4.035322621
4.064943251
.037407175
.032566394
.020863647
.023225497
.024612898
.024628314
.024497108
4.037968224
.028300400
.025416556
.023240538
.025816427
11.247992535
.031600947
.025967800
11.258187888
4.053741026
.028835519
.024397317
4.046298107
.027202495
.038722623
.027800765
.021205350
.023603319
.023632110
4.048484432
4.049353973
4.045853917
4.042037462
.029439537
.035220836
.030143270
.031656919
4.047529780
.029357536
.024002723
8.074845900
.027200398
.025845538
4.053269089
4.055528703
.025456960
.020977385
.028067388
4.063992095
4.050355509
.031632454
.024935742
.021020498
.021500617
.021180912
4.046115532
.030944337
.025037282
4.046834317
4.052417210
.027299047
.024354375
.034782041
.021128746
.024755411
.021902070
.026816845
.029230774
.022991558
.018742692
.023853505
.018917648
4.049559911
.042421658
.027125049
.024130627
11.248737835
.025843191
.027942577
.024945205
.021520257
.020934974
.019941627
4.042583253
.025459997
4.038127186
.029233169
.026179624
4.052211385
.029097883
4.060543033
11.248628887
.035622968
.020728448
.021166109
.019795876
8.069543909
.036383125
.025275057
.026521875
4.036061626
4.046292747
.030041539
4.045265178
4.049569415
.022905921
.020443452
.021278982
.022694006
.024727439
.019907333
4.050786897
4.047149071
.027891700
.020986170
.023547260
.024713702
4.040543781
.036652219
4.039441268
.032888483
.023233319
4.036322105
.038200831
.022905032
.021909295
.022672118
4.036315231
11.248168870
4.054263316
11.257659299
4.049927832
.029868941
11.249603569
.025316180
.035752380
4.042548078
4.053911176
8.073748912
.028901271
.025727606
.020902922
.022229654
.018773410
.021303250
4.047561412
4.046673927
.021497705
.023421096
.022945311
4.048679150
.034236865
4.037670425
.045553018
.026559372
4.059906466
.029578162
.029513705
.020138713
.017653874
.019741927
4.046283577
.029966074
.024860146
.027131197
.021557401
4.040271579
.030349860
.024024242
.020642540
.023274752
4.034427746
4.051237840
8.070130053
.032353948
.019572192
4.039328882
.028474698
.025585617
4.047022789
4.060286181
.022987244
4.055077303
.034163412
.024598554
.022638875
.019370297
4.047475506
.027529302
4.044499552
.027971296
4.040446072
4.054059413
.025033256
.026997810
.023933730
11.238307291
4.064904182
.038560878
4.052373331
.034726258
.026208824
.023033709
4.046258365
.028310767
.024249206
4.043723477
.026976044
.027266124
.020927012
.024207254
.023316725
4.039469221
4.055801673
.036721939
.023479433
.022485740
4.043445108
.028954141
.022570072
.042558243
4.061099663
4.040373955
.031986954
4.047424703
.029900570
.023406089
4.042353125
.026040172
.021945238
.022389064
.021220916
.024333366
.018798120
.019047825
.022954472
.020282431
.020839588
.020850088
.018287128
.021574660
.023336757
.025540805
.020711965
.020292847
.024520280
.019423902
4.046907013
4.044618883
.030298564
4.057461680
4.050733578
4.054883596
.025852217
.024856191
.019796521
.022460938
.021362580
.017887718
4.051259526
.027073357
.025053729
4.039163554
4.054728320
.031648562
.024030063
4.045078753
4.048143421
.033133170
.021215613
.018699696
.026382613
4.041945647
.028848156
11.251622424
.029809099
.029670560
.022643507
.049336258
.023303111
.022177046
4.038740064
.030331493
.023023448
.018856934
4.038010668
.027672745
.022829410
.049693021
.025407022
.021720669
.023419889
.039360449
11.255318341
.032366903
4.040779116
.028319014
4.050051708
.030001985
4.045452203
.023709677
.022455740
.023904048
.020589939
.023386348
.021867041
.026842956
.023996547
.021258177
.045244538
.041100094
.026257819
4.062261529
.032206615
.033411093
.023983350
.021829140
4.030098441
.032135159
.026476888
8.067687891
.026581428
4.047314479
4.053325995
.028989634
4.056122111
.026846798
.026623885
.023391737
.033740630
24.212919728
.034123181
.025926171
.018767558
.021965330
4.047610372
.026366129
4.045290756
.028334759
.021573928
4.032021513
11.260984116
.026863871
.026028721
.023415061
.020725445
.025350025
4.048946720
.026670042
4.045507618
4.044566719
.028191346
.024059382
4.060123553
4.043359242
.032705762
.027262905
.019820212
.022757990
4.045651949
.031891933
.022202326
11.240810766
.027047063
4.038879677
.030369003
11.249595729
.032016722
.025310558
4.039114930
.026823155
11.260961064
4.048402548
.023232348
.023584799
.022566069
.032615375
.029088777
.025566557
.020686901
.021784450
