.043673212
.022037397
.019069489
4.050307219
.022858103
.019152530
.023552018
.026732301
.021148066
.018837697
.021669856
.019679528
.019686945
.021846522
.018782573
.019715904
.023178853
.030137583
4.047462227
.028122297
.028037130
.021776315
.026554843
4.042480158
.025572804
.021449399
.020115027
4.039821749
.029219502
4.040648913
.024991014
.025475513
.038957267
4.051906132
.028112422
4.036621425
.026544968
.027068508
.022848020
.019727570
.037076463
4.047034048
.027299211
.021749482
.027614815
.021211244
.034540825
.021291834
.022854516
.020079360
.025352965
.023503695
.020247752
.021531601
4.036609994
.030131943
.023340390
.025066836
.029810960
.025048576
4.040754217
.023184213
.024687861
.022524278
.020852696
11.251473903
.026463962
.024201862
.020720659
.029239285
.021583425
.023109460
.033206320
.017763894
.026320626
.024935842
.017365406
4.044541144
4.044453341
.027401021
.023910438
.019458447
4.037998822
.029402592
4.033065294
.026179376
.023260050
.019162813
.018470066
4.052417053
4.032884655
.025838344
.024570884
.029244982
.021831779
4.047398923
.027478706
4.043917848
.027958224
.020859656
.020426069
4.045690957
.027301862
.018232626
.025766197
4.045064896
.021808647
4.045723259
.036515683
.021880126
4.038989175
.026804048
.022136119
.026376587
.032843634
.023896767
.022975369
4.052721672
.028085804
.029606922
.019698145
.020669684
.018166273
.018161980
.019384551
.023846461
.020620127
.022582335
.024579095
.021318627
4.044590672
.025593480
4.039458147
.027208584
.021399817
.019229131
.038008127
.024578720
.021986075
.023008253
.020761127
.019817221
.025479696
.020756126
4.049425609
.025151140
.019219336
4.047751903
4.042180459
.029137625
4.042207008
.026702929
4.057521455
.029029197
.026869779
4.049391332
.023139124
4.042065494
.031150112
.024769783
.021704902
.019024475
.019328588
.019982192
.024412207
.021610309
.018704526
4.036385358
.032738433
4.046087219
.026394108
.029333851
.021423916
.020883780
.040224994
.021696651
4.045612173
.027725987
.022417638
.017032239
.019945730
4.042153961
.028050519
.025176656
.017929909
.020051074
4.054065702
.025622824
.033173808
4.050873559
.028818052
.022644284
.020007362
.020902073
.021373369
.018347700
.020235050
.026415318
.020177670
.024722236
.019403844
4.020809136
.027246065
.029062826
4.048701666
.029709451
.019905832
4.046271703
.029089188
.021213518
.018823825
.026246702
.021615343
.018097732
4.041066639
.026592495
.022189515
.020660983
.021011548
.020092669
.017473103
.022256108
.020598093
.018597974
.020313041
.018112760
.024305986
.021256215
.019503971
.018570424
.018310835
4.047589722
.021671858
.021413270
.021213857
.020030553
.020085772
.019466075
.019539880
.019513876
.018503607
.018305612
.022274508
.019901943
4.044555616
.026809945
.018749304
.022660936
.020862691
4.038493866
4.043228881
.033655902
.020784815
4.050714274
.027728309
.020198864
.019730651
.020169647
.022295574
.020263664
.018745139
.021278014
.020211946
.021704967
.020128470
4.052578793
.034339976
.018390812
4.034836632
.023556188
.020973012
.024089988
4.050592381
4.028661248
.033241518
.025593169
.025350651
4.046511077
4.057461880
.029044069
.025559760
.020435698
4.041444487
.030199763
.023118097
.021726783
4.050764223
.027761047
.024427046
.021446363
.019349787
.018464803
4.040520075
4.050794879
.028315804
.019721002
4.048545781
.031405804
.025654174
.020471918
.018714456
.022003447
4.061628575
.028415442
.044582835
.025876759
.019661389
.019166145
.021079022
4.038395670
.025786280
.022954427
.020437428
.019302895
.020185159
.017182754
.020035566
.019335228
.021029382
.031031747
.021452993
.019569491
.019952975
4.038386121
.034909065
.023018999
.021083747
4.048739813
4.053361684
.027045692
.027099362
.021234277
4.042583478
.046249360
4.043877021
.025274025
.022919570
4.050802900
.037929691
.026893024
.030340894
.021058327
.026492745
.018107647
.021684595
.024184958
.021206988
.019312976
.020086236
.020281354
.039045623
.025410314
.020569959
4.044446206
4.033005343
.028444046
.056527486
.027598414
.035374303
.023677443
.019387038
4.044995004
.028758633
4.047841608
.028671489
.023456619
.018902578
.037440685
.026616968
4.041661381
.033185705
4.037142235
.031169927
4.046376208
.027145256
4.051019707
4.039747866
.030786166
.021529548
.021444710
.025038884
4.045848324
4.045315033
4.045229067
.029371065
.021387352
4.039988483
.028205915
.021507390
.031401566
.021901284
.019154654
.017584872
.018548417
.020546135
.024086677
.023593987
.026118564
4.039195897
.036936021
.025813958
.020822640
.018566617
.021256451
.019068974
.023449138
.019957391
.019176187
.023744774
.022796355
.024085791
.020978687
.039302599
4.041548529
.035435588
.035962389
.024246148
.021760574
.021407176
4.041953096
4.053416579
11.251960465
.036774623
.019504041
.019526415
.020411740
.033113951
.019436210
.023260705
.023352575
.023380199
4.043824589
4.049537802
.032230021
.027597446
.019382200
.018236223
.016881174
.018703155
4.041835668
4.057814029
.031189889
.020085522
11.260830234
4.054054702
.040918549
.022121176
.030772289
.021227931
.036954371
.021235842
.024260217
.018476517
.019555562
.029738652
.020250592
4.044414418
.027397755
.020439843
.017807775
.020165248
.032154684
.024159671
.020886462
4.050763501
.023551682
.027705297
.023251504
.041218317
.026891607
.020281543
.020339462
.028679711
.021907724
4.041224458
.031174040
.021499371
4.049778748
.028635871
.045296333
.023001017
.021415084
.019187194
.025461057
.021042525
.022512842
.019139321
.020693216
.022099203
.022563879
.022631499
.017360275
.017297904
4.045569626
.027399834
4.047445216
.026379941
.023089374
.020588128
.027579399
