.931584864
.899271019
.897396649
.904717908
.913051998
.891968953
.885338032
.861847692
.892787434
.895113782
.873591439
.904619113
.884765712
.896785975
4.903034769
.878560443
.913990512
.915208084
.858952640
.915812542
.894064906
.881067682
.878356283
.902427491
4.897926598
.908969999
.893161429
.870306153
.869861990
.890947099
4.881700592
.891081854
.886209605
.919393794
.884526782
.890120945
.899866189
.910052677
.899908204
.884280506
.869312524
.891523065
.891333185
.899088225
.884094641
.889428104
.900779577
.894730402
.879909418
.883499581
.896725853
.870788933
.907080492
4.870309998
.885027430
.920475943
.903414743
.900289477
.892848905
.895566378
.925831312
.907644853
.886821938
.893109544
.867886879
.908869575
12.105692324
.921374467
.881792995
.880471327
.885926159
.878948794
.905035678
.878461337
.884915275
.901981209
.897329328
.884470455
.902007931
.884754514
.881841033
.903078186
.884971791
.882483751
4.900967677
4.904576377
.888269744
.894452416
.862803410
.874120847
.876030833
.896097212
.875679208
.889128358
.905852042
.885176898
.901999810
.888172637
.906352638
.898254293
.903113528
.868147251
.880256751
4.916103877
4.896671094
.896040013
.886997863
.861676670
.898278589
.877536898
.862899098
.877578848
.914624155
.902730452
.893426051
.864655298
.891042701
.900878444
.909899094
4.891293304
.857762967
8.899478795
.900356188
.897578294
.893949409
.897905012
.905412063
.898563826
.876995341
.863959525
4.890008671
.898298021
.889847488
.871396059
4.884301055
.902595868
.898686320
.887450738
.868988933
.911902234
.883232961
.898709513
4.907134210
.910177857
.873320481
.888563143
.890551349
.905529916
.898633852
.894036811
.896612109
.912556057
.905322606
12.110833616
.876789943
12.110915874
.884953361
.888346780
.883425744
.897228425
.908018214
.892927799
.894744565
.893627151
.889804699
.900888753
.891907721
.871717823
.895055341
.902234975
.887906122
.904002540
.852437703
.879397677
.882655384
4.891275148
.899504222
.883842615
.898717559
4.910533938
.894025875
.905451842
.880860518
4.879682549
.872126833
.895139647
4.882100263
.892967636
.864279846
.907040106
.877508017
4.874226476
.890767224
.882767112
.891600534
.893045287
4.877315451
.887857921
4.895577145
.903074705
.920286483
.902213174
.868561026
.896893543
.916119909
.894064387
.905786059
4.892688007
4.894914296
.902958934
.891869205
.889797886
.896341025
.888615455
.924074559
.869230809
.889823496
.876780043
.887352036
.877418620
.888995781
4.910447267
.864960761
.864102449
.872373731
.870828080
.914922913
.878525861
.889068085
4.897098197
.884228142
.884679352
.892475970
.895843178
.857071361
.889687770
.895979072
4.899588267
.896583132
.894095725
4.883010302
.894209018
.875245317
.882522658
4.871793675
.901890561
.898123371
.897658070
.892395989
.885352924
.881698064
.874470122
.891976687
4.879948490
.904205899
.899993250
.903273412
.913825886
.899558164
.903911651
.904473697
.891622934
.896981777
4.875656052
4.873193403
.898557562
.899305272
.879858530
.889731500
.888518878
.885213308
4.902513380
.890413687
.890312036
.884000328
.891349183
.882053270
4.881319426
.898317683
.887452114
.868225218
.888279036
.881014424
.881798889
.859225318
.892189691
.900073585
.891017489
.871128759
.895937091
.894595155
.894247550
.900781821
.908082898
.906046099
.897839865
.898960300
.887072954
.894813686
12.107821238
4.892908754
.869255360
.901982696
.912185812
.894559832
.900207320
4.893911682
.902602087
.870574200
.878600825
.909146212
.909465889
4.925972420
.899548124
4.879751278
4.891939936
.886080702
.893636358
4.906878413
.896475157
.884468816
.883337433
.887259329
.924516503
.894636140
.901883975
.884895497
.868918112
.907246774
.883842180
.903109241
.885814977
.904583905
.907225875
.884575950
.892967963
.900583329
.875918675
.854556301
.868488502
.903851409
.881731409
.879704391
.899081975
.888628919
4.891352226
.884088826
.904309250
.886420391
.882505893
.879130222
.884502523
.903615181
.882733627
.898154435
.912195752
.894289292
.874885014
.893656926
.903096058
.903372383
.889196478
.903647574
.878491067
.894835232
.863731044
.881498020
.907330247
.911030729
4.929636179
.896508848
.890188957
.886177246
.889008266
.885746886
.899923687
.911649230
4.890451594
.872678952
.897549030
.893439400
.879905769
.878166171
.888999767
.877271827
.883895827
.870205824
.893847539
.895323987
.888687730
.857558003
.890559442
.889683618
.877138296
.883011807
.903746638
.906846761
.887833588
.885292044
.916708394
.880394990
.885450332
.878599118
.877888263
.897155018
.903720584
.868190708
.872404020
.897479053
.887045375
.881717599
.896234922
.879220656
.871575153
.877540267
.869146268
.865754833
.897352084
.902207351
4.891951046
.864605415
.867128006
.888896535
.904626715
.906952005
.904448792
4.892496940
.889985412
.905646171
.896540371
.892121424
.878290216
.880608930
.899520261
.881538345
.887471818
.892463381
.893957207
.885070757
.910242562
4.911486810
.883392948
.897710714
.911530831
.878226938
.905864375
.878926445
.890225107
.886347656
4.889295810
.917033963
.874360741
.899405836
.882843813
.896131820
.901609358
.894049016
.891878049
.903184137
.902709347
.903030297
4.906443169
.905331804
.882198976
.892344900
.882585202
.899904562
.881513208
.897998786
.879845370
.889296766
.879654798
.882149076
.899732713
.882650942
.877000147
.897497439
.885781074
.910192908
.879825197
.886726300
.877428248
.890811526
.895967113
.875462062
.889473880
.884234217
.893283159
.885117972
.890818337
.856311366
.890315044
.893850040
.897344517
.896414677
.869971900
.921408018
.904344863
4.911126797
4.895579304
.891034153
.880498491
.908169756
.903283161
.881501286
.897552334
.884457889
.887908564
.889566054
4.884468581
.910804550
4.881784746
.903802025
.887038042
.883119834
.885520486
.887339783
.880847709
.899747961
.891784727
.865811356
.884050837
.889504745
.904184680
.881798246
.906869423
4.895415429
.894659081
.924035344
4.909035669
.904604302
.889612848
.890895754
.895071389
.858776899
.881572716
.865455369
.887657777
.862800251
.908266025
.893498149
.855918493
.872034083
.884681511
.879712757
.903299016
.886171132
.896699272
.872093180
.871274721
.913601545
.862215145
.907030154
.880545718
.897272087
4.887410678
.891295332
.891775478
.897089214
.898888931
