4.057494498
.024459576
11.228897663
.021968993
4.041535431
.023981919
4.042349258
.023901558
11.240090427
.025256202
.020392033
4.032058783
.025686194
.042990446
8.044272734
11.238306709
.033015038
.023265944
.018387876
4.048620356
.024366127
.022863656
4.028771639
.021132741
.019379857
.018583496
4.048496800
11.232172562
11.235428341
.026553699
.023650879
4.038529354
.023388676
4.041152180
.022479527
.020533898
.022485068
4.033797989
4.041529924
.020748852
.019538000
4.030191600
.020697144
4.040554026
8.043994305
11.233878407
.023512103
.018881239
.023541602
.023710057
.023332898
.020894198
4.025867064
.022565873
.021904095
.020719244
.022760660
.021400397
4.039003330
.019213316
.022501666
.021097778
.018008299
4.035147802
4.037402636
4.041536303
.020445458
.017651348
.021520477
4.029755752
8.040712470
.026302464
4.030562081
.023757111
11.243408065
.028591752
.022045937
.037036401
4.040767074
.023984457
4.043539484
.027101046
4.039834043
.022139704
.020902941
4.036973820
11.236675790
4.042409671
.023252623
11.230398789
11.235715591
.024305602
.024520888
4.032335951
4.031773841
4.037264120
.022461272
.024062399
.018896153
.018635909
.025468614
.021285802
.017705266
.026590752
.019953501
4.036588720
.031224470
.018818155
4.040734950
.028840904
.020060582
.022610018
4.048987795
4.033456367
.026717012
.021914096
.020907955
11.234809941
.021174443
.020651667
4.032066668
.019754165
.024682946
.022810165
.027615074
.029747315
4.042759778
.022150691
4.046689191
4.042416733
4.034122908
.021106155
4.033842149
4.034139016
.022389244
.034390745
4.051257981
4.040395535
.025698260
4.045253585
.020884427
.020334445
8.043867409
.021850900
11.235220759
.025407795
.019950755
4.032516791
.021798406
.020386034
4.031865075
.031641434
8.041755633
.023097366
15.280510609
.029879552
4.041086123
4.041887716
4.043838261
11.253987422
8.058776928
.025633556
4.045218502
4.064058734
4.042109644
.033904292
4.050325631
15.266619901
4.057285515
.026549629
4.051827769
.030742575
8.072077507
.026874952
11.248810250
4.061351649
.030697718
.026642104
.044122683
.032008215
4.049413093
.032670151
.030276649
.024969911
.022720111
4.049529963
11.251352777
.028154583
11.233669693
4.047860667
11.264084111
.031950276
4.049524449
4.044612076
.037559083
.026418049
.017941674
.021015403
4.052231856
.031144012
.050158072
4.107409448
.027122464
.047366711
11.269886235
4.037141835
.062144291
4.044508968
11.244480765
4.057301001
.029178618
4.048225481
4.040063722
.026524501
4.044372800
.022348335
.027364833
11.236173302
.023980558
4.036902873
.022261658
4.046562137
4.035741204
.023625278
.023244916
.020634463
15.260604596
.026679090
11.240965678
.020762834
4.048850694
.018627498
.031920165
4.045071862
.028435003
4.044487507
4.022393853
.021904026
4.036161164
.030741211
.026514557
.025777622
8.045418550
4.035183389
4.038805118
4.036647347
.027040832
.033310587
4.033527861
4.051101514
4.042360539
11.233867281
4.038866566
4.041216489
.026455559
4.036117237
11.252006014
.025892692
4.029507996
4.034577271
.025834362
.033685707
.031772189
11.246250081
4.043569766
.045886423
.020664138
.040129683
4.054004686
4.040515596
.034417561
4.044356623
4.033568261
.023685371
.025533357
.027020396
4.046190573
.031505343
4.044693855
4.038433475
4.039455103
4.035029483
.024914582
11.234868132
4.042627337
11.244795890
8.058377769
.026524394
.026278485
4.056998734
.029518927
.027803352
.027051541
11.238885765
.020384236
11.245138567
.028126884
11.245624004
.026984386
.027681163
.027048802
.027261880
.024965720
.021894538
.027465725
.024979000
4.039030452
4.045371568
4.032605107
4.041986622
4.042921850
15.268268143
.022068456
.022811144
.024090774
.026604245
4.031780924
.027297891
.035222417
.023252548
4.052516410
4.032792659
4.035842575
.026698559
.033053885
4.041457546
8.059330364
.029266383
.023776731
.029333673
4.052056156
.025748029
.025067256
8.056213524
4.048517975
.031116419
.024015599
4.035538235
11.242809525
4.037779187
8.071018011
4.056511515
.026149574
11.248092406
11.237467124
4.044622939
4.052760387
.026470646
.023860127
4.046883857
.028428413
24.217525773
4.044107107
.025650146
11.245414954
4.042989504
.024141512
.027397233
.023409071
.036746945
.025579815
4.051122007
.025411222
4.043596115
.025595913
.025854401
.021022498
.023996981
11.239101628
4.045085564
.027321477
4.040262906
4.042697966
4.042469342
4.037768479
.041539933
.027485015
4.040553338
.033345436
4.039896102
.025771260
.024740322
.024639533
4.033507525
.027612930
4.043430047
4.043273781
4.033687613
.024976194
.027885555
.022901772
.030311464
4.046537114
.024855229
11.241008662
4.031551716
.024485776
11.245124631
.025977413
.027992665
.021552624
.023924245
.029935461
.028270785
.023061636
11.238042169
.037959315
4.034065542
4.046537483
.033449688
4.038526193
.044308385
.022581373
4.045185717
4.041599401
.025764445
11.239134133
4.063263475
4.057432983
4.042170847
4.041616533
.037363161
4.040605294
.024133333
4.042172901
.024127832
.027064875
4.044973619
.025462980
4.040463677
.044053494
.025017314
4.037633554
.023289128
4.035574189
.022487387
.022842592
4.035388062
.024539904
.024098450
4.048882684
4.035252145
.032099768
.024801359
4.047668782
11.247143408
4.086245126
11.242724015
.035368766
.027796191
.022142046
.022671584
.020785389
4.041513541
11.238304844
.023387196
4.051961130
8.051940120
11.264777272
.026952996
.035609372
.027467824
24.218697522
11.245492240
4.040343876
11.245993442
.022939443
.029310351
4.065171948
4.043794330
.029743477
.021591529
4.033029856
.027168660
.023261893
.024881174
.023932597
11.254693344
.025096256
.022371274
.023919055
4.053144476
.023942221
.031731339
.088568308
.021209156
4.038763745
.023314301
.027632427
.020922841
4.050104541
.025731449
.024366912
.020644092
.027887524
.022681085
.025643575
4.051838665
.020840864
.032830142
