.036938261
.014286549
.014493088
.019891707
.016906874
.019762317
.018159195
.023208200
.023568998
.019119901
.018808675
.024446353
.021930179
.021127641
.021288009
.020137215
4.039044075
.027625671
.023270274
.017853782
.020233665
.020403998
.018312389
.019549899
.021121835
.019173360
.021081094
.018315971
4.045229427
.024033263
4.033655190
.024256539
.022497801
.017923834
.019477331
.023988441
.017787588
.019277181
.024926085
.017983124
.018164329
.022720918
.017256053
.020446778
.023665316
.018048829
.020812480
.020985145
.017737656
4.038484388
.037338828
.020305321
.019931302
.026747339
.017731949
.018590517
4.035391861
.024417019
.019781049
.016727469
4.034304060
.025131088
.021067656
.022451021
.023566489
.017993359
.016938825
.018754356
.022107512
.018952410
4.033756954
.022701921
.014848815
.019768009
.018556726
.017847995
.018134822
.014723949
.015005769
.016511422
.023435526
.017900627
.015722711
.018651162
.024871827
4.039083338
.025421264
4.025921750
.028009124
.022418519
.021688701
.021056242
.019209664
.021920713
.018912252
4.032988044
.026894247
.021235173
.014774973
.017764422
.019928741
.015722301
.017235741
.024023026
.025962869
.021602889
.021484477
4.050540635
.014554978
4.040076574
.024233768
.017733640
.023928135
.017027481
.019661737
.020760955
.016667257
4.029640098
.026799356
.023078930
.023764784
.021786302
.024376965
.020240431
.017797625
.019812863
.018970229
.022074551
.014665957
.019067823
.019106746
.021488500
.022178234
.022186860
4.030029663
.027733088
.018071188
.019389771
.023240379
.019067887
.020327877
.023881058
4.044393475
.027648798
4.034544430
.018928582
.017470062
4.031104395
.024472552
.022190197
.018355393
.018119481
.043122195
.026808817
.029413386
.014260294
.024422355
.024911368
.024711196
.024560984
.021014432
.025202209
.018736051
.019906458
.021869386
.026863313
.017734565
.021114824
4.029303732
.026119464
.030055668
.019844064
.020963515
.021165521
.017144065
4.021940785
.017919771
.020954332
.026898367
.020367396
.021757027
.020931749
.020343520
.019939645
4.033627037
.018807944
.023753542
.024895501
.014920300
.023107019
.023854311
.021569058
.015711047
.020084086
.020339305
.021357217
.018622782
4.027409918
.027542822
.022785880
.021794256
.022514827
.024621787
4.036149470
.021204876
11.231874884
.028874754
.022453313
.020384045
.022819967
4.035286829
.030815596
.018251952
.022728861
.021148020
.019552181
.023083480
.022055654
.021919869
.018205463
4.046509587
.025263300
.021334230
4.030412173
.022864088
.023412148
.020902882
.019856886
.017460323
.018620397
.022924546
.022729562
.020614111
.021375662
.018779025
.022543321
.018958683
4.045020785
.024219969
.019807398
.022288506
.020496288
.021632782
4.024447120
.019132709
.034402584
.017793292
.019165208
.029069709
.016221250
4.038249124
.025072389
.026870057
4.037317066
.025069984
4.044065431
.022619990
4.034624586
.020830624
.013658318
.022101168
.017785785
.027409928
.020495456
.016706741
.021842461
.019251873
.019368539
.018975830
.017614952
.019385581
.021071418
.018992249
.020748753
.020594919
.016935744
.024353760
.020696961
.020885503
.017980665
.021514340
.023668303
4.041856846
.023727854
.023675687
.016851044
.020172304
.023761939
.020205346
.019330094
.022062435
.018140882
.017527465
.018166591
.016685922
.016472087
.019649471
.020223682
.023375524
.025228821
.019088845
.020285976
.022808191
.020683684
.021084811
.018823012
.019129097
.019251764
.015647838
4.036925370
.023695329
.020701861
.020903570
.021794656
.019488232
.023907790
4.023319148
.027139644
.018844279
.023135796
.016358729
.020929621
.024904596
.019263033
.021269207
.018468113
.020840622
.022479378
.021011082
4.042117171
.028398913
.021674884
.022697513
4.036740079
.024787863
.022365019
.025509619
.020578429
4.033195846
.018489842
.021756358
.022411154
.017100502
.020988565
.020995773
.023886537
4.046039439
.024636590
.023885045
.019229186
.019565273
.019742649
4.045871159
.021690291
.019765947
.020981120
.146380425
.018359179
.014873964
.016719085
.017029189
.017130556
.016147958
.016908952
.014363129
.013897077
.018797946
.021925187
.025798460
.024741825
.022119388
.016871334
.035125957
.021693027
.020450904
4.030226368
.014119967
.015182465
.018029727
.018572036
.017926181
.025269426
.028193358
.025336554
.017699054
.020477147
.018531790
.018353242
.019672537
.015747447
4.042587220
.021723219
.022734170
.019553558
.027743970
.019145503
.018769990
.025271807
.019605649
4.038784315
.024905154
.018929853
.023122214
.022575152
.025244131
.022707955
.020454497
.027207744
.017278465
.019411210
.019792140
.016767283
.018567475
.018567975
.015527113
.018246255
.018543682
.024794412
.017152427
.041313739
.013292409
4.035891999
.023688194
.025706312
.014616727
4.052859339
.025341205
.017332931
.019555227
.021459302
.018273969
.025213706
.015256562
.019725197
.023165625
.028269160
.021579687
.023255420
.018563489
.020009339
.019512319
.021948082
.014932887
.019048425
.026340616
.023963817
.019720851
.029329940
.021638659
4.048294598
.022915359
4.050814862
.013909155
.026298159
.025777053
.022361153
.020850044
.018356518
.021474447
.022182983
4.035308590
.026262771
.018792267
.019668098
.022535310
.019850025
.020280588
.021570647
.018497966
.020150791
.032150823
.024181079
.018533484
.019780379
.022678347
.020667670
.016880202
4.038079981
.025441290
.018827893
.020977416
.019944826
.018005733
4.038267136
.029906492
.018985379
.019852629
.017927707
.021726183
.018894545
.021260827
.024453983
.016503053
.018003710
4.030172152
.028071855
.020798201
.016155054
.016279060
.020148169
