.038445578
.018422265
.021485149
.020551996
.023816719
.020766169
.020690167
4.024673170
.031646705
12.051138903
.030631425
.019884558
.020347989
.018475100
.022191004
.029155172
.017753744
.019624217
.023634297
.020969175
.019598050
.021686780
4.032272359
.024919086
4.041764770
.025162719
4.032174439
.020767877
.023678174
.023699299
.023395331
.020332697
.026310294
.024578909
4.036359065
.022130460
.026557677
4.035809506
.022044958
.021248308
.021236183
.021419105
4.032760623
.026162249
.023135907
.023104073
.024154479
.022965235
.026300502
.020085773
.025560730
.022304716
.027869800
.020647082
.021246433
4.023490801
.026443715
.026617512
.029712772
.027871967
.022781855
.021719031
.029471015
.021510025
.033161668
.024401278
.019438212
.022165920
.023114823
.020250112
.021648696
.020715459
.020582414
4.027400669
.023413916
4.036885498
4.042082654
.022955194
.022320424
.023823969
.018693231
.018780984
.023510877
.018492392
.025239470
.019365544
.018667438
.025566355
.021043344
.021875744
.020588914
.021225766
.023296704
.023562586
4.030760303
.025384936
.019336942
.019956273
.021524956
.017274419
.024251974
.022028088
.022823490
.023944954
.025395810
.019982813
.020725970
.019514680
.022267196
.018842602
.018185606
.020907124
.021149149
.020732553
4.033172094
11.235674956
.021405756
4.031706988
.027864846
.022350899
4.026279367
.022914151
.023573313
.021981882
.022676459
4.032256033
.019403646
4.031841687
.026549022
.019766828
.020699180
.022157454
.018655365
.020055183
.019147455
.021610200
.021660571
4.028384342
.020737446
.021573808
.019289304
.022962952
.019701754
.019753462
.024025057
4.033938770
.025323567
.024353791
.024905282
.021534588
.021070846
.019548039
.018354684
.018098439
.024919238
.018248520
.020107653
.034496084
.021951974
.028411647
.023367874
.029250794
.027377897
.024814822
.020630535
.020081283
.018456614
.020216709
.019466983
.030269021
.019298299
.017730506
.017439888
.016136922
.021520701
.017823795
.019775953
11.240889704
.018990165
11.231331548
.021903987
4.032437630
.023053697
.022897117
.021146207
.020846966
.022207220
.021842105
4.033079481
.021996176
.022164338
.017541842
.017215601
.018754392
.016652409
.016231754
.016614618
.021591769
.017513883
4.034419433
.023128657
.019402807
.018245890
.021021215
.018126381
.018724173
.018432194
.018999068
.016875125
.020408169
.015937183
.020536885
.020992084
.021834936
.020345413
.017928782
.017139392
.018280390
.020509050
.018886641
.019373759
.032432297
.019117262
.018348001
4.031861582
.022729419
.023003104
.019314187
.019434945
.019210430
.017315216
.017095827
.019006831
.019195802
4.038229361
4.040009653
.017940748
.020415874
.019037752
.018231446
.018714555
.019366825
.017610132
4.031934374
.023939793
.019372027
.018645467
.017399425
.018469640
.025858729
.021053722
.018337811
.023394184
.020099335
.018248647
.017512379
.017539212
4.030107323
4.041055672
.022301749
.021166497
.019289351
.017781068
.019349849
.018472962
.017508411
.032035245
.018424541
.020449306
.017894393
.019726497
.019115143
.018042846
.016288655
.018076843
.019572710
.016482231
.019271469
.019024353
.018637908
.024309090
.020713002
.017648440
.020435804
.017564651
.018058551
.018947730
.020489177
.019476794
.016621266
.017253412
.020156937
.017699479
.017688229
.018467744
.019062308
.020329430
.018074507
.017984051
4.044426325
.018852309
.019498245
.021368472
.019886856
.020407296
.017650350
4.038587370
.019435117
.021339425
4.032461911
.021090263
.023320766
.020038215
.020857811
.021250297
.020971974
.018272693
.019403820
.018572765
.016981113
.022281510
.017776459
.019683893
.034623485
.020166330
4.041925547
4.032013727
.022514027
.020105488
4.043306593
4.033338296
4.033235778
4.041090346
.021730743
.024324397
.021485627
.021100849
.020029514
.021755575
.018033252
.023539008
.018244953
.018975134
.020019763
.021525332
.016775466
.017394984
.018492692
.016220110
.019503614
.019100837
.021254799
.018478194
.018255367
.022225179
.019631149
.024237979
.019026756
.019738979
.024935579
.024134775
.019844724
.018834469
.021385458
.018715807
.019076378
.018085497
.020843229
.021180716
.017932252
.021025513
.022783281
.017646596
.017180905
.024638670
.016566137
.019267951
.019578774
.017578389
.026947958
.028850971
.027323111
.020343912
.021367748
.019141872
.019322948
4.039416151
.024927027
.022984349
.017377726
.021549235
.020796388
.021257704
.020352113
.023035554
.019878090
.023303628
.018189110
4.033039909
.023484615
.026495876
.018027154
.018641755
.019355562
.018124025
.020609139
.023748937
.024169171
.021679598
4.041068504
.032588596
.020628800
.018143227
.020181150
.020845249
.019153438
.020981285
.027690573
.022238446
.028245963
.019285328
.022005190
.019568416
.024331988
.018653516
.017919688
.020855210
.025182545
.022990144
.016672232
.020597001
.022657297
.018054251
.024202550
.021994230
.021945889
.028454748
.020580373
4.047981046
.023944508
.019940811
4.037373348
.034251216
.019096849
.019188697
.018920154
.020174234
.018172530
.021289585
.020323676
.019802006
.016727417
4.026877039
.022591048
4.036469488
.020150314
.019370810
.022609010
.026654425
.023431061
4.036217155
.022849883
.026257109
.020345554
.018103435
.016289137
.028341494
.020081386
.021545793
.018559344
4.046948237
.025255742
.024517996
.018552222
.017397032
.019278091
.020480873
.019482542
.019185660
11.243868863
.021338015
4.033526818
.025810876
.030409799
.016838606
4.031253620
.021112851
.020400942
.020607601
.017989670
.018276634
.018514923
.018753088
.017429578
4.037624002
.020887522
.019662945
.019737958
.030905703
.021529496
