.041688175
.016166597
.017802441
.020748083
.023458599
.028045377
.023027805
.026837037
.026980618
.027469871
.024795771
.022668883
.025142690
.021761128
.018330567
.026660696
.027870412
.021855502
.027113449
.022749965
.017277100
.018175606
.021457082
.016997514
.017090890
.021981251
.022834047
.036620419
.024921601
.021086578
.022240585
.024469930
.026366150
.019049275
.024150220
.021601122
.027659657
.021639997
.013983788
.012237402
.014653458
.019678194
.021121369
.023713718
.021439037
.022811128
.023350840
.022602710
.025853270
.024983265
.022390168
.027557404
.021635871
.022395459
.022667252
.023533506
.019702443
.027571738
.023692590
.020676490
.022666835
.022312916
.023259046
.024907680
.022760294
.023474047
.018824271
.021455911
.028313699
.021559204
.027607154
.025423558
.023199004
.022989253
.027926655
.021131242
.020832533
.022128039
.022250499
.024109883
.023980966
.022878127
.022191415
.023497839
.025933310
.024222093
.024723304
.022663209
.024121301
.023387171
.026640939
.020801157
.021445285
.027118275
.024502177
.029592539
.021018867
.022249874
.020060695
.021148451
.020730031
.026614105
.022836252
.023773006
.021284452
.024309426
.024957555
.019802776
.025899310
.023161170
.023704214
.023729590
.026904441
.025720642
.022789626
.027663028
.024242509
.022271540
.023474255
.019083981
.019357441
.025749934
.023932008
.020255820
.020265237
.024747720
.023893841
.020817156
.025651684
.021845787
.022785709
.025185472
.023775256
.022923877
.020182278
.025676350
.023485713
.022479166
.024071675
.024055300
.021022242
.021751371
.017518596
.025848685
.025622683
.015945171
.024576469
.022678625
.017808765
.021991913
.029182744
.025157889
.020340487
.031802092
.028055405
.029511164
.017311721
.022261539
.021212867
.032640805
.029730623
.018210517
.016963802
.024885804
.018079142
.017663806
.021873329
.018216393
.018376393
.020369987
.029321037
.029396704
.019922694
.023022419
.020561697
.030367459
.021924246
.019450232
.022674458
.024706053
.031950718
.027513694
.021642578
.017357430
.016860176
.020526363
.024783637
.021336410
.022681167
.023713048
.024785428
.024371384
.025928810
.023783632
.026701939
.023681214
.019333815
.024339967
.020780240
.020879157
.023367212
.019300440
.022082330
.024832345
.019518691
.025684558
.024117383
.023218379
.023604381
.026952649
.024996263
.026317104
.027131483
.024524927
.019240731
.027390860
.025727017
.024101716
.023649131
.023509713
.021624202
.022119414
.025543141
.029788915
.024001632
.026117311
.021690537
.025880143
.021301910
.033055433
.025839434
.020964241
.020985991
.024853512
.021599828
.022372998
.021522827
.022240248
.031043547
.026377312
.018741812
.026709564
.023062919
.020243779
.020916240
.020925407
.018798354
.018350060
.021065241
.029843998
.020156153
.023804590
.023251046
.023562089
.025123805
.018691229
.017797015
.021192825
.029824831
.026845107
.020851324
.026391104
.020311487
.017102261
.019917527
.020019944
.029806457
.025267931
.019613275
.019870568
.021654619
.021579702
.020975283
.019373815
.026022935
.023874549
.027261650
.025710892
.025233598
.018470686
.028462115
.024277718
.024514468
.022011372
.017741390
.025644392
.020894866
.018565310
.024276801
.017701931
.025297931
.021597953
.016228548
.020444238
.016432924
.021930580
.024560053
.028329532
.024264218
.021816746
.024203925
.023390629
.022501541
.021446286
.025361973
.025569891
.025156764
.022388124
.023084169
.024894762
.027409818
.024895387
.019000480
.027673653
.026538230
.022387499
.024032466
.024291676
.023664464
.024193009
.026423355
.022516499
.020513446
.025906102
.018231018
.015869962
.024071175
.030122583
.021198867
.017072969
.021421868
.029642539
.025854684
.022757501
.020628698
.025480682
.019910027
.022339040
.024238384
.026837565
.019738443
.024300426
.016021589
.019704734
.015593503
.025094305
.026866899
.028634450
.023734214
.026008894
.021139616
.022044788
.023152503
.021921121
.024013507
.027192401
.023501588
.021998038
.022220873
.020262654
.028178156
.025389682
.017914349
.022467666
.020670031
.017868390
.024708344
.020626364
.020104528
.019150564
.028559075
.025481349
.024042466
.020557322
.023498171
.024354217
.018432811
.025642974
.023266634
.023528469
.025375605
.022266545
.022010085
.022828799
.024448517
.024397398
.023251306
.027035503
.023078930
.023017388
.028334763
.025763285
.020464233
.022781875
.023461754
.021701659
.024521138
.015283862
.017532794
.019799762
.022450030
.022804658
.024093250
.021636066
.020438016
.022558364
.023464447
.017564908
.017594034
.020056633
.020252260
.022665650
.024747414
.021467805
.023264983
.026708213
.024824867
.023408734
.023721653
.023264150
.026289581
.026673417
.019906374
.027197837
.021331426
.019882041
.021150299
.024148064
.019836122
.025826783
.023854480
.023147434
.023675687
.024318900
.025420403
.023519184
.022265926
.022487386
.022998222
.022355802
.028535672
.023495473
.024504855
.024909524
.022980846
.024135853
.024195894
.018052483
.019612366
.025505443
.023238471
.021489253
.024817605
.024636771
.025139232
.025761110
.026528490
.023429222
.020773248
.021156249
.019995868
.020812331
.025331315
.023788557
.025996653
.024516394
.027228743
.029509381
.021705003
.026205403
.024302392
.024055474
.024842020
.021621001
.014704294
.022025212
.020722579
.021153624
.024823061
.022375922
.019330737
.021151248
.022364755
.024137974
.022949884
.028279123
.023901264
.020989456
.018939693
.023827264
.023360636
.025145771
.024054390
.022485131
.020291868
.028250497
.023055883
.022614090
.026155276
.023484094
