.713995377
4.704255700
.705005266
4.695131642
.686339842
.690234123
.688081903
.693898070
.681824242
4.681983954
.712976941
4.721259731
4.691038531
.693233951
.710780184
4.705852130
.718437173
.716067296
4.714538729
4.685849950
.718520027
4.705672677
4.698967276
4.750025505
.718784518
4.687729711
.706046901
.687646103
.690605175
.686262104
.717156518
4.699934815
.687964118
4.699980551
.710555005
.696932737
.704988171
.715707575
.690030536
.727692215
.706803776
.697782542
.704025000
.686704525
.716677525
4.686720330
.711090430
.703606735
.703129400
.714233167
.716170371
.682127846
.698511496
.721890603
.705882958
.707214161
.680413039
8.709593911
4.704219648
4.699847369
11.895600652
4.697699031
.694713452
4.721592637
.701877732
.698908442
.714401669
.701558083
4.708575055
.703633599
.718627866
.696465265
.716286635
.698439297
4.710290314
.702866099
.719695972
.711104623
.718199691
.708024700
.714328911
.701946396
4.707137901
.704408980
.703580334
.700582305
.692385105
4.695719495
.682736441
.693978639
.685313355
4.701463391
4.721837954
.691190604
.698713685
4.685397508
4.688229545
.704596524
.674857050
.719689975
.704241061
.703078363
.711495768
.691177216
4.722254452
4.717239998
.694107142
.699947714
.702999091
.691250755
4.721267477
.690447847
.713807419
4.699657735
.705662470
.712084319
.719461906
.700951787
4.713781084
4.716276459
.691231394
4.677000374
.700690393
.703208390
.711959574
8.693149491
.693235197
4.716443050
.694475558
.711042484
4.701885519
4.702132435
.666728261
.707848767
.686784579
.695843403
11.925107433
.707453139
.695542514
.716356600
.683797459
.676334961
11.902380852
.707701410
4.712167171
4.700782460
.686242796
.691284039
.692655174
4.713504305
.686402794
.699844820
4.692420919
4.711197453
.703226744
4.696622945
.707568559
.685011611
4.696435081
.703412872
4.717333252
.683034349
4.713223086
.706249595
.705195154
4.685665793
.691006089
.711229329
.707716205
.701259487
.693636880
4.708617314
8.728239565
4.702549258
.681825916
4.716700796
4.713296889
.707463279
.704901269
.714125060
.705425590
4.694341125
8.683458830
.693225115
4.699463001
.680214222
.690005836
.707415814
4.733156730
.681015978
.702669139
.687491366
.698367504
4.711505003
.679479423
.690742033
4.701818549
.723841269
8.703349641
.689626208
