4.056092650
.022295645
4.041354115
.023165220
.024927666
4.038298082
8.051801184
11.236008372
4.041234993
4.031977802
4.041163735
15.247953802
.026738096
4.038569214
4.038553212
4.055965724
4.030974219
4.051062782
4.033065816
.025076255
4.046335578
4.042325622
4.046767890
.024933103
.021116850
11.240587763
.024576474
4.040669214
.023381737
.024027488
4.031765109
8.044632710
.020139420
.021330466
.029009086
8.048284797
4.042819163
.024217882
.022205997
4.041934037
4.042512782
4.041927392
4.038201988
28.212388756
.018983862
11.233868843
4.044212230
.021391144
.024125418
.023088034
4.036027609
4.036385351
11.237566948
4.042061885
4.044137555
.031772965
4.033127717
4.034463375
4.034090122
8.050968418
4.042940890
11.241140016
4.045655616
.025849057
11.240504201
24.204104834
.024352506
.027750632
4.036742414
4.039788745
.022476726
4.039094579
.024602485
.028915573
.032361157
4.038545673
.022439876
11.247360800
11.238765962
11.237739624
4.036155581
4.039874409
4.036407391
.023449335
.026598769
.026442477
4.050902932
4.033775684
4.040976753
.024285748
8.051401398
.028349820
4.038631601
4.034029093
4.049066962
4.034669056
.022154110
15.255786083
4.039973378
4.035204700
8.041355730
.025380446
11.239346763
4.043129241
.024752068
4.035807195
.024779443
.022283466
4.041534623
.024469067
.035409322
11.251851170
8.050606727
4.034313254
4.035201592
24.208129497
.025061042
4.043895167
4.038471467
11.240880616
4.034649268
4.037462540
4.039500095
4.042705366
.022181647
4.049626280
.039246592
.021413478
.034512971
11.238188221
4.043335975
.027730707
24.204949566
11.239662023
11.244862598
4.042595180
28.215824429
4.037944594
.023617238
4.036242729
.025097787
.023035147
11.239124988
4.039807656
4.038919411
4.037383610
11.244654552
4.041966708
4.038442861
8.058793968
.022054956
8.053871334
11.234232901
.028992406
4.033807866
15.264974695
4.032287168
.024530603
8.055565467
.021730419
11.240287293
11.236306230
4.056725120
.033572922
.020661124
.018987772
.035269547
11.241884650
4.046641656
11.238378917
.023826249
11.233989328
.039864497
4.056711352
11.249299382
.024076054
4.031209323
4.045113491
.021365693
4.048802895
4.043699452
.023250524
24.203833712
15.247234227
4.040619235
11.232278146
4.044889680
4.037998519
11.234954902
4.040498486
4.043873984
.022150463
752.192272193
.024045116
8.035263350
4.041583255
15.248946075
8.223562436
.035539164
.026436921
4.040324914
11.236853415
.025927138
.022678398
4.043278422
355.595964381
4.041708172
8.058644010
11.238983497
.026286989
.022867253
.024872931
.018056021
.022294112
.025309773
4.030828302
.033588280
.020792750
8.050702265
.023505272
4.034599108
11.238291903
.029585666
11.236737507
4.038474650
4.055617770
.021370699
4.047921561
28.218272391
15.250043356
11.246533661
.022361628
4.037545459
4.045047896
4.027366748
4.034456322
11.241314384
418.394606016
.020053042
11.239153381
.025789708
.032345000
4.040379642
11.235331551
.029037125
4.036804227
4.038540808
11.237725997
4.038480862
4.034680721
.025992077
.032942216
.035931123
.019993030
4.043210440
4.028115131
.021460530
.020615030
.019408569
4.049202373
54.383853470
4.046720668
.028909160
.021554541
.020895660
4.034319960
8.049052185
4.043670076
.024643861
.024003197
4.037612590
.022754060
11.242801871
11.237013770
.019935049
4.029016020
4.031254303
11.242278343
4.043598190
.026175062
.026413838
11.241633678
4.045982302
.023054341
.021306592
4.030740045
4.045104877
12.060790453
4.044727787
.024091869
11.238355416
4.043845509
24.202467827
.022704997
.018638666
.040463074
15.253526312
8.049075266
.025999977
11.235843639
.022489856
8.054452364
.025559176
15.253829452
4.030716944
.022685000
4.039940281
.023230381
11.244754577
.022335206
15.251973171
4.039145934
4.043756260
4.045421544
514.885359327
8.062181806
.026434711
.020383826
11.234788845
4.041646430
.030652572
.019854858
.020905031
4.035058366
4.029900911
.025834318
.021232560
.023650432
11.239795919
4.043893812
4.034264514
4.042099985
4.048444314
.025343227
4.032343764
.021697870
4.040410503
11.241129984
4.033599960
4.035884414
4.041867171
.023593097
11.239508933
11.253763257
.038349682
4.040400728
.027359729
4.040307719
8.047470815
47.522326075
.031885898
4.037712819
4.038722406
11.234031479
.031920116
4.043763005
4.046888291
4.040334870
4.037260931
4.037443223
.023866104
.025982656
.021749596
.030602238
12.331645151
4.044114919
11.240078592
.024815209
.021914829
4.043671541
.023659299
.021886576
.034383376
4.047874560
4.045045969
4.031914978
24.205403182
4.044426789
.024333502
4.035289935
.022426474
11.243227823
.034199825
4.039107619
11.243486363
4.046888510
8.052753763
24.202226879
.030189194
.028721039
.021170219
4.034244560
.021585152
.023799138
.021116155
4.025213627
.033469900
.021417757
.022226878
11.239157418
11.262868690
26.516216276
4.078779411
.042124905
.026669856
.045848399
4.065614255
.039634534
4.050237524
11.255456583
.033183792
.042383810
4.046985162
24.214165528
.034545691
4.046835496
4.058937952
.029822196
.027389334
.022655229
.028356295
4.061694271
.037103358
.049800974
.035916676
4.044450398
4.066968529
4.064844525
4.059437249
4.055831548
8.089642810
4.064184688
4.063320923
.042948354
.024192117
4.051313356
24.226059407
4.066506694
4.062375965
.031483277
4.051440761
.035272076
4.051634867
.029373948
.025383403
.019120937
4.054590600
.032819784
11.249044682
.029415090
.042246358
.023959921
4.043031908
12.103903058
.040342837
.024797109
.025078562
4.044752569
4.058640303
8.082933966
4.062422888
11.243730279
.034302430
4.048405584
.030794224
4.042133364
11.258092828
.034857212
.026644517
4.042416340
.034630004
4.061308063
11.250525262
.035312865
11.249594297
4.062155098
24.229197153
.040095302
.026942957
.025108234
11.247928355
.039215853
.025361458
4.057231125
.023597146
.024658522
4.054169842
4.062702163
.035675423
.025807926
11.249989811
4.066481798
4.058588329
4.071739109
8.068900933
.032707546
4.040934566
.034686632
4.055025205
.032683582
