.483909098
.495824862
.478778497
.479804026
4.468176228
.502856189
.464964840
4.482578877
.478578541
.490815385
4.471624059
.487986005
.480510350
.506842847
.483994155
.482931920
.466489923
4.481530101
.471311211
.484532201
4.505211868
4.476212991
.469111381
.469520918
.510673085
.491921122
4.496393442
.489511921
.506560454
4.485396523
.472638243
4.493015173
.491058093
4.493410826
4.489844868
.490162270
4.484589684
.479797025
.494523966
.515451912
.515189956
.495269206
.477980215
4.488361427
4.491141879
.448527819
.469923084
4.496579285
.490961590
.489440937
.490021302
.476262301
.488955061
4.477574772
4.478601695
.463671407
4.487280833
.486034381
.496537877
.493795994
8.505397073
.483101542
.468917092
4.463857579
.475329014
4.484330868
.499240051
.493652579
.490763823
.472854374
4.494501992
4.502344415
.469253948
.454507565
.498535733
.479079205
4.492481286
.484388659
.485382479
4.490347229
.478799262
4.474754482
4.482584800
.454951007
.484522651
.467084778
.519177523
.470817399
.478720262
.485309016
4.481281607
4.483912075
.471192186
15.707474663
4.501551794
4.490238290
.467376303
.484701266
.487958392
.471544166
.479849200
.487987433
.477865730
4.480771472
.489614546
11.710389719
.503500919
.480948739
.470494729
.500559579
.516777901
.487994518
.471224032
4.491805146
.475860542
4.487863221
.479281340
.500840497
4.492153458
.468007801
4.490151732
.492360085
.508906734
.508650332
.495030904
.488178156
.455956848
4.501747720
.473093673
.497007676
.497636405
4.490268467
11.699854744
.492207080
.497977883
28.646190566
.484514342
8.496556446
.491887752
.497556349
.502367581
.502974212
.498280057
.475814298
4.497230744
.476565746
4.498705775
.470609432
.482143462
.496139294
.475444488
.504087140
4.508088045
4.492158241
4.505229576
.487623717
.466716022
.472028074
4.485846198
.473059866
.501938285
4.506976391
.481438758
11.706085290
.485428369
4.517572085
11.674404978
.479456074
.510675647
4.492763676
.476532123
.478077103
4.500840878
.482841023
.497038077
.502758578
4.486636213
4.485462458
4.486423194
4.496262441
.494671276
4.488510231
.460167166
.473008608
4.494406380
.501382926
.489555256
4.492446080
.489881972
.467946498
.488951901
.478408477
.478271055
4.486305550
.489261712
.496574602
4.497479731
.480942591
4.496009373
.475807262
