.044041736
.021617760
.017483956
.022415683
4.041996009
.020241075
.023014239
.021892680
.020676273
.018626019
4.035808242
.024549366
.018809632
.018862600
.020213613
.022805455
.018051258
.022192563
.018975992
4.027459329
.025652840
.022996529
.021945106
.022579794
.019770665
.018563425
.017792382
.019566464
4.035128893
.022198632
.021847201
.027406450
.028972451
.027273011
.021238666
.022382141
.020585144
.024358167
4.031685314
.022030632
.018952173
.029542538
.020158212
.019006148
.018739813
4.030874484
.024322522
.020397796
.017603380
.021901459
.019564076
.024666995
.019175721
.024990631
.019900590
.018336750
.020275818
.017721025
.018588208
.019364585
.018568580
4.031820546
.023248889
.018026951
.024900492
4.036770618
.023252889
.021020441
.021005771
.016031790
.019783780
.022284772
.018935308
.020929134
.018981773
.019142924
.018850043
4.037938243
.027263212
.027257669
.021204679
.021478807
.018814579
.019450767
.019034616
.017890803
.019637131
.024292142
.020997812
.019758026
.019305660
.021248394
.019230397
.020117292
.023799437
.018370340
.020378043
.018201270
.021640167
.017658891
.026009090
.017160601
.021306154
.021271856
.020809948
4.040822759
.020616041
.019698515
4.036310772
4.039842975
.018877256
.020329286
.023043896
.017762240
4.034730388
.026348980
.020568491
.019482772
4.037967502
.023831525
.018324832
.018239944
.019090417
4.026974203
.020521172
.018875388
4.032840322
.027691188
.022575485
.019071293
.018445150
.025028548
.019921060
.019325798
.019207070
.018864348
4.032196533
.022910015
.019740041
.019818929
.020759125
4.039514484
.021316426
.019994628
.019104900
.018627656
.019941369
.018687165
.021553340
.017479135
.019649822
.017947796
.017173920
4.038198058
.020660904
.017816649
.020199287
.017102617
.020092562
4.037659955
.021460575
.018587900
.018411330
.019473544
.020632858
.022869638
.018163456
.022845676
.019934286
.019790471
.018797517
4.037619508
.023327588
.020040720
.021138815
.018712670
.019385572
.021360810
4.042879493
.023464235
4.028793285
4.038633844
.022710446
.018471214
.022899060
.033505078
.021577678
.018410704
4.031184257
.027475388
.021410985
.020892067
.019910407
.020378483
.023863217
.020102980
4.038254825
.024560747
.019208667
4.030535811
.020686358
.020372518
.020025965
.022728548
.022292231
.019452328
.020147520
.020354677
.021458849
.018521516
.021089875
.019731288
.018856886
.019769280
.017082731
.018551338
.017631485
.018308883
4.019978242
.019164529
.018658371
.017772354
.018831316
.020475454
.019710082
.019695788
.034503522
4.041383901
.021548687
.021506389
.022383114
.019818283
.021546771
4.032996141
.025465489
4.039126368
.023388153
.024065221
.022116947
.021522726
.022575396
.018936267
.024965574
.021683420
.036688968
.021820567
.018246823
.020051531
4.037178804
.022349360
.022135617
.028730932
.019636213
.019548158
.022388491
.018357882
.018599255
.023195705
.019076165
.018912138
.026566083
.017397518
.021103367
.023238462
4.038301363
.024502375
.020494894
.024064304
.020664630
.020354371
.022877112
4.045396259
.028205181
.021726467
.021563691
.019402717
.029255601
.019736646
4.031692046
.023957287
4.041811138
.023249797
.020979722
.020786691
.020645585
.018040123
.020774981
4.035764322
.020971669
.019281746
.019217029
.022788244
.019064631
.021054978
.024671032
.025941268
.017568443
.016003245
.020569980
.019601997
.017893982
.026320663
.026171307
.019953009
.019996892
.028307971
.019012054
.020037673
.017777153
.017881628
.021807783
.019666282
.023999626
.021570182
.021143407
.021971412
.020727800
.021304182
.022696943
.020283897
.023371475
.019349472
.018215376
.020175602
.023241378
.019241205
.018678491
.020473316
.021361343
.021905595
.020175613
.021175397
4.037174473
.021040232
.029178030
.021613451
.017450286
.021485055
.021103327
.022755759
.020385755
.021913457
.021315031
.020923760
.020778611
.018864263
.021014649
.026736063
.022451961
.025161186
.019060963
.019464194
.025010206
.021090496
4.035711755
.027661758
4.033875931
.025024232
.021503011
.031214999
4.033857687
.025117637
.020057004
.023262802
.018596607
.022088784
8.040463960
.039632105
.021853875
.021658677
.019079103
.023015100
.024787506
.017018235
.021761360
.019355688
.018772596
.024982953
.021119259
.019679490
.018407205
.023397203
.017305822
.017829488
.021445561
.022375750
.018910201
.018316315
4.041420670
.026273783
.021850750
.021605503
.020924436
.019771754
.022713887
.017671172
.034804967
.020644392
.019366815
.021890506
.016925053
.024432741
.020872845
.019757877
.023421582
4.035849637
.021707936
.020999157
.019515172
.022185719
.021536033
.021000198
.018872528
.020838173
.018366157
.016791908
.020719488
.020661145
.019086563
.023265807
4.034169580
.024823220
.021580541
.029389276
.020765078
.024335476
.017754768
.024438659
.018424957
.019181410
.021176685
.019253755
.019810552
.019210582
.019182827
.019580265
.020788748
4.037244567
.021105715
.018531641
.020535458
.018909034
.021850833
.018045481
4.036566121
.023394620
.018487581
.018090006
.025158299
.020961612
4.033901802
.026302960
4.045092565
.022908960
8.043738781
.025485904
.019932483
.020715596
.018843923
.019398761
4.039155481
.020896099
.020932500
.021289467
4.038728170
.022521714
.023976863
4.046432514
.020872401
4.036586200
.020999387
.017997463
.025671239
.018703776
.017005818
.018242022
.018019245
.021822565
.017323678
.019541906
.024581554
.022167621
.016737187
.019257240
.023697903
.017525047
.019770555
.018101209
.018616732
.018822308
.018674290
.019435037
.018612442
.031485003
.021094095
.021810112
.020452129
.020161008
.017658488
.018474545
