.040553723
.026071229
.023197972
4.027231636
4.053113370
.030287348
4.040660485
.029873328
.027982436
.018438688
.023119997
.024501330
4.047733087
4.051987626
.027534328
.021861033
.018789607
4.055789869
8.086612048
.031860315
.030108138
4.064131953
.037562761
.020796230
.022664118
.022124269
.024725220
.021210450
4.053001929
.028904460
.021686419
.023207171
.023439594
.023731811
.020239543
.032905450
4.056451435
4.050155635
4.054110256
.031477141
.027016055
.021301478
4.041471387
.029575248
4.046290524
.026850292
.021536726
4.048965824
.029559320
.024837272
4.041695692
.027618844
.029358643
.023876532
4.048082717
.036050627
4.062026965
4.043004139
.033630470
.027689613
.028320504
4.041071231
.031625207
.022071551
.024306648
.019800494
.020042584
.023696341
4.049135359
.030045578
.023545750
.021342862
.021409156
.051375354
.025873598
.028129775
.028019980
4.048040930
.030870329
.024994786
.021568963
4.042942598
.031950887
4.042204999
.026804815
.026394182
.021777918
.018572100
.020078673
.020703103
.020541807
.022250927
.020968817
.023391700
4.046084222
.027671788
.022396594
.020974063
.023365780
.021227028
.019519950
.021508575
.025634370
.021498741
.018382551
.021443864
4.040011890
.036468841
4.058909571
.029055891
.020728678
.021416358
.021378066
.040779170
8.073600700
.030915669
.026542413
.026729209
4.054146271
.025464597
.031815099
.020590206
.023214218
.020148448
.019053467
.019944027
.020361618
.025608557
4.045907255
.027120543
4.044233334
.031066576
.023179169
.021359425
4.038737977
.034168842
.023070081
.021248962
.021360213
.021346213
.024858532
.023729302
.023035371
.020308110
.020733535
.022708822
.019567594
.019715888
.023269001
.019694597
.023236792
.023285376
.020835244
4.049336889
.026560979
4.050736620
4.060138570
4.043831777
.029854574
4.046863176
.024999062
.027126477
.024978853
4.054953982
4.041215839
4.048504471
.029164507
.023215979
4.042348572
.031284252
.024221537
.022240833
4.055950869
.029333295
.024306827
.018807183
.021466858
.020661384
.019362651
4.047833768
.027856890
.023225096
.022403330
.023506310
4.052930317
.029594252
.023786603
4.046650852
.034549923
.025967349
.023188924
.022819375
.021603144
.020058991
.021894108
.019471063
4.045253447
.030052712
4.050823972
.027210948
.020918752
.022423571
.023740636
.020291949
.021370844
.028164757
.021913019
15.254962106
.032588367
.022694067
4.060109326
4.041636126
.030857828
.024275047
.021380497
8.070846831
.027375343
.029079987
.048920573
.026529486
.023901354
.021683754
.020184738
.025357153
4.044844736
.035997786
.025205752
.020327347
.019697486
.021934464
.019795628
.021096191
.023010988
.021711717
4.040975926
.033420455
.049569252
.023831519
4.061749721
.027956501
4.050056229
.029163965
.023706622
4.038948140
.037739535
.023152178
.025012386
.022079778
4.041361897
.028481234
.027391873
.023604531
.036177641
.021176057
4.044171624
4.040940758
.029503947
.032762485
4.051804883
.030047751
4.049441201
4.043848746
.029132922
.023785973
.019277797
.021759072
4.058689796
.030513584
.021756654
4.051996857
.039175782
.022110589
.022035117
.025065612
.024009300
4.052198013
4.056577874
.024537061
.031140398
.022956322
4.045820466
.028854576
.025355872
.019068341
4.049424022
.025881466
.026524163
.023396234
.019871608
.022095085
.020500970
.022808337
.021245644
.022033700
.020712340
.021833623
.022669896
.024542353
.023365853
.021342619
.022213940
.024755683
.019440198
.020781728
.020352235
4.036659758
.024027637
.039892099
4.033560384
.043105501
4.048378923
.035519283
.024350892
8.078040810
.031627612
.031516634
.027655954
.020720816
.022714751
.021081088
.021244200
.022415489
.020184722
.019752396
.017758086
.021919028
.020384340
.022018878
.022331766
.020701563
.022257003
.025724031
.023504515
.022753632
4.039788127
4.055393179
4.062075686
.045533208
.025644690
4.037588703
.033355711
.027566824
4.050066593
.033899058
.026411540
.018638012
4.050463997
.029605890
.024278291
.021032889
.024987790
.021395745
.020569058
.023118047
.023993408
4.041556307
.033274700
.023587046
.022752149
11.249599023
.026390286
.027265106
4.050379528
.029483911
.021950592
.020497672
.029084507
.025617442
.025871571
.020214747
.020731796
.021226840
4.043414059
.027219932
.020716960
4.052239062
.030505799
.022662009
4.038386063
.027765841
.028169825
.021417419
.020876078
.021162710
.019772685
4.045452440
.030972067
.020346076
4.042328748
.029745152
.022608665
.022976896
.023737570
4.054945594
.027735938
.023763249
.019957922
11.252912223
.026986103
.023808426
4.062425038
.032642904
4.059822645
4.052353279
.032518259
4.056833366
.027402254
4.043841057
.034013141
.022534417
.027692388
.022448652
.025008509
.023441156
.020302117
4.027067425
.029730071
.029301248
4.030961761
.030338467
.021820044
.026134369
.027408588
.022598469
.021507199
11.257581634
.031221953
.022488743
.025961423
.026799984
.022445901
.024364856
4.044453521
.040600699
.031409010
4.058021354
.030418808
.033472585
.044576913
.024831909
4.045820039
.035290911
.031336687
.034527126
.021984278
.020601927
.021071695
.019529921
.018638375
.027064912
.026188027
.023588162
.027098237
.024267965
4.049338220
.039299787
.022720694
4.048693909
.026149203
.042989130
.023907123
.027027910
.022201253
4.065534133
.027000369
.021068493
.021505190
.018992343
.020641297
.023696254
.021278779
.022976148
4.049119218
.034183209
.023436053
.023404261
4.051498860
.034974646
.027646601
.024869471
.024165699
.023045646
.019735947
.023961538
.019269627
.022524536
.019568035
4.045969848
.031730487
.038071309
.027371442
.018627520
.020627714
.020519009
.018153075
.020319723
.023506051
.020522425
.019865527
.022626908
