4.093468271
4.093585971
24.249478454
4.096479838
8.083971284
4.070252987
8.121385781
8.104325060
19.347191467
.055017795
4.091037786
4.089789034
15.305837151
8.132430195
4.119068626
4.089493930
8.146931571
8.115695016
11.285549378
.069057914
16.136449008
11.301980522
19.324344212
8.114589473
4.109269801
4.106994449
.050854402
8.122016276
11.303162334
15.297608730
4.090760632
26.528964018
4.075791382
22.517645270
4.085123969
4.059411368
12.117145825
4.078638303
4.091500141
4.123213261
11.289246249
8.119055818
8.115837822
.060014097
.045670159
24.275092796
8.098412982
.055289730
12.148790043
.059871679
.049158160
4.089255829
4.067654629
12.119453299
.057783858
8.090479513
12.138606157
8.099366914
4.089266370
4.110936934
4.110616780
.055280821
8.119516285
4.080418307
4.092158872
4.089551840
11.280007047
12.144864352
8.140156120
12.134697532
.071120201
16.148479775
.052472360
8.111601577
15.316245525
19.324501904
8.102768201
75.802816274
19.353789329
12.122868819
12.134595225
16.138948789
4.093396415
12.126130688
4.092012510
4.089905607
4.105237585
26.548226365
.069697341
11.289633382
11.266125705
.064418530
.047329239
19.339916582
11.307917362
4.118285999
.055557664
15.314683854
4.111124881
8.125730125
51.588831564
4.088157447
24.249981358
8.105883952
4.080621380
8.113220783
19.366288490
8.106969469
15.296758787
4.084032883
4.095082759
.057583472
8.112308618
15.333235991
8.113372486
12.114857108
12.131870365
.069993058
4.073688302
11.290931411
4.105238695
4.097315753
4.081621322
4.092073038
11.309225683
4.067821844
.074966453
.050529292
4.068874686
4.086843723
.058166617
.050792893
28.286484844
4.083578943
4.103813025
4.080367058
8.118702727
8.108227489
4.079548910
4.077407662
12.151473171
8.103000878
.059949235
4.095686964
15.324263481
4.103366070
4.083594633
4.111314305
.071032339
12.156076278
8.118719941
4.084941455
.074822471
.046673274
4.096771711
8.117507527
8.118805067
.063988694
4.093107628
4.088631760
28.276987404
.061637361
8.093814828
12.139442496
8.113073719
4.091656579
12.128631899
8.135284293
8.098089460
.057370474
4.064329550
8.112784453
15.300895645
.072990756
8.112011853
4.104188222
11.270313466
11.296823106
4.102975031
8.103789520
4.106596125
.081627378
11.277710088
.063230327
4.078704887
8.136134080
11.301471185
4.106033381
8.080704333
4.088235970
.077029580
4.074268489
4.091267099
4.088580951
15.327866038
.061205904
8.101866895
32.299473352
.078483438
.049905978
4.074072480
.071539441
4.092811825
4.084553007
15.327186538
75.766169844
19.332917108
.056796937
.050228099
11.277156865
11.288407543
8.107098554
8.098588988
4.101344695
12.135679360
.060944346
12.143399685
8.133698079
23.346863763
8.104732132
4.097981966
8.081589654
4.084733451
.056456194
.046429508
22.519087579
4.082793988
8.135000939
12.138041911
23.359305521
20.164003765
11.287924494
4.076867946
8.117833139
51.565947691
4.100666659
.083100333
.050756069
4.093659409
.048944377
.050444420
8.100538142
12.141062660
.054840987
19.329403545
4.106422445
4.091146473
16.160570632
12.148287764
15.322623248
15.299685838
4.098528175
.066088628
15.302254588
4.086273237
12.143848320
4.101659450
.050376228
.048965679
4.078184798
4.101388431
15.335938010
15.326661707
8.108290264
.058521838
8.139406016
8.117327154
.056699542
.049024166
.048309613
4.089720486
15.309448763
12.157977296
8.124434777
4.098380046
23.353746728
4.100319636
.060282102
28.293186397
28.274307563
.061621577
.048418526
75.819590289
8.118728978
11.295016860
8.107081841
4.086236275
.069900182
8.105147795
4.079881472
15.324834726
15.301851652
4.102027317
8.099552702
15.330830611
.065757908
4.081145135
4.085078317
4.089391221
15.318243666
19.333435433
8.133334259
8.116876848
.053034329
4.080138442
11.292309508
.059075088
4.091531940
15.324973660
12.144894638
4.084074418
4.091991369
15.323519983
8.126181057
4.099911811
.055981352
8.096787891
8.112392038
12.134170607
11.284774136
4.101933026
19.331320739
15.309976129
8.103951722
8.134118706
12.122964164
23.366820445
12.117777885
4.098473333
8.120193967
.062355346
.047358015
8.082830912
12.123404814
8.113369057
.064470798
8.129981770
8.108581313
4.094037264
11.306699281
.062168065
4.070124425
4.097551873
4.088328657
11.278779942
11.298834389
.065035329
4.075300793
8.126494462
4.096300034
.058665521
15.309466440
.058133798
15.308888617
11.280418328
19.351340484
4.093557809
.051755239
71.767183479
4.109507455
15.320270017
15.297977642
28.264099515
15.339309632
8.106345517
.055005106
4.073411942
12.144091528
22.522637560
8.100887336
4.092360516
15.321868034
4.105899116
15.299697301
15.316158223
4.094206962
4.081889963
12.136509309
8.110219733
4.093249042
15.311574757
8.112092401
8.125058958
8.133427332
15.304985380
23.373515959
4.082038155
4.080374247
4.076556433
4.099060778
4.096830990
15.301956252
4.081112677
.060543234
8.096004485
4.086064581
8.115887753
8.124397453
.049292725
19.331988985
8.120955080
15.322985406
15.308378433
8.124132043
11.292330914
.052795273
.046987346
8.116790494
4.086874353
4.088374403
4.084367849
.054532753
.054480586
.070121406
4.087877375
8.103453450
15.312912080
8.133455971
4.110577532
.070906021
11.279009367
4.075917992
4.107533316
4.067268518
4.080423525
8.099287686
12.138594135
.067848206
11.294539401
11.312999991
.061499113
8.092880010
12.132527300
.062311398
8.087604902
8.112929087
4.103018896
11.307518667
.068427847
4.091059196
19.328589431
15.298241076
12.144178850
4.093114880
8.105416552
4.087383353
8.143835225
.060001247
4.079460841
8.136963284
4.103272800
11.310065032
8.106625726
12.133863711
4.087290508
19.357696101
8.132047414
4.130449251
4.089521499
8.112142452
19.320557156
4.093512626
19.323647992
8.133038910
4.080805883
15.319583206
15.337395268
8.106657434
8.122128561
11.304434516
4.083090185
.062777006
4.089581954
4.071173548
12.131129129
4.100489527
4.080930644
15.317095932
11.283695568
4.076437550
79.790753546
4.090799236
4.099521509
15.315773442
11.291584436
4.090290953
8.109548410
.061995424
.052074167
15.297050398
19.329160248
8.104732105
8.120512873
8.107095868
.059323249
8.085596419
15.304942868
15.326911002
4.080359412
4.097776488
