4.068320746
8.063585067
.033988529
4.065908120
4.055258256
8.090100654
4.051424419
.031954913
8.075049951
4.070988293
4.059173081
.033191154
15.264399215
.032039214
8.073364586
.032588259
4.051960350
.036128945
4.054220858
4.050491676
.030101122
4.067275121
.032255909
15.273034462
.033741878
.023839474
11.252846445
.030035018
4.048397549
.029372282
4.053834499
.034751440
4.045695070
.033892128
8.043880258
.035050084
.023787196
.024718926
4.046718996
11.255267583
.027936461
.022619188
4.045578905
11.255548856
8.084607709
4.046484120
4.056790078
4.061858976
4.066185640
4.055963391
8.068459241
.033502763
4.061729390
4.056169085
8.082644309
.026559913
4.048313499
8.089167001
4.056356087
4.054147684
4.049113982
.042958997
4.040193821
.033145077
.056443835
.050375887
.030803382
11.249451324
4.059503890
.032703213
4.046944865
4.051451906
.031320131
4.069472892
4.063921019
.038199209
4.050962388
8.076695366
4.039820018
4.068567473
15.277035218
11.253056143
.031026970
.033642298
4.062654698
.029793320
4.046986180
4.058048992
15.296430153
.037075908
4.046094443
11.251838757
4.055294457
.028706281
.024668410
8.091406502
.030392916
.020690998
.024307315
4.053361941
11.254847599
4.057437779
11.246893991
4.052734692
4.054893839
.033467302
8.062889387
4.058312567
.031692665
.022147960
4.050831633
4.057593253
.029336468
4.048912450
4.067396548
11.244729070
11.243193626
4.050730615
.029135920
.038688042
4.052723800
4.056464412
4.063536710
.031255985
.047700103
4.067592409
.029533181
4.049603409
4.066437749
.033366338
.028697823
.023530959
.026969062
4.079774233
.029671963
.029021167
4.036424928
.034768975
4.052553147
4.054999846
.030265410
4.050039257
.033924209
.027910609
.022588611
4.047570931
5.300155190
4.051429858
.033876887
.026263020
4.057063418
4.056311361
.027806795
15.476747504
.036232879
15.082214796
.031101408
4.058774099
15.286843502
4.053255936
4.065086115
.027151237
.034354599
8.081123803
4.055674244
4.056178088
4.042924418
.034642603
.022812862
.025695273
4.055969531
4.060290200
4.078862252
11.268032513
4.078187577
.036626929
4.051588325
4.053612475
4.079043390
4.081971549
8.080340382
11.274489529
4.061932047
.029152909
4.048079605
4.525512785
4.058572958
8.079760906
.035854191
8.064297670
8.077717502
8.071979907
.032589367
4.057874279
4.053240833
8.077787104
4.064487204
.042213942
.027222437
11.255125824
.032953526
4.062055781
4.055778132
4.043987373
15.282722510
15.291902320
.041866389
11.252654769
.051465395
.030328151
.030886853
.021623198
.044155101
4.064521253
.030199080
4.048995396
.030096336
.025172717
8.071402198
.047783618
4.055225874
.035762142
15.280440105
11.234696328
.029967837
.030261592
.028156241
.027174632
.029405534
11.253160430
.033542114
.027406898
4.052045537
4.058194444
8.056244487
.033857383
.029000983
4.046341733
.041892399
4.049886432
4.062541319
.029799047
.027747769
.021213992
4.042826977
.032041930
15.277633105
4.064834530
4.041126715
.030987300
4.053231929
.030154108
24.230779877
11.256538857
11.254118022
4.064787607
4.073650918
.031985608
.025088991
11.251253244
11.256915473
8.073967277
8.069790267
4.064460141
.028694583
4.048495362
.035223063
4.062148798
.036012371
8.062115699
.044558910
4.059624172
8.077877337
8.071590504
4.060909705
.040296449
.024892581
4.046171719
4.050038108
.036136011
4.044925876
11.254148365
11.254966386
4.060112040
.040586624
4.068943817
4.059607524
.027789812
.029553109
.022216758
11.242195030
11.261191668
4.067836573
4.048453211
.030239220
4.057101983
8.091000744
4.073525395
11.265298348
.037459952
4.048370572
.035888710
.029892376
4.029260059
.031378620
11.253074126
4.064841820
.031441472
.022325762
.022852529
4.049280952
4.059661891
4.054949838
4.061755779
11.260219969
4.061690189
4.046484325
.049151746
4.055261454
8.060029372
.032589671
11.266702187
.038133714
4.052590528
8.077820647
.036853886
4.049954080
4.064058802
.030889733
8.063018384
4.061410306
4.045688129
4.050303796
4.051910563
.034060109
.028037038
.023293440
4.043166397
.034057060
4.050647146
11.252839123
.028848730
4.046991082
.029837481
4.048584666
4.060327437
.038125346
4.047449687
4.044523245
4.054003853
4.060234934
.026352042
4.049370343
8.071528237
4.062295238
4.043934022
4.048335442
4.055418515
.031872437
.023684326
4.045905418
4.046178449
.032816227
4.052542431
4.053355584
.054730762
4.047999244
4.059618970
4.069121819
8.070383113
.040146952
47.525291350
11.256115709
4.069349196
4.051987133
.029783514
4.052648859
.037424254
.024519987
.022724188
.039701388
.026742870
8.071811164
4.053660437
4.063764614
4.055724756
4.059808124
8.069047662
4.051794717
4.068456649
4.057557934
4.066012842
.041760488
.054882126
.031288638
4.047568273
.027357041
.029253963
4.042957880
4.062613492
4.058033910
11.250731215
.034089842
.026955531
4.040578861
.031824876
4.052092793
.031226707
4.054012702
11.253105212
11.251436312
.026546104
.021297717
.025246267
4.066031204
4.070456186
8.086419263
8.087834987
8.077694705
.030440230
4.051824943
4.061482117
4.053294969
.032852813
4.066911571
11.244329949
11.246794212
.040396403
4.048136256
4.060858831
.031017927
15.264489811
15.284769180
4.065848622
.035506885
4.055101797
.033134839
4.050828734
4.052738157
4.055730868
.033783160
4.051647069
4.072639710
4.051859567
15.291951536
.034069362
4.056809514
15.275383829
4.043271253
4.052726811
.030301749
4.045977424
4.059536829
11.251224106
8.075475255
.033724109
15.260421454
19.299161981
4.054316953
4.049812254
8.079587304
.032001018
11.247036059
4.057864948
4.045927026
4.052891830
.029121464
4.033414449
8.070007931
4.061663342
4.041297584
4.051386429
4.060104915
11.251489887
11.253535162
15.276829545
4.056290926
11.256715601
.037738136
.029341712
.019206028
.022030879
4.061323712
11.254416819
4.068181880
4.051504395
4.047402562
4.052550658
4.056108372
4.049690742
.028305610
8.065640686
8.066025797
11.273199144
4.059677840
.033225418
.027072011
4.052085039
4.047132224
.030266150
