.030042030
.008530154
.011148521
.014429998
.014752158
.015469429
.015787745
.015424775
.016183508
.015512168
.014545232
.014282902
.014767453
.015019446
.015413770
.015986008
.014390400
.013142047
.013601716
.013867538
.015963560
.016480386
.015847568
.014017491
.018264429
.014015208
.014439824
.013769228
.016285585
.013035327
.013732685
.014676410
.012883061
.013736239
.015929874
.014798073
.015393734
.014729354
.016152234
.015868980
.019022098
.015994893
.015778822
.007537895
.009393835
.013038989
.016732113
.015951922
.015061920
.014952028
.016800172
.016053291
.018592724
.010866483
.015158261
.016018782
.015507015
.015596430
.014188311
.013875262
.015427975
.015616971
.015143235
.014716165
.011116187
.013743651
.015385923
.014906759
.014122402
.014801017
.017745359
.016422110
.014453599
.016201587
.016504624
.016392676
.016194177
.014291693
.013217151
.013774825
.013244089
.013286679
.017824303
.016994723
.016317688
.015036031
.017926786
.015868676
.014939855
.014122782
.012976047
.014466332
.018117691
.013776763
.015760700
.014674218
.015989695
.013237540
.012864908
.014146489
.016888483
.020195530
.014851651
.014983264
.014592878
.017041403
.017108607
.010841876
.016182410
.014394682
.015179518
.007430431
.011472136
.015480865
.010585222
.014485356
.012098015
.012113296
.014273495
.013674133
.015701267
.014881036
.014361865
.015456255
.018443364
.015422429
.015855207
.014820336
.016607625
.021007538
.016001827
.009916646
.017256250
.014776735
.012119989
.013015551
.016110543
.015538834
.014855856
.014434120
.014053291
.014276709
.015497319
.015323292
.016327815
.009559254
.015599715
.009742425
.017542595
.016799867
.013739125
.015111809
.015581865
.016045220
.015151635
.012148461
.013566529
.014093301
.013751059
.014313840
.015922429
.016766017
.014713061
.014302471
.014473554
.014078164
.014497521
.015455656
.014759148
.014043066
.014201410
.009273544
.018101046
.007922965
.010991762
.014618894
.015087519
.013707759
.014472793
.015363811
.014756631
.015343131
.015938419
.015620929
.015555873
.013954306
.012652901
.014189067
.014919729
.017236203
.010451711
.014368410
.022377448
.014412999
.015937991
.015018890
.013806609
.015987681
.016110466
.013443875
.014045316
.014437005
.013900912
.015069355
.014316257
.013308214
.016186901
.014580420
.015902122
.014788824
.013027335
.017381144
.016072021
.014044523
.015767978
.013718604
.015223196
.015752932
.014152679
.008567885
.008837525
.012012971
.010514314
.026480798
.016192321
.014828673
.016009208
.015537820
.014915281
.014856799
.014412206
.013422978
.015048501
.014881226
.014057826
.011062876
.015366910
.012438529
.015612094
.015536522
.013840902
.014943503
.015340923
.013493546
.016255650
.021740297
.015295403
.013047855
.014731711
.015592135
.013446557
.015617104
.013699878
.014038320
.014249955
.014911003
.013465465
.015196884
.015883115
.015416693
.014790406
.016057229
.009942904
.015351583
.014623030
.015366674
.013461399
.016611844
.010520233
.012315271
.012667568
.014804231
.016685603
.016197783
.015630466
.014270448
.015298460
.016094774
.014119664
.015580184
.016140088
.020729126
.019471409
.014393106
.014954393
.012761897
.015353180
.015613104
.015594249
.014643661
.015164767
.014731791
.011349105
.013862252
.014591592
.014912436
.013789084
.014918480
.017261568
.014268299
.015055970
.014681771
.012060630
.015586474
.014144144
.018465963
.012043163
.012542394
.015213645
.014892259
.016996223
.014161851
.015647096
.015030461
.015367648
.015246410
.015425929
.015924587
.010731721
.012974329
.013359047
.014956246
.014258247
.012760006
.013899540
.016078799
.014501471
.009045440
.016971567
.015584504
.012727989
.014447126
.013827511
.013344852
.007869088
.022218420
.014095889
.015355810
.013525632
.015458747
.013177673
.014279124
.015566791
.014762803
.013801010
.014440314
.016185042
.016154190
.014263123
.015055326
.014499984
.013436495
.012825618
.014260877
.013189591
.014161941
.017541556
.014634738
.015764694
.014135759
.015009638
.017517415
.014725170
.013925496
.013787408
.014719708
.014408261
.015013269
.016148364
.013148237
.012695572
.015414526
.017578583
.013502965
.014186612
.015451550
.015191672
.013581041
.012877416
.014499638
.013565697
.013066165
.015297448
.021951322
.014616662
.015756870
.014470274
.016286761
.015180407
.016905388
.015518581
.014709458
.015942696
.014581248
.010301483
.012162137
.015262104
.013433082
.015687808
.016612347
.013918575
.015755145
.015065388
.015198752
.013876645
.012314374
.014901426
.011603932
.015128079
.009613246
.012458725
.011616354
.013186474
.014779944
.010305870
.014528604
.014459140
.018926001
.015164475
.012718862
.016100583
.014782961
.014009967
.014808865
.014441817
.028232095
.016967376
.013687080
.016003034
.017131533
.015090240
.013349552
.016181511
.014409050
.015857866
.016135978
.013666901
.014202866
.013045750
.013348299
.015077739
.015851581
.017154885
.014803380
.015778747
.016206012
.012900305
.016321178
.008359336
.017640709
.015258376
.015219139
.015288356
.014955658
.014696886
.016642795
.016755016
.015412989
.016251976
.017428292
.013174106
.016289670
.014937392
.016501913
.013143737
.015268090
.014561112
.013727166
.014337323
.014879597
.016436032
.012513673
.013484599
.015979111
.014793067
.015585236
.015865183
.016053245
.013205208
.018858334
.008813355
.016609744
.016374360
.013970721
.015618540
.015726870
.013490194
.014634802
.015927771
.015221992
.014640417
.015639461
.014837773
.014382305
.014551516
.019308729
.015896155
.014501669
.014543325
.013623377
