.893181778
4.887234047
.878730706
.886307450
.891653279
.890340858
.899985852
.882169897
.880020386
4.883907367
.903538129
.892267208
.902389454
4.898834864
.887202672
.885445009
.893508492
.872881823
.877178069
4.894995158
4.893979739
.892445610
.874932429
4.889454224
.891591967
.885475552
.890119083
.911096655
.884514823
.914612117
.882486509
.887244295
.884235821
.882822545
.870913422
.887178952
.904797646
4.910906955
.907618968
.892811289
.869012604
4.889193970
.893061090
8.883496076
.894118473
.905002265
.893766670
.883416099
.893187569
.901037297
4.893752826
.894701017
4.889506286
.900531695
.888038150
.893223366
.888038056
.889893361
.902140154
.889646584
.869934896
4.891790782
.896909565
.897326473
.901425878
.890569556
.881257058
.898132388
.900945095
.882019314
.893705881
.898950094
.909975785
.900507806
8.908919586
.904488057
.892947140
.877863529
.870811709
.903065100
.903286369
.867748276
.886405905
.899931342
.899608438
4.899144408
.882325383
.893014981
.894848769
.894866300
.899339452
.907078051
.895784531
.929324635
.898307701
4.895720506
.895250893
4.904905385
.914851123
.892043223
.879796961
.856277061
.876418766
.894776891
.875883787
.881439143
8.880548033
4.905878946
12.094001327
.883835704
.898716046
.901041840
4.903351061
.897960339
.888378655
.909744722
.892388611
.895801171
.874681696
.889388136
.895223883
.887017630
.900060287
.896053140
.880908223
.904447165
.897875927
.885429492
4.885761059
.890243184
.893151563
.900897635
4.902430275
.914477942
12.089118410
.892508637
.888871822
.890320210
4.881414025
.902578857
.873210815
.897441897
.869224818
.891563285
.913492799
.921975294
.885775476
4.903644897
4.873264232
.892026210
25.054909408
.892065508
.894277464
4.893147648
.905224624
.896575432
.900492555
4.893460454
.898109881
.912133051
.898475722
.908831471
.870261501
.893671776
.888486786
.906187552
.894028077
.892154364
.890581128
.908035752
.877621216
.885343857
.895989937
4.900703066
4.896365069
.891679336
.898873306
.904319630
.894140250
.895486499
.892733585
.886159071
.891626822
.897615380
.897109832
.871797213
.880803599
.923855729
.899603779
.910276277
.909589677
.887165562
.885142758
4.869090321
4.883958687
.900416535
.875199161
4.877080534
.880394370
4.898116018
.898214083
.905896366
.891696058
.868300971
.896104571
.909350358
.878374499
.884493943
.916637177
.893538747
.904870724
4.909249465
.897525482
.909912964
.885818264
.873691510
.904410371
.904952785
.898389525
.892110347
4.896253113
.875065474
.906267730
.886005317
.884658833
.899980786
.908570379
4.886808945
.892640892
4.904741294
.912406468
.906685974
.891816996
.889460550
.887303599
.893996643
.920447243
.899410323
.894323583
.884759856
.901211980
.898839953
.877291707
.891924807
4.888865378
.904053190
.890896996
.892455474
.897909922
.897481110
.903455103
.896534216
.899408513
.893710282
.911490458
.901197596
.895168492
.909857686
.893904124
.895676699
.897354406
.884183381
.913126903
4.911429617
.902488622
.909291118
.900024472
.893266378
4.887599241
.895390514
.901490806
.899376065
.891116692
.890120120
.902213155
4.892435621
.896450731
.904728875
.902853041
.905709990
.885972024
.901764030
4.882688020
.895969771
.897509562
.882350650
.921333655
.881517495
.873098472
.941766031
.894020372
.892612649
.924027748
.952766613
.897888728
.893524690
.884534298
.923167388
4.897422167
.906530288
.909002830
.903290316
.888915390
.891814048
.902267477
4.882809324
.902088171
.909998503
.898392902
.889518835
.883694393
.896498922
.875377258
.901627612
.880839592
.884955509
.903825810
.886238492
.873547014
.894339744
.907945928
.871465828
.891354114
.891636934
.897256337
.890186956
.918505360
.920058865
4.886300853
.895290393
.869387672
.896311574
.894165083
4.884263423
.893611573
.885217082
.901169882
.877999035
4.876662885
12.114959811
.885470612
.885047924
.914870223
12.077860959
.898875042
.902648932
.891227462
.866165095
.888719394
.900030680
.890076565
.900155001
.902473429
.905519309
4.901300158
.891894807
.890839829
.884056847
.915030834
.889951736
.925718554
.869176077
.900833540
.890134876
.873701346
.893244627
.887462741
.893854369
.901169386
.892342881
.890745533
4.862582948
.884235264
.893740568
.906882216
.890838603
.890890620
.884094687
.903651533
.878029476
.881219598
.897690379
.901117190
.903664877
.888045847
.895919980
4.896432718
.888107874
.897596806
.877627336
.885339313
.900925988
.887972928
.893570991
.881819210
.913222050
4.892751750
.871971424
.910340051
.899758336
.903208834
.883901154
.908284993
.878394820
.890338732
.892407593
.914136449
.906536902
.880488463
.916345762
.868479860
.889496062
.886569005
.881404809
.870687367
.895871956
.881356147
.905883449
.890453274
.888239553
.879902207
.892289999
4.882510401
.901757358
4.899536551
4.870666025
12.085121251
.902231385
.893552213
.919442784
.873328734
.905575333
4.887764482
4.919300614
.891165392
.923679087
.942299898
.904160637
.901411393
.915678432
.884423850
.898206387
.884748657
.895049833
4.916335776
.892060375
.886175745
.889474453
.894146047
.885009575
.893873084
.890371505
.875195072
.886205872
4.880158247
4.883892294
.900206218
.895495331
.896391093
.875172795
.877090100
.898080532
.891137959
.896352329
.893541726
.891681559
.877938884
4.878649213
.902753013
.933728647
.900697148
4.893833704
.895429430
.894744608
.916507311
.895250516
4.903587383
.896431099
.893945940
4.905281859
.887582501
.920437687
.915231111
.897773350
4.905317526
4.898869573
.878299842
.910710812
.909434836
.881869927
.892939619
4.907287243
.880274585
.886114640
4.904393798
.900148228
.885766391
.891756275
.872306195
.896369847
