.041381851
.019090376
.020865804
.024054300
.036651905
.021186154
15.245132401
24.208419789
4.040626460
.030959570
4.040356446
4.038409412
4.037764790
.026175952
4.030850367
4.038579262
4.047614538
.025200105
4.036141086
.026086511
4.049228765
4.048118757
11.238096745
8.051233894
.029164955
4.042153432
.031083807
.022167903
4.042258890
11.238483576
.025611525
4.032090663
.031532631
11.230910373
4.033930210
4.045739150
.022860757
.019753035
19.256671129
.027331204
.036378447
.023138306
11.239944086
.025816051
4.039297886
4.045989227
.027379807
.022111516
4.046535541
4.028443016
11.237894865
8.054161179
.029172019
4.036350666
.024161091
.022955853
.034816739
.034953813
28.206150878
.025314872
4.037968835
11.241372034
4.046379941
.022812649
.029015501
4.040838499
.025545180
.019501357
11.235976669
4.044164052
4.030581090
.030392917
.020380184
8.051535834
.021783189
.020006476
.020014387
4.048471193
.024469301
.026506381
.020446589
4.043571746
.023995991
11.236383539
.023485586
4.038791547
11.227130068
.022790719
8.055683000
.028961549
28.203965265
.030006670
15.243170801
4.042565028
4.036113236
.026062749
4.038896705
11.233331036
.027350084
.021623159
4.034660823
.033794196
.020934346
.020854930
.018658951
.021942420
4.043905423
.022298093
8.050769986
.024142874
4.038182028
8.040814407
.024571853
4.033003510
.024508199
4.031638954
.024128793
4.034606903
11.227360498
4.033382100
.026444136
4.036518425
.028130969
4.034323822
.024396545
4.035484996
.026980065
8.039358255
.025935951
.033335134
4.034154328
11.233870818
.018879809
4.032931740
.027166462
.035624156
.024480482
.022986141
4.040077320
4.036445138
.020969809
.024237500
.023672883
.018045513
.020351814
4.037566938
.022435374
4.040536276
4.037202892
22.446538595
4.035855584
.024582353
.029018839
.034493192
4.040474738
.023532564
4.046584029
.021903938
.021827359
4.030313015
.021737525
4.043176168
.022317989
.033140858
4.039759001
11.243526532
4.036550084
4.035791176
.023351226
11.240273923
.023517033
4.040221711
8.045540755
4.040508097
.024577896
.031348653
.021636815
.017921427
.021563813
8.044204940
4.046921081
.023656491
.023010842
4.037076948
15.257530293
.027211791
4.043418498
11.239207601
.027634779
11.243322051
.026647072
.025332316
.025858085
8.056027337
4.042123369
4.044413200
4.034588892
4.042328584
11.245574693
.028010328
.027376306
4.050706661
4.041309165
4.034134756
4.053326928
.023840812
.023482507
4.039740661
4.033974869
4.041975113
.029247214
4.032785326
4.035021614
4.045817459
.024483002
.038606549
4.032777671
.037739069
.027112686
4.040400140
11.245537118
8.052366654
11.243571086
.031690741
4.039118407
.022432526
.034907647
4.036322706
.022163058
4.039858658
.025918278
15.243781889
11.234257505
.026498382
4.031847445
4.041783998
4.031497627
4.034126636
.023225392
.034403382
.022745499
.022979882
4.034234131
4.030996328
4.034246690
4.037701607
.025767192
.025886071
.021683918
.021276319
.022146142
.024166967
15.254229200
8.044558543
11.236303510
.023625575
.025704652
4.041250947
.023051720
.022868380
4.037227737
.026254003
24.197750887
.026195376
.023243018
.030533702
4.048023571
11.245182016
4.025986661
8.048534525
.036363621
4.043210375
.032894661
.030038557
.026224208
4.030346325
.022435897
4.028604948
4.042717530
.025125458
.024649024
4.035514046
.025240172
.022606033
11.248544469
11.228719011
.029560496
4.047338730
.023167054
.021644957
4.041016333
.023923332
.026455341
4.036085569
11.239595619
.024895314
.025552505
4.039490642
.024090291
4.036771334
.029572868
4.057491000
4.032241960
.026056116
4.049107118
.026570510
.023853786
24.212666933
.026838936
4.036582361
.027683852
4.035701017
.026541582
4.038969080
4.048718382
4.034661621
4.036014505
.027577952
.023144418
4.043680455
11.237076352
4.039300683
4.046384938
.022750609
4.043400648
.024462462
.031169994
4.041939980
.033732203
4.034616943
.025653748
4.032321369
.023110866
.023534006
.024606170
4.031411880
4.032152574
.027425812
4.047329615
.036854315
.025535827
.019725328
8.043755207
.026748538
4.042062552
51.539435052
4.034041631
.024929382
4.043452297
4.046263804
4.046110091
4.045942543
4.050823579
4.037664877
.026844927
4.035220742
4.040737021
.027396908
.027173275
4.036337434
4.044216225
.033154525
.021063188
4.041003954
4.041380717
8.039380389
4.039508570
4.042109451
4.032017205
.023672920
4.034945019
4.039074416
4.035651835
4.046933106
11.241767618
.027839358
.019855962
4.033516842
.036752209
4.031731138
.034448036
4.038543180
4.051621039
11.240783619
4.038483436
4.033496931
.021895527
.024125157
.027685732
4.035409988
11.240779476
.023782256
.027722351
4.038347166
.025748845
.021956642
8.046774640
.026814960
.025676066
.023362867
.019549459
4.041680279
.026248304
.019940561
11.224273449
8.062583957
11.242389209
.024393052
4.038073530
4.036426222
.024874437
.021625902
.023736221
.021547699
11.251152212
.036665407
4.043419656
4.034681569
4.027462533
.036587828
12.062335773
15.249414043
11.243451222
.028535445
4.047603232
12.057853432
.028146702
8.054895107
.030442405
.029279991
4.041185414
.026116175
.024686085
.020189599
4.025560302
4.055512690
4.031579256
.026839949
.021195925
.025874042
.019707083
.019640539
4.032467411
.023929685
.025670452
4.037830425
.021111839
.020594322
15.233618499
4.037164569
.025730037
.022523970
4.034800496
4.041888277
4.038316972
11.235390130
4.041180491
.024296225
.025095714
4.052817348
.024290321
.021717901
.022117457
.021611689
.022988945
4.040094710
.021247302
.021863865
.021587355
4.036891185
.035487817
4.043188025
28.218835905
11.237235573
.041037804
.025773372
4.037888094
8.046712122
.024266779
.025994879
.023429667
.022545304
4.048151358
4.034307348
4.043991175
4.039965123
8.052819036
.025697577
4.034228720
8.051814877
.025731537
24.201245248
.023811341
.026929925
4.036800697
8.044339331
4.047538528
.022898984
4.038525625
4.051021955
