22.498144902
4.058929261
.036663693
4.054033580
15.279792877
.029605297
11.250271555
15.265306283
11.276178956
4.048349225
.034396714
4.054047387
8.083089694
11.245183306
4.050080948
.036351641
4.060693960
.036231514
.043744038
8.048083222
.036508505
4.043769101
4.071480077
11.258855683
4.056769373
4.079149226
11.246495759
.032097393
11.252950883
.038488651
4.059749577
4.059066833
8.064123606
4.058629060
8.088848801
4.061333976
11.252170680
.034512553
4.043673211
15.280314079
4.061756973
.035072372
4.042901567
4.061932303
.037964006
15.283684456
15.273958953
15.272637582
11.253189147
.032381123
.030673974
8.068046945
.049615107
.027330673
4.048980811
.036060746
8.076417069
11.261556138
4.052772665
4.050860352
.037141098
.025508724
.045685671
4.039214848
8.078050889
4.059888561
11.263480820
.035197150
.028292560
4.058217965
8.078843368
.043374175
11.272630836
4.056734834
15.288618458
11.255291229
15.287071995
.039131646
4.060848554
.033542387
8.076336367
.037667428
8.070761282
8.075236744
.030600651
.036694581
4.057024962
4.052919390
4.062090617
15.286194431
4.049321578
4.054841141
19.303652034
.036546543
.027851789
.022045119
8.070419416
4.061936966
.032898100
4.052189164
8.070639670
4.049271177
.031410635
24.222080355
.047360399
4.047286199
4.065761708
4.054601537
.034522488
4.034995853
15.291900384
11.261206473
.035344764
.024932532
4.050035919
.029781090
4.055869059
4.061217085
11.252976746
.031679228
.050112764
4.054269786
4.049370999
8.070861574
.042781238
4.059371921
4.054130516
24.211463693
.038916162
4.049609127
.028842762
.025907678
4.051520663
24.217055327
4.055701169
8.078086985
11.263392411
4.062874766
.033384025
.026006880
11.244371638
.031267303
4.050719161
.032879363
4.052741747
11.263784607
15.283005410
4.058632385
.031417714
11.256939356
4.052930005
.059977501
4.051648743
4.056212635
11.263583107
4.058409539
11.279476213
24.231052932
4.058963298
.029393645
4.061658477
4.048634517
.033307753
8.080919151
11.264026038
.033670204
11.259128649
11.262311729
.034513191
8.076919778
11.265575835
.045021198
4.067160932
4.055946575
8.068146853
.032843089
8.081942756
.029664178
4.051642702
11.256371989
.042106739
11.246892120
11.250967428
.044875280
15.278709344
.035777750
24.212835773
.034273011
4.070780406
.048722587
.024922431
15.275030516
11.261648718
.038336530
11.262013746
.032057507
.022236849
4.046803021
11.255059109
.040944040
4.048261740
4.061091368
4.053962832
4.057282118
4.049360272
.028527494
8.071581667
4.051221677
4.047093094
11.263724555
.033766542
4.042847594
.039269226
4.056827795
11.258794132
15.285556421
4.047475141
4.054527965
.035776675
.037230772
.035043441
.029498396
.023388421
4.048455004
4.055452384
.037053096
4.047096350
4.050417704
22.473784862
8.065952100
11.267399245
4.068367249
19.281164199
.034812790
4.050264946
11.252285355
4.067299854
4.057448221
.036238860
.029754375
15.273480043
.032697239
11.248166098
4.067103421
4.055956808
4.062139351
4.075695909
15.283700181
4.051413323
4.056642058
4.054089606
8.065828798
4.072170724
.032885632
4.049952975
8.071155699
.035574249
4.037007927
.036648312
24.209626584
.030074852
.033902655
.026280215
11.251717827
8.070208508
4.056785639
.031519242
15.264737746
.034248899
4.045060234
4.053941067
.043462351
24.212347033
4.066309793
4.062711653
.027035201
4.058561897
4.063552262
4.055731408
8.091509067
4.051218118
11.258240788
4.070655211
11.269018335
15.270110395
8.068654912
4.047373065
.036512940
11.257074643
4.071390656
.029589819
4.062958106
4.047300567
4.066281336
.038881978
4.050089348
4.052026187
.031166457
8.075639406
11.284813165
.032436766
.048358175
4.058039949
8.074832796
11.253466627
4.050860084
4.048913620
4.058836078
4.057507928
8.088096703
8.077782148
.033277939
4.056967281
35.458969564
11.252336922
4.073472446
4.054257211
8.067810742
11.255933854
4.066350819
4.045648721
4.060769823
4.063450125
4.065164472
4.049686548
8.061775127
4.058686779
.033765242
4.045821110
.028256712
4.045262101
4.057119716
4.065542349
.032110481
4.071317908
11.255119019
15.305550665
.036800621
11.243941719
4.035334509
4.067420649
4.057787660
4.033526506
11.249639543
4.070152013
4.051617610
11.252665742
.037752167
4.039517627
8.083106424
4.047203933
.028338807
4.059415062
4.046470774
11.278375674
.052340921
.030739964
4.040221164
4.056723415
4.056800513
.033702008
4.031851513
.032179311
.025446100
.022288146
.025056715
4.054657099
4.055442616
4.070286054
.025550014
15.284844061
4.052134835
4.067341714
11.265941605
.050699432
.052473901
12.085935757
24.234729923
4.056074965
4.055796541
11.253320197
4.057042312
4.055515421
4.055531783
.032012199
.028838073
11.244540368
4.078342218
4.055838561
11.252590449
4.059426695
11.254625107
8.092491413
8.085526860
4.051045394
.035696741
11.245383247
11.251512723
4.048560049
8.087953471
4.057639215
11.264845009
4.053284904
8.090534926
.030141653
11.260286082
4.061173291
.031488668
.023757934
8.083800214
4.052685438
11.252961449
.029387902
4.051338833
.034064743
4.059669456
4.053081412
.036597070
.022975879
11.255739584
11.276319939
11.252882638
4.073438548
.030954192
11.242468827
8.067601960
8.072702993
11.257571568
.034203817
4.072293108
4.054157601
.036482502
.024132009
4.053816520
.036124155
4.051099098
.034735691
8.075147023
11.254330669
4.055533072
15.295976823
8.077057931
.032324351
4.047054294
4.052582065
8.059100261
4.056460921
4.051081790
8.078897135
4.072714985
24.224100416
8.072044242
11.261437580
4.064330128
8.078784744
4.064209399
.036882466
15.269299906
4.061385294
8.077161252
.032054452
4.044865258
4.060839076
.051115519
8.077165204
.030712879
8.070530088
4.054154597
4.061701214
28.237425691
.038948949
4.066440424
4.062683186
4.056624872
.029560830
.035512516
4.053481799
4.056362321
.035767017
4.049423282
11.257825933
4.033395647
4.064388871
.031533756
4.055581175
4.052152916
.039033491
.030732288
8.077001910
4.045854532
4.069134130
4.056990683
24.223151395
22.469560281
8.081373561
4.062626044
15.286198674
.040183033
4.049750301
15.278952775
