.044718038
.021822099
4.054414839
4.054699691
4.051121626
.028596142
4.054114969
.032887704
4.065919739
8.071182470
.038545234
.031135659
.020612155
.026408368
4.047554877
4.057567346
.056052934
.027291498
4.045405464
4.047638120
.032779698
4.050188369
.036206207
.029144154
11.250311839
4.051646130
.036989942
.028741711
15.264063450
.034078100
12.097635485
4.058003741
8.072158518
.030562096
.027776149
.021487305
11.279820282
.032458643
.028852747
4.043431612
4.050288246
4.069978818
4.050735617
.037803124
.022954733
4.058680086
4.046788863
.034155508
8.066690857
.039682999
.024017911
.026551215
.024148362
4.053449003
4.061978046
.036622389
4.063262775
4.056579293
.031682229
4.047310378
.037649029
8.066376811
.033354623
4.060128868
.030511637
8.052192045
11.253278588
8.092626023
.031052105
4.069839456
.034823331
4.041387784
4.053551799
.032602618
.023698279
4.049924907
.038420254
.025906278
.026390129
11.244299080
.036106947
4.047360467
.028152020
4.046767939
4.055930602
.031337087
4.064423255
4.064275985
.033099995
8.071698319
4.035855804
.035342227
4.051747362
4.058499852
4.060487818
4.066278536
.034596594
11.257324970
4.049898258
4.058249647
.032075603
.025322360
11.255431192
.030479038
4.049915813
4.051783895
.033233805
4.053654686
.029796992
4.068601518
.028114379
4.043662059
4.056786186
.033089587
.026397515
4.051149018
.029427634
.028039540
.027256988
4.057686370
4.055816306
.032368832
8.077789238
.028202427
.025892481
4.051900953
.029391506
.025316693
.022388913
11.241721485
.030052134
.031668075
4.038341999
.039464180
.027319618
.020594794
4.043344875
.031076744
4.047713542
8.070136893
.037598056
.022940742
4.041322573
4.058073520
.033417577
.024054127
4.049990847
.028155290
.027674674
.019330161
.029867695
4.049171725
.033829255
.021969382
.025236224
.020493325
.021775161
4.055887631
.031507893
.026042695
.023427688
4.053603268
8.061917477
.024474133
.022929238
.026873626
.026486100
.024588599
.022808980
4.056269724
.027088641
.022658887
.022125559
11.260002120
.041153038
.025857392
.024030520
.029044938
.024655853
4.039405933
4.051326978
.030245810
4.048340529
8.068424006
.031866608
11.249322369
.030560864
.025814090
.029697724
.024736727
.025312849
4.053858375
.035673204
4.049701323
.032251894
.026817032
11.251485784
.041911118
4.047982715
.033451723
.027362569
.024019471
.025423523
.021113028
.022610670
.020143339
4.052842496
.034191023
.022155014
.020461902
4.057502431
4.051926603
.028659696
.029336199
.020737629
4.039724905
.029227757
4.045327263
4.049941322
4.042934528
4.055661631
8.077554964
.036040757
.024895062
.024300606
4.065350246
11.258896613
.036046739
.025390499
.029531687
4.050002499
.036701824
.027928332
4.040019720
.031400560
4.049247783
.030249276
4.064190972
11.252351773
4.044445975
4.067302530
.058574515
.026176451
11.248353645
4.053153459
.031314088
.026035083
4.053615700
.038194202
4.058401030
4.053603325
.034979415
.024077631
4.042563523
.034926203
.024408277
.024554703
.021445003
4.048995070
.039365238
11.241168883
.031264301
.025569560
.022323017
.021698228
.025487096
.022071127
4.040739084
.032852236
4.042814426
.026331275
.026933773
.024011543
.023717108
.023229784
.023045689
.021807401
4.041606428
4.034481713
28.235954940
.025817012
4.048600567
.031419660
.043018896
.031270579
4.060276474
4.050397661
.037555929
11.250685071
.042409357
.026168593
.024813591
4.048966410
4.070883987
.032087047
.018767589
.028017625
4.055580923
4.064425825
8.071090234
4.064590738
.032878518
.029850623
.021981015
.024133773
.022184320
4.050479948
.035878828
4.041471044
.034653169
.020749775
4.046434742
.045148815
4.051124620
.032627795
4.058980019
.032587043
4.055028944
4.044576760
.034297439
.027980594
.023759334
4.039765965
.032931939
.025835545
4.043095334
22.466453421
4.051454802
.027467780
.021880693
.025420907
.025379987
.022928840
.027146302
.023615881
.024087701
.023181313
4.059089819
.035750153
4.053180090
4.043618473
4.046044411
.032542669
.025464659
.019761024
.019820069
8.064048134
.032129144
4.054835612
.032163276
4.053689236
4.047154759
4.056531420
4.058756489
.031684199
.040168451
.028029986
4.064608044
.034130721
.024126172
.022550663
.022185808
4.039162667
.031597530
.026453102
4.043080533
.033818702
.029471238
.020573296
.037257697
4.045108405
4.054687680
.029929764
.032139186
.026643654
.028151327
.022644252
4.043321717
4.062409260
4.048467707
.028932969
15.278105700
.032159891
.024545286
4.043184049
4.068921722
4.060895888
8.061138647
.030934574
.022481086
4.044185194
.032975732
.026919550
.022203570
.033154826
4.049695345
.031496230
4.029944875
.028718737
.026298556
.019892771
4.046950354
4.053662924
4.048794406
.038212182
.026691799
11.246596083
4.049778969
4.054502908
.038462866
.031937125
.025513098
4.040258865
.041198603
.022584725
.022980498
.022120657
4.052562308
4.057055186
11.255433977
4.054930708
.032293622
.055845004
.026013044
4.037690815
8.060873654
.030340407
.030841057
.024532322
.024180179
.021854603
.025356530
8.064506313
.026813996
.028621800
4.043013980
11.257876051
4.064216547
.036724900
.027904100
.023422905
4.047188233
8.067564468
.037445605
.023658251
24.210522563
4.060037997
.034338708
.027811084
.022076584
4.046449886
.034561140
.030970289
.024280032
.024967692
.022400186
4.039122182
.034626894
4.056977310
.033658178
4.057748573
.049646277
.022892710
.022190175
.022882460
4.047489590
8.075771488
.054392901
4.048929638
.030937618
.026345274
.024609230
4.048609607
4.061651420
4.051401735
.031097739
4.040853089
.040552404
.026674426
4.041787200
8.068205660
4.048244891
.030031301
.028220380
.024647734
.023008312
8.073388471
4.034381149
.032447278
11.246597826
4.073473302
.033496681
.034204421
.053887042
.027164904
.023392390
4.038828329
.033394882
.024413778
.024972109
