.043146870
11.249297170
4.059283047
.029821547
.027477540
.025648709
.024480309
.024615437
.028802068
4.068918628
.027577541
.026321057
.019516704
12.105597827
4.061531504
4.064009248
4.059028063
4.064152732
.032158325
8.070995285
.030423463
.032366666
.023761042
.029444527
4.032982612
4.061545140
.032099995
4.046385519
4.051459536
11.259565943
4.058930013
4.063710176
4.058783939
.036393998
8.073098452
.030018849
.027198759
4.055597138
.028705750
4.055530644
.031052041
4.045234117
24.219350977
4.063038994
.033612024
.024766345
.025627191
.022600019
4.061424969
4.052690208
.039679286
8.072605149
.036852243
.028588366
.027792291
4.050421828
.034626336
4.043652744
.032980590
.028175733
.028018366
.023085209
4.055078563
4.059448008
.027959942
11.247438159
4.048156069
.034458184
4.045782083
4.037886533
4.060669836
.034702750
.024208344
.024237702
4.046064460
4.057466125
4.056887030
4.046931546
4.056339244
4.051618879
4.047558659
.032575733
.025979484
4.060380137
.032836354
4.049831277
.035762231
4.051945890
.037843680
.027177914
.024547386
.024450936
4.061523706
.028764947
.023972560
.027425519
4.044956606
.029801193
.028977221
4.047295658
4.061273603
4.069844629
4.059309144
4.055222405
8.065050351
4.067380546
.039777934
4.044856655
.024271409
.025581840
4.024595241
4.075493569
.024556135
4.040091474
4.046145880
4.053395768
.032257318
.027412561
.024978849
11.246442600
4.061255105
4.045669545
.039525788
.025721870
4.048401689
4.049864497
.029971009
4.056618728
11.244722045
4.058142209
4.065426573
4.071455626
4.050432506
.026658957
.023686827
11.248334643
.031621952
.023397073
.022927108
4.051476980
4.055689337
4.061785975
4.052425287
8.051152237
.033180434
4.048262472
.031962748
.026850835
.045556336
.025775319
4.039062328
.034730666
8.067017151
.037697630
.027443928
4.048847189
.030200929
4.046357359
.031774995
.035342343
.023500116
4.040430058
4.055918717
24.225230746
4.044513413
4.052436245
4.043544857
4.056557643
24.219516865
4.056581894
4.069575846
.043937560
.041228977
11.258742598
.049358520
4.046107980
.027209216
.026908253
.027469261
11.249331617
.040856220
4.061377510
.034854501
4.048321223
4.049449407
.036715364
.030402266
8.075236904
.029604504
.029261707
.022558686
.024273670
.036716156
4.051044057
.036119771
4.054405734
.034509538
4.043215310
4.058229211
.034492830
4.051824277
.023562711
.010020537
.007328452
.006396329
.059835751
4.047451988
.042486237
.023869908
.026412096
.023369379
8.040356374
.030612194
.027303703
.037081442
.033545805
.033541540
.023973878
4.048298824
.035675485
4.063059044
.041758897
.024639654
.026066448
.034236546
.027124659
.020465279
8.067328107
4.058663826
.028809399
.027918906
.021785377
4.055305786
4.067349690
.028775233
4.048691501
.031667253
.025460864
.020254864
.024554788
4.059410463
.034733353
4.040732070
4.058277643
11.249812342
.032137979
.029697467
.024035635
.022045672
.020283803
.023121572
.025503460
.021827344
.027226528
4.031370546
.033554023
.028682456
.025644462
.021963606
4.051781361
.030526529
4.035661963
.032523249
.023870711
.046768817
.027523395
4.047847562
.026300861
4.049649415
.030769902
4.044917684
4.044753856
.028598013
4.059971942
4.056460254
.026173529
8.061888866
.033550710
.029400863
.017393923
11.250573938
4.060421830
.031777243
4.049701455
4.043109527
.032010882
4.045699164
.043598311
.027209435
4.032806592
.037831626
4.035244376
11.238891408
.029283810
4.046966666
4.077070611
4.047551851
.027890694
.024976679
4.039192958
.035897374
4.053427086
4.046008403
4.057697456
.029462791
4.043659032
.026174411
4.037073161
4.061480848
4.032440757
4.058063391
4.037566460
8.049626157
.038188109
4.069738495
.025525274
.025507356
.022080988
.022370151
.021431563
4.054069764
.032183563
4.051723393
4.063588577
.029797186
.036985513
4.041686064
.028415138
.024669206
.020402915
11.260055091
.032034876
.025993943
.021470045
4.045602394
4.048747216
.029488174
15.276986563
4.049840643
.034572898
4.047041708
4.028143082
.030860244
.023742040
.027158766
.028599268
.023436909
.019008179
4.068956309
15.273319310
.030034961
.025491121
4.049568141
.027003272
4.050094855
4.048117818
.035160435
4.055009283
.027841464
4.049972329
.030846940
4.039865873
.030682543
4.045501232
4.064876281
.026063357
24.227324164
4.059073521
4.053588985
4.048496921
11.294163791
4.056846128
.034767660
4.067642888
4.061224511
4.042505260
24.245208580
.038945006
4.056009015
.030048726
4.052840587
11.266249632
.030683212
11.251808689
.030590202
4.068011947
.026377545
.023598695
8.050427127
.029252362
.024010824
.027093249
.025311218
4.064783797
4.050011787
.029367293
11.257978836
4.045476343
11.244683187
.032002179
.023606747
4.050037965
.037867956
.026664128
.019184923
.020805728
.026985164
.026116609
.019729525
.024887306
4.049580700
.031174713
4.047994813
4.032133510
4.045868910
.036422212
4.050224852
.022802074
4.049039388
.033034460
.026177907
.028307144
4.048092449
4.049398629
.026361241
.034592829
.020895546
.021334676
4.018472750
.041036901
.020696137
4.057814457
.034577140
.022785452
.020763935
.024283619
.020201706
4.064766602
4.046224520
.029388228
4.038577497
.030868935
4.055783617
.031179136
4.051622362
4.055789409
.029217251
24.213632888
4.036959563
.021063885
.023302259
4.051968232
.028086374
.025259143
.027818553
4.050961871
.032442985
4.054582732
4.063631989
4.058597512
8.087301115
4.060250987
4.049291038
.032316005
.024745665
.026450647
.022144877
.024462092
.022441326
4.038237936
4.062270688
.026683588
.022847121
4.052921900
4.026632105
4.046935027
.033957176
.023464764
4.038058741
.028642550
.018164160
.021023807
.020750777
4.040713847
4.044964892
11.242916570
4.024417445
.035545976
.036792406
.023225654
.021507964
.033762320
.021072958
.022833444
.022166245
.019264215
4.033724940
.032563771
8.047981312
4.055902271
4.045788069
.032057215
.027619390
.018561513
.023723626
