12.162599127
22.512786709
11.271641525
4.090547806
12.126082960
4.097970634
26.538408726
15.318070949
12.138182539
11.285651331
8.124324802
15.329996713
19.354987506
15.315648531
12.150938494
.056912390
8.094765212
22.516393889
15.320608872
8.106862530
4.093978323
4.083938343
4.094153076
22.530449317
.052715373
8.108606651
11.292014829
24.255940853
15.307844237
11.286272296
4.100608444
75.759329052
8.115582826
8.118260477
11.286679191
4.104391672
15.319132191
12.147551515
4.107509872
.060876831
4.091741735
4.081537062
26.554876400
4.089028530
4.093041350
.063034979
8.119534303
22.510499619
15.318203623
15.313922482
8.132506701
4.072062267
12.136726345
4.106591228
16.136702726
8.096401803
11.308019517
12.138698798
8.104240662
4.077098635
11.309435857
11.296759532
19.341959000
8.115937887
8.125910225
.055948433
4.074551598
4.087810717
4.101360950
8.112096307
8.104371772
12.125617135
4.079801044
11.292152500
12.137534306
4.103445528
12.139016538
4.113396244
8.086283468
19.345937909
4.087985649
15.326412963
4.088091773
4.115267516
19.325279374
22.521203427
15.330301227
8.116049293
51.599850597
12.155892244
.064383128
.053966715
4.111668822
4.074318049
19.334576100
15.302345750
8.132570288
8.114794091
15.320420970
8.118346577
4.087648513
.062602365
4.080713198
.061883880
24.241633550
15.327583412
16.175185341
.066330602
11.288151427
4.087871256
8.135108517
4.082890545
.065455875
4.097190402
24.260656697
4.099304171
.061813577
19.347096388
8.121126522
4.078283125
.061361020
12.140825186
.080133449
4.066500963
12.134223385
12.134139288
8.104009500
8.122418336
4.087167087
4.072339838
4.088239258
15.306014839
19.356775844
4.107664475
4.101124123
11.281212498
15.326732675
.059333223
8.095530391
15.332925392
4.088748810
19.364418996
.069040255
4.093635920
11.287052073
8.092769795
15.320969403
8.124737701
22.506650931
19.346062229
19.347540657
.057196145
.052868245
8.095149057
.082415810
4.088164387
23.371435314
15.327494338
8.126835471
8.125659585
8.122237015
4.088227705
11.300618012
4.107737328
4.100313742
4.070545313
8.121061975
4.103254262
.057224184
4.088354298
22.510785027
15.333141846
4.099368307
8.100770058
12.152781350
4.102652772
4.103426011
8.111291523
4.107038636
15.315764671
11.290700226
4.097453457
4.073418112
8.130723727
4.085161454
15.313831747
4.104176226
11.304696375
19.343592869
.066817012
15.292511274
11.291017073
4.089962619
4.099878044
.055063976
11.279169147
19.363093468
8.126464406
12.134339231
19.357931544
4.094900710
4.080554278
4.069000682
11.282501284
8.121882915
4.092907249
4.085308298
4.098556163
4.089721210
11.298174816
15.308513091
.054727595
8.120811936
4.092826016
.057843662
12.124756049
.060431249
15.293168540
11.297155232
19.343560264
8.105242735
.061860204
8.126547969
4.105743198
8.113869338
8.122711176
28.284228700
19.347990885
12.154149535
15.300449788
4.079280108
8.119321194
19.355945992
8.119217064
4.088957806
4.076728199
4.118691114
12.148805436
15.318805224
4.088840088
8.127016494
4.074830282
.055781560
.066557517
.070655226
8.140517060
8.112762351
8.123148994
26.533856433
8.134762269
4.089902706
16.161764688
8.105939820
11.306045506
4.115239998
4.090372593
15.288410765
12.133074714
15.309149589
28.253364302
4.104123032
12.138326108
12.127937849
15.348699919
8.112818234
8.080598650
.063654387
4.092452344
4.074936854
8.130621568
4.093987610
4.096869884
8.131820030
8.108652578
11.285759545
19.343638718
8.120058214
8.123493259
4.092331527
8.118115184
.061427036
4.093900040
4.112089986
4.076242184
8.102184680
8.125726000
4.072982513
8.095479890
.072485678
4.067301369
8.112262798
8.107351945
8.117348821
4.107679624
66.845264867
11.293904475
4.099512983
.070021669
.048770663
.047924214
4.072742355
4.101924532
4.095226008
4.073128629
4.094114984
12.133096614
.059769515
8.094373251
4.085233456
4.104881895
4.081519063
4.079361990
.061824345
15.302178885
4.092925237
8.115198823
.060046294
8.132928446
11.287280685
.064034360
15.330146127
4.088036137
4.098011324
19.332204645
8.135068791
4.080626411
11.312315947
15.295517930
8.102574495
4.095828520
4.080291721
8.116415360
8.110706901
8.110084524
19.347725851
28.309501944
24.241198121
8.132525149
12.135550214
4.074619181
11.300629612
12.150669483
8.113210026
4.085455524
22.530051037
4.095168512
.064317319
15.317427461
.055094566
8.139098801
8.115645347
4.096851500
12.138815975
4.098470612
8.112219739
4.099468758
4.083357201
15.325641701
8.129595044
23.341175520
4.077538956
32.314907666
8.115664005
4.086136236
12.127862306
8.120668691
.059355832
4.103448443
11.287488249
15.316475595
15.322065306
4.110906078
4.087434780
24.249212895
11.292948856
4.075041399
4.096214803
4.077458108
.067781431
12.146439697
22.507059325
8.123534054
11.286970420
12.133776604
8.116114732
4.094594299
4.107816295
.064958479
15.288372643
4.081760276
8.105841331
8.095095789
4.091986118
12.129255686
11.287491123
8.116686482
22.529878589
35.467242649
.060361723
.050737112
8.118002762
4.089711449
8.087472116
16.142792485
4.084550422
15.309929827
12.156111526
9.798929632
24.259662261
8.639594306
11.297207297
28.276739123
12.142655366
8.129244758
15.323395843
.084532131
8.102926623
4.121395057
11.286433595
8.122054440
8.109048909
.053702468
4.106903399
16.144581336
8.087986648
28.294062785
4.085218853
8.102807033
19.318720053
15.317736083
4.089649113
71.745586467
4.092446425
.063062943
19.339570331
19.338889700
8.130196625
51.582595753
4.098656578
15.305000998
4.092282300
8.123493964
11.280186029
4.102903590
12.129438870
4.090270529
4.097263693
.088085844
4.074483758
11.302912079
4.068274554
.075951344
8.124375534
28.290337793
4.110098187
.051287431
19.354209287
15.318267173
.070411711
4.075417740
15.339323698
12.152674707
4.079056347
8.106217553
4.098607698
8.115355002
4.092578622
12.135162284
8.121578892
4.088832486
8.121181403
8.122611423
4.088061677
.057905684
8.109795282
.076730481
11.297312537
4.100485344
4.088065182
4.104330489
16.137425015
8.129552930
4.081495239
11.277203835
8.104828166
.051608660
15.344201303
4.093148998
4.079144105
4.107794828
37.747634145
15.305004153
16.176539839
.058597164
4.092105012
8.092867661
12.147527985
8.100706977
8.084383377
11.283495201
