.450456199
.439988893
.427385269
.438073995
.427725867
.429242277
.438962368
.423989332
.430242117
.423776985
.424636155
.435465222
.427411342
.436924131
.429779923
.434144568
.440086797
.425188723
.429697085
.423510719
.426566712
.430354327
.424647069
.431821862
.437986978
.435845865
.433943974
.430625383
.466722402
.483991641
.472698548
.475589325
.466123662
.474103122
.459080959
.464125640
.472471995
.463796915
.479968430
.474246172
.464153934
.469587260
.474287173
.463779539
.471012501
.463802081
.469814605
.456385693
.473053359
.472635545
.475830504
.473636306
.482060286
.474167973
.476285831
.475901125
.454266291
.471420132
.443809598
.450943584
.463254847
.464680421
.462661822
.474831048
.464884760
.468025167
.464696552
.463334875
.462151181
.459107739
.444302883
.453753877
.464079663
.665245001
.458757893
.459287706
.462308199
.473565299
.446905863
.462677081
.469848964
.475264295
.459088718
.460937732
.462591986
.455400350
.457440250
.454839360
.456209142
.466256389
.461937574
.452252804
.459906590
.462313552
.480067087
.474306528
.459656742
.435388315
.471706055
.440008855
.462930126
.471888565
.467569250
.456872551
.476112833
.463435111
.478768184
.452706911
.471700888
.472497640
.470328814
.470986892
.473498776
.464597965
.466334892
.458364214
.460938644
.467343237
.495087559
.462311426
.458974831
.450603048
.466313307
.462914626
.455898082
.457398996
.486494208
.458700731
.466318599
.455899077
.456458620
.471959666
.472355712
.464972887
.467086689
.486352783
.464737854
.478669931
.466130857
.446031617
.450152605
.465714451
.459328326
.462471185
.459818426
.476840420
.463651137
.495080020
.442558175
.466510395
.476376595
.482043399
.458994509
.480368302
.479163192
.477852576
.463985773
.447623960
.483193198
.455710068
.470980695
.479828220
.486153191
.472010542
.463531619
.472918758
.470789016
.473509415
.457193147
.475523650
.471437218
.459491814
.461940073
.466509073
.447906763
.480894443
.471676606
.475688575
.479451239
.464216114
.454597546
.477542635
.461757854
.464043563
.467828270
.454484581
.458096696
.469367104
.479968726
.462036661
.486069518
.460605667
.470693511
.477652849
.468470680
.457492871
.475076417
.472518068
.476417656
.470596088
.468669297
.508220242
.497427211
.448648657
.455946697
.486651132
.465632504
.481635290
.457970726
.462711545
.467193930
.451649917
.463940832
.442977477
.452859718
.500010852
.446509318
.441660448
.466376442
.458421725
.446452000
.491285615
.440410522
.455055251
.460738562
.459506238
.467028404
.467446383
.461759898
.461515466
.480742327
.459444431
.467788562
.464479043
.474878206
.457809005
.456312087
.465878536
.456944747
.472318561
.467690137
.467931484
.569918457
.473744766
.473798976
.463193719
.465233125
.467217902
.458828852
.462933039
.456218706
.462948789
.459596477
.458743679
.458676134
.464822893
.457680370
.452377700
.464159939
.467866229
.460172301
.469147676
.464274237
.432300540
.466285350
.472409733
.489804869
.462307878
.463152384
.469019877
.446037847
.454685245
.473103021
.472617327
.468821157
.457495134
.447909174
.456669884
.462650083
.449144632
.477825441
.474884416
.465192657
.459323309
.462988270
.448451957
.468463832
.467006732
.469456205
.453098063
.465378009
.448813826
.464877723
.450129706
.467872071
.467023008
.460443541
.449287780
.465546114
.474494448
.444896351
.453643551
.454057657
.458261643
.443196539
.458184219
.464050550
.472090838
.469581446
.464648499
.455286052
.471555639
.467918642
.467966894
.523064845
.472145213
.460212455
.457559180
.469882085
.440022937
.446310501
.452247753
.456228354
.443223201
.459826183
.466639818
.473907271
.457016357
.461554322
.476241362
.443203242
.433897382
.441981214
.451595759
.478112926
.463528683
.460027403
.463714736
.449248167
.462864813
.483527441
.461760126
.447096546
.466926292
.461034126
.472987594
.471142698
.453905805
.468752062
.456624293
.462022326
.485247709
.474369769
.469183240
.469828000
.472880461
.455460582
.472114017
.467437809
.466695920
.453086059
.486969680
.469400507
.462408276
.475577884
.445573207
.432868155
.457976578
.458219416
.469647605
.451080653
.457084280
.443720839
.464542364
.455341209
.459648745
.461544183
.453769235
.429499009
.434787269
.438157045
.433937094
.426560045
.437267034
.431128807
.434661343
.422747909
.427026237
.429028061
.431113847
.428043754
.436032504
.445956781
.425493607
.426979067
.423833304
.428073546
.432682895
.432562388
.426693544
.429800011
.433028299
.432146880
.447273528
.424824719
.432542831
.437831922
.430912084
.428156085
.423517060
.430920158
.426129684
.435744481
.421802727
.431844175
.437767669
.426418930
.441013498
.427293817
.427377222
.440471105
.427724277
.433703188
.432180394
.430086750
.426359950
.434691684
.427088041
.432997772
.422567819
.427582765
.423949953
.423580841
.431333929
.424526171
.437511844
.433467688
.426121328
.432961794
.424392169
.433548020
.430343778
.444668869
.462385075
.469118584
.471975300
.450466106
.489484190
.443680060
.463621089
.447541959
.457027930
.461068612
.481376211
.463738601
.442556286
.470886215
.441801040
.459147005
.457318668
.454025599
.468568060
.469806159
.469132544
.470787870
.451996294
.460572856
.451492479
.437121900
.476189201
.453554199
.449949282
.431154374
.443544529
.434010756
.425952009
.430405382
.427990187
.429786269
.440492347
.435056846
.425688622
.428081440
.433371351
.427478038
.439490717
.426462825
.428659301
.424738120
.428153903
.426294900
.427951143
.431177334
.426411405
.427676130
.431850948
.435565660
.426421739
.431323923
.428618132
