.505739789
.466677481
.491287824
.494983349
.467053548
.469899679
.482695739
.483458892
.488207448
.463417605
.488197342
.470515611
.469126707
.456917373
.505497219
.467508223
.499582737
.472554747
.473149234
.495644873
.487113752
.511696922
.475985379
.458290677
.472952675
.471637375
.485005360
.485174091
.476974142
.491609342
.476100823
.465109974
.506228648
.503485337
.478664135
4.467370878
.489852783
.521383980
.499398313
.478009617
.483984184
.489069703
.481073355
11.723256509
.499427618
.498189599
.480891478
.493614224
4.488166228
.462320455
.491236905
.498836170
.510831059
.496691154
.492497341
4.476216274
.449681941
.502662949
.489696606
.470588267
.450126975
.469958501
.469657708
.473527301
.468886710
.466273247
.462970411
.472300476
.478005765
4.525123781
.462375372
.471411829
.462215865
4.479929091
.492540698
.502654791
.482902349
.490413295
.464849486
.492115702
.491623847
.506417429
.493507822
.476172304
4.492013351
.482171361
.490535623
.467236677
.483839978
.493965497
.501027893
.473407256
.484857310
.482019342
.470467609
.484282199
.482759404
.494975181
.509995759
.507522958
