.037742452
.014917931
.017751767
.022010520
.024559440
.023140354
.022999521
.025884357
.019314518
.023741689
.021795729
.022034437
.019840727
.021173645
.024723606
.021436686
.023233105
.025386524
.023524105
.025057149
.021589937
.023585439
.026341608
.024347731
.025258315
.024247231
.022289854
.023571189
.022073520
.025801898
.022727480
.023198064
.022390979
.024953856
.021618395
.022323021
.024010939
.021784478
.023341480
.019554685
.022100770
.024247814
.024880190
.030058111
.022492395
.024405273
.023517814
.022921271
.019953936
.021830103
.024179481
.021141061
.021215811
.024765731
.021190853
.018294975
.022382562
.020192352
.028578610
.023264980
.024449606
.025518982
.017088724
.017734641
.022965396
.020518061
.022518979
.020750269
.023149438
.025016356
.023005521
.022882771
.024777189
.020872936
.024955939
.020197393
.021427644
.024542439
.021128770
.023867856
.023788438
.024094689
.020799227
.022271104
.026536316
.016547348
.026605483
.025879524
.024662231
.023775897
.024845106
.022814021
.021438395
.024709439
.021533770
.026735858
.022082645
.022454187
.023996272
.024639731
.024957731
.022811354
.020922686
.024208772
.023490355
.024961981
.022607854
.022340437
.026497107
.020359268
.024055314
.022911521
.023515979
.026419732
.020943436
.025255564
.026572107
.021695562
.022721438
.020260685
.025680899
.025856440
.022851312
.025359357
.024592564
.024659022
.021736978
.027985067
.022284478
.023626979
.024370480
.023435521
.019217767
.024416731
.021498311
.023495230
.020401310
.025077773
.024040272
.022200187
.024266897
.022504937
.025123523
.023355147
.024242063
.023735314
.020820686
.022967104
.024039063
.019010851
.025040481
.020256893
.021329145
.022274020
.022221020
.023803313
.023769730
.020422394
.025428982
.023083938
.022465396
.022720812
.019704726
.024622605
.024693314
.025446856
.020837435
.019929642
.020400143
.022757937
.014769264
.020335102
.021257144
.021580561
.021854645
.024308147
.022226104
.024507064
.024922898
.026384232
.020074310
.021706561
.024536647
.024350355
.025797981
.024055771
.021452978
.022783562
.026866399
.022456437
.023222979
.021995103
.020124351
.022100686
.021192353
.020403852
.022399770
.020242602
.023728438
.023553855
.023098729
.022004020
.020333602
.023182813
.025228940
.022057770
.022989395
.021991020
.023054729
.017765641
.025244231
.024543397
.015826598
.024511022
.025453314
.024142105
.021643228
.027040233
.021893478
.021150769
.025034356
.021542936
.022226811
.020340602
.022825396
.018376183
.021086394
.021068727
.020534810
.021164519
.019316684
.022088853
.024918231
.025490773
.023811104
.021829061
.025580773
.020518394
.022685395
.018398475
.023119313
.024693189
.023312104
.025458272
.017327182
.019933017
.025787023
.020690685
.021226978
.023851813
.020773727
.027416232
.019213476
.019481226
.021061060
.023365980
.019907934
.025866606
.023250645
.020710102
.028009109
.021737310
.023437646
.019933809
.020793976
.024446355
.025983023
.022916437
.023821938
.022201895
.021981311
.016860598
.023518979
.023885271
.025876606
.027319691
.021528936
.024855272
.024764688
.020826435
.026286856
.026889149
.017536849
.025696939
.023739646
.025606147
.022949520
.021229435
.016984681
.028654275
.024526772
.021505811
.022345770
.026661107
.026424440
.029285817
.015445680
.017260432
.029223942
.021456269
.022778937
.028127899
.017124182
.028565359
.025587564
.020541810
.018595058
.018900350
.023368979
.027661899
.023523104
.028967233
.021751228
.026643690
.016028681
.023907604
.019107516
.028932484
.024633605
.022234645
.020816893
.024350897
.024539188
.023278687
.021442018
.021642769
.024493647
.025348272
.024606188
.023860354
.025280397
.026537982
.021610477
.023688604
.024018688
.020717518
.024472021
.026108190
.016234598
.021238102
.027130024
.027035940
.022767520
.020684727
.021469561
.020522892
.024789939
.025623564
.023125145
.024521563
.024239605
.021573935
.023452729
.020387434
.023485896
.022902603
.024349188
.022907520
.025988147
.022420519
.022833728
.023865396
.024015605
.022465853
.019977976
.022378520
.026593148
.022605978
.014921721
.020618476
.023355729
.019781184
.017997641
.019803809
.025020313
.023293520
.021741144
.024476063
.021821977
.021378102
.021737185
.023019020
.024316771
.026514315
.022371187
.014035054
.016398348
.019970684
.020279851
.022152769
.021429769
.023265395
.022175894
.021029143
.024860104
.019790434
.025278230
.023809771
.021976019
.022470978
.022220770
.021229893
.024769396
.024260396
.023077353
.017637474
.017696640
.021888852
.021512269
.019025891
.023276646
.019837350
.021292977
.022779311
.025218772
.022854145
.021816060
.022211186
.023080187
.027266857
.019657434
.024338188
.018341516
.016446223
.020588934
.028239108
.023868437
.020261976
.021800144
.023146603
.024961813
.027157607
.021920186
.018257183
.025310022
.025159146
.021753602
.023474645
.026923106
.022026561
.019500226
.023341729
.022909686
.022126269
.022827895
.024443605
.023280437
.024683563
.020340226
.024269562
.023368270
.020956768
.024597313
.017095432
.022259436
.024888437
.026612272
.019521558
.019179266
.023672562
.023727520
.022276061
.019265933
.034551738
.025756939
.023882437
.022849936
.024735147
.023078894
.018679516
.022280603
.027161690
.024541188
.025335105
.023205353
.022416103
.021367518
.022856769
.016747764
.027270898
.023434395
.025403397
.019572767
.023058978
.025499855
.021571101
.022050269
.027516732
.022786811
.023965729
.023462353
.027745441
.022863852
.019910184
.021934727
.021185351
.026984773
.021577352
.020071351
.025853022
