.044079720
.016090825
.016533697
.018054851
.017209440
.024563837
.027553812
.021814818
.026541237
4.035177470
.019601373
.025438903
.025555110
.024798575
.025259780
.023007424
.022932008
4.037285706
.027587290
.026117512
.022488753
.022207714
4.044845416
.024650809
.024653225
.022956657
.023119239
.016188346
.023014448
.024062979
.021249631
.020055059
.021664418
4.025094179
.018689648
4.037076851
.021816986
.016527081
.021794776
.016560830
.019767630
.020248625
.021131907
.020752620
.021928191
.016306041
.021358904
.023482048
.019761670
.021120698
.019282801
.017335528
.017029699
.019462672
.021848522
.024737318
.021595851
.021653809
4.033638931
.018441129
.019703989
.022344918
.018689542
.022012381
.023121993
.013187478
.019020912
.021399052
.017374597
.022248751
.021993296
.019364741
.019055995
.021253136
.024543474
.018645332
.021107220
4.023148939
.022530614
.022093078
.021986161
.023831431
.023267146
.024772712
.021875954
.021905537
.022192909
.026997351
.016377767
.022284656
.022834066
.022769692
.020151847
.023847638
.022056282
.017956997
.023016062
.022390111
.019759059
.013220136
.015692898
.017964080
.020642005
.018037203
.023044226
.019954347
.021190624
.024243171
.022287902
.020934459
.024506583
.023261848
.021272538
4.040006251
.019400346
.020673413
.018553605
.025080900
.021197948
.021428320
.016934250
.020246292
.017924528
.014728776
.020404914
.019913628
.022255767
.018045152
.018411980
.018611310
.020765325
.020134499
.019359759
.024566778
.022256557
.017049580
.018666476
.024590859
.022127307
.024652442
.019491089
.022213514
.021882185
.020727573
.018902512
.017980148
.018904679
.020023207
.020340245
.018296353
.020544950
.018999135
.022329550
.024082070
.020886652
.019682793
.025862256
.021888890
.019271755
.021771306
.018608389
.021562101
.024132443
.017531861
.022481464
.017662357
.020295741
.022122467
.021734013
.020158326
.024895015
.021131729
.021477641
.020781608
.022538627
.020873106
.023425616
.018515970
.021555389
.023186367
.020361279
.021246600
.017791645
.022689832
.019721078
.022286795
.020778563
.020593107
.020365360
4.035034312
.017281271
.017819555
.076725226
.017077146
.017719138
.021795625
.017936094
.020114565
.023310938
.017110145
.023286687
.015838578
.018105090
.018038091
.018784914
.017962217
.021705082
.020460057
.020135853
.022678486
.018292837
.017715927
.023368060
.014028351
.017042560
.020311849
.024231546
4.032139428
.019340982
.019260733
.020414257
.023284009
.023314425
.020347425
4.036435298
.024515819
.021361113
.015029911
.015447613
.020958535
.022581678
.021333654
.021724441
.020357751
.022885631
.018848021
4.037346866
4.035017184
.016865958
.024049434
.020529193
.023670605
.018106188
4.040862845
.022786279
.022092414
.022249245
.021385132
.022149745
.021452797
.024756538
.021668628
.019028709
.021388132
.022552570
.020308063
.023186894
.017728603
.022400448
.017032655
.013975077
.018067514
.022124992
.022624902
.011809693
.015693383
.018611713
.018567964
.019130580
.022437986
.020820803
.020525516
.024119502
.021729497
.021485501
.019118163
.015544717
.023933711
.017017611
.022510942
.021940076
.018223550
.020261935
.018873039
.020515346
.023752795
.024581074
.022282111
.024300413
.017653641
.023865751
.016944735
.022026280
.021744993
.020877131
.022085987
.023056889
.019252197
.021265582
.021554160
.019691565
.023768376
.017405351
.021998987
.021619700
.018247920
.022289398
.023142967
.020725548
.021204082
.020957710
.020084848
.021435452
.018784077
.022848095
.021322995
.020287928
.021384578
.021935776
.018273792
.017643385
.022837011
.018461998
4.033601374
.017392801
.021545649
.024817138
.021877394
.017526215
.021831561
.013479989
.019793678
.015681910
.020838202
.020420084
.018148954
.024770637
.024662223
11.236463665
.023561931
.020499524
.020471234
.024801451
.017050916
.018360019
.022535405
.017599406
.016234555
4.029388907
.015511021
.017876106
.019809780
.051704185
.022825401
.019839146
.019123373
.025238213
.019004543
.021058529
.021229025
.019618859
.021576933
.021612182
.021452728
.022230207
.022785108
.023763708
4.047648328
.021932669
.023577000
.019805142
.020503332
.020778739
.021720714
.022542318
.022632691
.020307502
.023631372
.019255697
.017595907
.012494543
.015457839
.017875941
.019599645
.021729172
.022902849
.018948078
.020486496
.020174171
.026307674
.019248695
.023078302
4.046328208
.021007811
.023981522
.022687057
.023343247
.021568708
.015248171
.023552070
.021742078
.021355463
.018247089
.020937349
.024991406
.018797741
.019385849
.023822271
.019272811
.020599399
.019195687
.020075206
.020422862
.019742547
.022816047
.019050065
.019275809
.019154437
.019189187
.025421725
.018702991
.021838238
.017502941
.022112648
.022016984
4.027762456
.016488090
.018506450
.019117434
.019485466
.020848012
.020255403
.018002256
.014500727
.017968048
4.035861635
.024343451
.026480310
.016732287
.016081722
.015638359
.022713121
.019293132
.024368784
.017298229
.021118498
.012730023
.012282744
.016949780
.020109609
4.043681202
.021408403
.021582481
.019327503
.012947055
.015637271
.017826335
.022923901
4.030472537
.025802941
.024593809
.016367415
4.040656767
.012424148
.023235550
4.026815884
.023665285
.027707877
.021726464
.021190146
.017062680
.015386394
.020823031
.022856057
.021588884
.022264031
.023038009
.020900695
.023131339
.019588149
.037831670
.022118035
.024236475
.017177550
.021209310
.021344348
.022416234
.024187683
.020912235
.023487495
.021019940
.016654523
.019095912
.021845791
.020324835
.020609702
.019563731
.021158435
.021095353
.017369085
