4.493493217
.480537951
.481737415
.484064185
.470604019
4.495936517
.489732707
.478667262
.457097941
.465791579
.473031153
4.509675155
.491856162
.488342678
.462467284
.470302799
.459927536
.485808429
.458898138
.485662110
.489889816
.485598389
4.490577525
11.690356245
.473073503
.487951016
.478167965
.503933488
.504633531
.467632123
.477153506
4.475856012
.509088743
.473974838
.493827813
.494712439
.463554995
.470913543
.490186310
.470095959
4.478804889
.498858651
.498818234
.475676214
.489795851
.485039347
.487716183
.467520498
.492929187
4.486273730
.503370280
.476127130
.473901795
.499206109
.498879984
.483788054
4.483163435
4.496478988
.501602403
.487696474
4.484859770
4.475555470
.472044460
.478195757
.476229339
.493699021
.482015178
.468116290
.494486189
.491896936
15.689373459
.501806403
4.486645479
.477457049
.473321503
.490972061
.483692513
.472369169
.462339243
.478180216
4.474359510
.469702625
4.522319678
4.486585563
8.505831920
.473390753
.478078133
4.485304479
.475598588
.479481435
.489119505
.501138034
.496927920
4.480337405
.483867939
.484217155
.489343348
.484995925
.494983946
4.497462614
.485497542
.473206994
.473656690
.484572610
4.496391594
4.483804652
.490357348
.494606013
4.474142013
4.480141766
4.473469447
.459707317
4.469364999
.476803712
.485980959
4.474948205
.487514931
.507982949
4.481157059
.496921964
.487185899
.479264904
.478693101
.487078604
.503316633
.471090054
.474618936
.495630287
.495862170
.495254441
.496172014
.482971973
.449884718
.467408293
4.501178234
4.490123623
.503761255
.469433443
.485545466
.480989609
.489595789
.468834042
.503081783
4.482342212
4.477585017
.480361289
.488892053
.490729986
4.512950379
.473610403
4.488650104
4.474523902
.482081054
.481481936
.486880573
.495503629
.483012614
.488275452
.476011005
4.513197185
4.496612999
.461264647
.477285319
8.486479246
4.482665523
.479013355
4.500263638
.465684446
.491385711
.474027644
.489512212
.488569320
.483003871
.479402607
4.488309996
.482309537
.479244015
4.496811543
.505985518
.477701387
.483679722
.507416541
.472686207
.485587821
4.463754354
.483902163
.466985947
.480061796
4.499397049
.489652625
.485209974
.484398243
4.475758412
.474157628
.486102841
11.691408283
.481122473
4.499388552
.462404837
.493009131
