.703032786
.682891919
.711620539
.707780864
8.743594054
.686285581
.706127662
.703564934
.673127523
.708994136
.693441410
.703303985
.706343230
.690864097
4.678275773
.701083436
4.703993254
.712019095
.674709891
.692626246
.676062273
.685753307
4.730230564
.723922237
.720255744
.702159159
.702860326
4.693699735
.656062238
.686786277
.703314627
.701508989
.720824888
.699303512
.756997092
.690388675
.754587214
.730606080
.723112124
4.698583149
.738906468
.734592983
.724290144
.706199561
.691768259
.767733359
.713432110
.730318462
.707210810
.722525177
.730431809
.726848246
4.723134098
.697540551
.694213928
4.710681370
.709845907
4.696899369
.708119866
.705880091
.711809813
4.715870186
.729067499
4.702377236
.672022243
.705090905
4.696439177
.678450027
.709544698
.724683713
.689845044
.697863606
4.701940181
.668219279
4.703886877
.711941074
.697252281
.684373334
.718571884
.693132987
.716047826
.687295328
.720228392
.685096523
.704357310
.698916972
.703175697
.685867613
.695717732
.689159801
11.908220864
4.705435312
.679073342
.722075959
.679401882
.683141421
.706039338
4.685694289
.701036853
.698523172
