.040288594
.014979852
.013428475
.023639697
.016693855
.019049733
.022422278
.018521482
.030224997
.026356075
.022436487
.020194067
.021713570
.024147572
.020804110
.026723743
.020694360
.021560486
.023690239
.024660990
.026453618
.025146990
.022537321
.022850863
.022830654
.023047738
.026016659
.019786150
.018987149
.024877615
.027038076
.025455324
.020693527
.025354783
.015340020
.019703650
.017047063
.017935231
.039714884
.021735028
.021469944
.022198528
.021164527
.024903490
.020921152
.021600653
.021596736
.024987407
.026039867
.019816067
.023084904
.029946163
.021035860
.018484732
.023505780
.021293110
.022511237
.021013152
.022230112
.020549859
.020962235
.020106692
.022509237
.021562652
.025424074
.025265323
.025077866
.024613989
.023695655
.024248364
.021232402
.026580950
.021885319
.022293695
.023486988
.024810323
.026024158
.022455570
.022667445
.023984947
.024471989
.018247981
.024735573
.022557945
.022180069
.023739572
.024073822
.020186317
.018513606
.022006361
.016826022
.017400605
.025873574
.030063705
.019858233
.025041865
.021927694
.019220774
.021993444
.020437192
.021966944
.024839989
.021934611
.024489656
.023132945
.023899488
.023097154
.019270441
.022480612
.030315746
.025718949
.022147195
.021245860
.015935895
.021180443
.025391824
.027617368
.028994537
.019479024
.015292103
.025977907
.017044188
.014658977
.025756657
.018433023
.019439858
.017282272
.017771772
.025847324
.019883608
.020897610
.027530451
.027032242
.024595615
.022339820
.016814021
.021465485
.023854322
.020384608
.022572986
.018506898
.023165238
.021546861
.025880491
.020542234
.026939950
.028117868
.020491317
.021967694
.022452486
.024646489
.019403774
.027487617
.017175938
.025831199
.022224195
.025251740
.024446531
.024721198
.022251194
.023759238
.018311815
.021282401
.022290236
.026004699
.026243449
.022951237
.021904277
.020916067
.024795197
.024370947
.025267740
.021370860
.023437988
.024023738
.022994112
.024072613
.022446778
.023731821
.019016565
.019993191
.022877278
.021168776
.023278821
.025946783
.023989280
.025077989
.024718989
.020936567
.025007573
.022292653
.025150531
.022691861
.025164406
.022858778
.025159239
.022218861
.022295819
.022793569
.023480821
.021371860
.017898897
.022356028
.025883741
.026012365
.027845784
.022423736
.023293820
.024192446
.028648493
.024608488
.015936478
.021730485
.021728652
.024433947
.020036025
.027029367
.024284696
.026114282
.020091316
.019782608
.022237402
.024433489
.027503659
.024424488
.023095028
.016567271
.021771485
.021142776
.020998442
.019674524
.020846859
.024840405
.020315358
.020158275
.018925731
.018883898
.025511698
.022662403
.021821235
.021801694
.024173030
.020958942
.022648278
.018914315
.018919023
.019463149
.026115657
.027903367
.019544940
.022309194
.024263530
.029454244
.025600322
.023176820
.025177156
.022752736
.021644610
.021852110
.025423614
.026808700
.021312068
.019504898
.019831607
.023311987
.022362027
.021797026
.031160579
.025020614
.022312735
.023205695
.024588071
.027145908
.020678275
.024889780
.023895279
.022816153
.020967733
.020440399
.021333943
.025453989
.021780484
.024341613
.022175069
.025524656
.023594112
.023199986
.019388774
.025867615
.020645900
.022892694
.027078907
.022160652
.026117698
.021667151
.019633399
.024738030
.023538528
.023332695
.019309315
.025572322
.028895951
.022195068
.023580237
.027855700
.024150654
.024956864
.025795948
.021993026
.021582609
.020556816
.026592782
.022485902
.021304275
.023706945
.026264657
.022488361
.024917280
.022527652
.018636897
.015079852
.022933902
.028664742
.021138192
.028357784
.027920409
.020388816
.020836651
.023514237
.015055809
.022858236
.022322985
.019648273
.022847194
.024847238
.026697698
.024840821
.015670060
.025383781
.030648286
.014888977
.017983021
.021441984
.020479441
.024131821
.018933106
.022249610
.023575029
.023485153
.014755685
.016790145
.018548647
.040229882
.019938148
.020522566
.023311820
.025777490
.020209858
.026206364
.024918988
.019687065
.024112070
.023282111
.026565532
.026147781
.031824204
.017555729
.021828068
.020148732
.019207398
.017725396
.020717441
.020414275
.020664816
.027168782
.022898778
.025790155
.023119486
.021187900
.028800117
.025478822
.022924153
.023281028
.023330611
.017919688
.024114904
.024503946
.025840905
.024101029
.022498819
.023174277
.024430404
.022935194
.032148829
.019792774
.017954313
.025302613
.025035447
.023429070
.025403239
.022324610
.021660526
.015920477
.024001361
.022577777
.022554276
.027041699
.019364481
.022468319
.017170687
.024426946
.028206200
.020904858
.025684489
.021427109
.023994570
.023221819
.019078856
.026697282
.029766951
.016032519
.018472605
.027884574
.022846193
.023569611
.026619323
.015760935
.030639703
.014502476
.017920813
.024623404
.023471278
.017614562
.022840486
.025557197
.019007064
.022245360
.024474279
.026177281
.025047779
.022441027
.021051066
.020954567
.025717614
.023240486
.019616023
.022525443
.026246322
.025865030
.018203479
.022030568
.022869693
.021328400
.020775899
.022519027
.027192074
.029249326
.023837736
.019783231
.023682070
.021191024
.023371069
.025726572
.024356195
.027627074
.022084984
.023203402
.021157275
.026579572
.024260278
.018831522
.025567071
.023886069
.021995109
.022498609
.019393190
.023147277
.022419943
.024435237
.029001243
.024122153
.021925609
.026998990
.021816317
.020638232
.025051779
.023399736
.022785276
.022420984
.025646530
.022741027
.022629443
.025555154
.022494067
.024293820
.024754320
.025063655
.021101608
.027339782
.025424947
