.055882977
.026656731
4.041949714
.032812814
4.062214767
4.048459565
.044315478
4.057251415
4.067678271
.031502296
.025318184
4.057003539
.036853957
4.048891900
4.059360823
.031614615
.028014839
.025944977
4.049182192
.031997137
.026234202
8.070723305
.042479784
.023461220
4.071247386
.027111907
4.050114024
.048580813
.027497369
4.045064792
11.253794422
4.059501584
.030835009
.030696669
11.241318175
.039467967
4.052730189
.033381477
.028854155
4.065184266
.027652341
.045819970
.027607797
.023032555
.024552468
.022265888
4.053371140
.040218959
4.050420861
4.055327062
4.059176372
.040870765
4.045759366
.030765281
4.042230990
.031680329
11.271527688
4.044027966
.039859028
.030231653
.023156035
.023101908
.022142566
.023540056
4.044075744
4.064573690
4.058152859
4.059322003
.036734407
11.257854083
.036181587
.023809653
4.046040648
4.048358429
.032588831
4.054045985
.029328642
.023199791
.025355025
.022510382
.027507008
4.056847251
.030443261
4.051999783
.031795877
.050586883
4.047473003
.032358075
4.048203702
4.051205907
.033057319
.026145923
.023664046
.029393506
.024377332
4.045215187
.032740803
.023015971
.028599299
.061339185
.029010362
4.067693631
.040355318
4.050958649
.034595648
4.049593954
.027582538
4.051935157
4.050794701
8.088553470
.041478834
4.041198900
4.052853379
.028168339
.028143628
4.046017945
8.072209131
11.254758043
.041340962
.027939369
.026455252
.024901007
.023605859
.025108643
8.066413232
4.049483584
.026639595
.030413327
.023187254
.041115255
.035129905
.024900519
8.071293866
.042318044
.030180821
.023446031
4.051123167
.035271248
.027263351
.022698875
11.273901772
.028333782
.026256137
24.226556557
.036663238
.025239462
.025925454
.025527727
.023744263
4.043733249
.029877242
.022129919
.026469850
.023399764
.022876325
.022814864
.023298385
.024252260
.027928960
.022909077
4.053023825
.030890883
11.246381740
.028794819
4.052541487
4.056654232
.032436415
4.037648247
.030690246
.024943924
.020719802
8.070244140
11.257781532
11.264234879
.044274189
4.057564285
.030443329
11.259868909
.032737979
.027909582
.023319821
4.047700929
.030672549
8.062899703
4.057347378
4.065865497
.034620155
4.066202972
.030427037
.023692048
4.043480845
.033054330
.025945490
4.056824524
4.052778956
4.061227934
.029043655
4.054184335
.027236796
.026086453
.023266448
.027734987
.027999833
.024903940
.024585425
.024727225
.023858979
.022499583
.023926232
.021207314
.021407241
.023173905
.022839640
.024451925
.035377182
.056489176
.026131219
.022183075
4.043423232
4.054680271
.034262852
.027870011
.022959323
.022747939
.029502587
.023662314
.040275424
.027769256
4.046641001
24.217488018
.031880532
.025796130
4.050279859
4.054947663
11.264422591
.031673278
4.054079146
.030528642
4.055938969
.038394418
11.251100456
4.051105261
.034242020
.026112566
.056291110
.033566698
11.245046850
.031929873
.030202847
4.041722635
11.256789594
.042294752
.034041802
.022830221
11.237649666
.040436046
4.046472284
4.046685588
.033890631
.022369536
.022623589
4.062513626
15.274524119
.033192725
4.048613387
.033741975
.025626831
4.048358692
.029027548
.025695700
.025874208
8.077485447
.037720248
.027647191
.024556600
.029243426
.027544228
4.058377920
.029904749
4.047269230
.027505354
4.046065932
.033260478
4.056263637
4.069601633
.031571780
.027360807
11.258807009
8.065655760
4.057284029
.034011546
4.044099149
.037393824
.026744524
.024455600
.026163793
.025386140
.024029428
11.252777428
4.059575790
11.239500520
4.057116165
.052128561
.025170765
4.081026321
.032719017
.026708326
.023380573
.022699546
.019658345
4.049700783
.038076019
11.255777856
.036469916
8.069335681
4.063400519
.035453084
4.048892081
.046928363
.027870248
.022688714
11.256185602
.030928318
.026827605
.021105672
.020426942
.019237154
.019609458
.021184174
.039579464
.035803912
.022738901
.022304385
.028688031
.024862685
4.048460361
11.258211848
4.054461405
.033920096
24.211822453
.033988848
.028231009
11.257739865
4.045569279
.031991975
.028069637
4.045472074
.028059657
4.047321408
.039817954
4.044125319
11.255292632
4.051946180
.031122190
.027517354
4.043414128
.030454541
.024460870
.024509080
.028016580
11.272896231
.031963958
4.055984202
.029597836
4.051219040
4.055326638
.041426320
8.091424100
.033314809
4.061136150
.037359220
4.051218314
24.221848388
4.054447708
.028599085
.025395900
4.057342759
.035238299
4.043845534
8.080459828
.031694872
.025924633
4.029179937
.036487775
.022156847
.020881855
.021405994
.020627074
.023765869
.023809954
4.043113047
4.068646276
.036319218
4.048081933
4.049403312
4.053790975
4.042623379
4.053446009
.032711576
.028063018
.021436942
11.249291141
.036480690
4.058172817
.040919250
.025182927
4.045151781
4.056997035
4.072383865
.033783213
.026547194
4.040056945
.030411713
.030379133
.033948987
.025159798
.021234100
.024320502
4.044802658
.038497673
4.055899988
4.028488748
.032223980
.025087720
4.043237794
4.028056097
.048289492
4.046603940
8.073656796
4.062520114
4.069404873
.033944733
8.064253463
.032948749
4.053713139
4.052168307
.031742883
.026911172
4.055392850
.028440045
.030649646
8.075331543
.034001776
.025919953
.026269291
.022205483
.021689975
.028983996
.024981005
.025500639
.026167108
4.042962873
4.054355746
.034466076
.030989536
4.056308352
.038737618
.024572520
4.041002489
.031087310
4.047897476
.033891463
.023709045
4.045204875
.030627675
.028732544
4.055705244
.035704800
4.046152514
.034058426
4.047716263
.034567564
4.045627420
.031977084
.025488839
8.075315239
.031293149
4.050716964
4.061293423
11.263435694
.027166409
24.220187674
.032753085
.029803226
4.045706293
.033816485
4.041309943
.031773063
.029913228
.021425909
.028777453
4.042938272
.028795870
4.049572507
.028538197
4.053081381
4.057452515
4.053792018
4.058797627
4.049952330
