4.059741334
4.027452810
11.239528058
4.050032024
4.025645445
.026525001
.027392021
11.236834270
4.040430169
.024223184
.027930091
.020833560
.022528393
.021796078
4.041934757
4.037771153
4.035560833
.024268099
4.039160452
4.041267982
.031666992
4.029976283
.033986535
11.251285423
4.035028970
4.030610929
11.244869548
4.035713631
.024866633
11.243044342
4.041742020
.030630573
.035984738
4.048342351
.025123511
11.236006110
.027429246
.023986330
.019776183
.020679411
.020388001
.023246848
.020342835
.028241393
.022083876
11.237044082
4.033321338
.023183974
4.034801333
.025598337
.023948044
11.233906608
.023737635
.021673684
4.037103241
4.036412267
4.039725610
4.051047575
.024053876
4.041852045
4.031556502
.021310608
.022100672
4.028304664
4.041442470
4.040118919
.023497847
4.034101315
4.037973957
.025770451
4.040536688
.030340907
.020700302
.019400333
4.034870677
11.240130037
.026407949
.022659706
.019768150
.021534400
4.039814015
4.038803825
11.239207198
.040205868
.021602773
4.039113774
.034417674
4.045510245
11.242950965
4.029097031
4.043130310
15.246327935
.023281572
4.031671698
11.244607456
4.040942589
4.054902933
11.241632705
4.036009985
.020764973
.026528589
15.250187805
4.029755675
15.249686785
4.043849927
11.241421199
15.244722619
.025268423
.022050912
4.031969540
11.235071625
4.031603896
4.042872378
.025992190
4.035833398
.028943956
4.036251650
.025662906
.025240208
4.040540417
11.241783644
.028623462
4.040913447
.023484957
.022378066
.021923076
.021146428
.023973403
.027586403
4.038385922
4.042010838
4.037925415
4.046502517
4.044609205
4.040901527
.026767967
4.038719397
.024923384
4.036017318
.028085520
.022729976
.019579007
11.240296836
4.042490871
4.046285492
.022934055
4.045299324
.025054927
11.255976621
.025066093
.021228222
4.034438572
8.054937563
.021699340
4.039833480
4.039218590
11.240309232
11.252391726
4.035834659
.031207461
4.038417681
.024500488
11.240462813
4.035169837
4.044980240
.024297243
11.232770223
4.041868819
.022595580
4.036144279
.023944797
15.249722471
8.049459711
4.036288825
4.040534796
4.036558842
.020925576
4.024436236
4.042792411
4.042149217
11.247484807
4.042379745
11.238479793
4.037723709
4.034926409
.027197448
47.521012641
.027306501
.021738078
4.041419132
.021641742
4.041323963
.020968755
4.051443528
4.036595963
4.037057366
4.037785807
11.239863236
4.036285465
.026065353
.023846151
4.040767868
4.044849455
11.237006745
.038819418
4.039270119
4.047700185
11.239909794
4.029440420
4.045682574
11.234389246
15.255504598
4.039454374
.023998840
4.038080089
4.026584796
4.029800750
11.240932204
11.242741924
.021087267
.021261263
.021600173
.022821356
4.047178275
4.035886883
4.034737281
.026801030
4.039270562
.029069191
.027245687
24.202098776
4.032292249
.034107472
.024374379
4.038156300
4.040784733
4.037160639
4.032097939
.023555527
11.235051785
11.243649534
.025986147
11.227876308
.025299077
4.041161333
.021831355
4.036854502
4.045694159
.023574403
4.039226372
4.033933662
4.046898291
.028392890
4.040516840
.027780986
.022570923
4.030338533
.035732618
4.049625561
4.031690710
4.037212975
11.229958989
.026334514
8.044471881
.026623883
4.041628845
4.038371868
4.026775321
4.039779945
8.054010778
.023229536
4.043422037
.022037726
24.199730233
.023650318
.023907980
8.040348948
.025291911
4.030439332
.030970422
11.239862100
4.049658626
4.037124813
4.036528974
.030851967
4.038981625
4.040477136
4.043747571
.025072624
.022902709
4.035595150
4.046251479
11.240498012
4.038330471
.029508119
.027944692
8.056114596
4.044775448
.029785531
4.022708575
.028448141
.022463343
4.044725550
.027046502
11.233238916
4.033449191
4.030270213
4.032471919
15.253580081
4.036800870
4.032743389
.027403205
4.037849934
4.034780990
4.030324119
.033171423
4.020368025
.020971833
.021973479
4.035593721
4.040597955
4.038234919
4.040042425
.029270126
98.180848998
8.041689184
.033594834
.037780597
72.462868183
.029796392
.024286714
.031133539
.018630075
4.032196735
4.041139890
.020327079
.024698835
.020700023
4.037204222
.021743208
4.033498345
316.737608290
4.043378274
8.051105733
4.046196390
.020581107
4.040043574
4.032681304
4.035824587
53.857436847
.026040049
11.228657478
4.038064265
24.343168369
4.024093679
.022180705
15.250061180
277.291160017
4.037318043
4.021707431
11.225314255
.032029271
.035325076
.021414111
.039876192
11.241295758
4.031936373
.020992142
4.037076870
.035726587
4.041907783
11.225770824
.027345165
4.046235210
.026412799
.021660227
.019031792
.022143391
.021162260
8.040846084
4.039802291
.033176871
.022574915
.033816289
4.036933557
15.246135054
11.231601915
8.047288929
4.050172574
.025523916
4.037915010
.024960585
.029381104
4.031542888
11.233860233
.023715541
4.037842406
.021839810
.020678549
8.038154987
.020894134
4.039467329
4.031325126
4.028050659
4.051820942
.028339932
.023170373
.018975515
143.626255921
.022188507
.023056891
4.028417774
.024234741
4.025404216
.034528122
.018899329
4.041299416
4.034041781
8.046160523
11.241841981
4.038687827
.025186853
.023166636
.031291859
.039401330
4.029474005
4.037402269
4.034719001
4.041315377
4.034821675
8.047484043
4.027347910
.029196430
.017369347
11.234315697
.025083116
.021706064
.022198692
4.037981871
4.043370275
.022752511
4.036001917
8.046094860
.024316789
.019008043
8.050333422
4.033700311
525.798052684
.025754997
4.037299971
8.049854635
.021337603
.026251478
.021787897
8.050212132
.023535983
4.039517885
11.237128722
.034313317
.021220424
11.235444600
4.037274885
4.041413521
11.242472278
.027698901
.021388961
4.027045183
.022182937
4.046917456
.022935294
.021879728
.022546956
11.229158593
4.037533218
4.036250649
4.030830530
.020373238
.030228880
24.202918187
.021523757
4.034404000
.038402684
11.242851186
.025050595
4.035174491
4.033577782
.027679676
.033023221
.021918012
.030250275
.021623113
4.028687287
.021324671
11.231930981
8.051869087
.026543259
.021554571
4.035224561
.022213005
.020370397
