.056826973
.037362904
.037105967
.034992486
.035898966
.039251784
.038318302
.035145413
.038229668
.036458711
.038296214
.035803624
.037544537
.038548648
.034875601
.036407372
.043890227
4.075602788
.050173760
.042351207
.035875404
.038560237
4.048331422
.049562136
.040529624
.037030440
.037957203
.036838028
.037919243
.037736374
.037270055
.037571171
.038415812
.035238285
.042504557
.036592283
.039287490
.035264114
4.044483313
.051397892
.061099402
.043594248
.042177584
.034285084
.037566271
.038264416
.034076465
.035976486
.039159635
.065892439
.039418033
.035651570
.035861189
4.073138930
.041478663
.039792925
4.071385444
.044790753
.038956859
.035666047
.039527422
.040100694
.035912581
.038845902
4.061151221
.050639086
.040155222
.037388146
.038143996
.038065124
.041319183
8.101684172
4.064784690
4.080253590
.048218406
.037740845
.039042842
.038363696
4.081248406
.043503094
4.056192872
.043271592
4.080138037
.040987784
.038965395
4.048826173
.047891158
.041570296
.032053295
.039447785
.038487359
.039014466
.036284228
.041251512
.037493770
.035303055
.034237840
.039978096
.035490004
4.076960564
.043768412
.038528805
.041377620
.042996519
.038775461
4.064974323
.045340176
4.074847128
.045580989
.038946684
.038480910
4.061047342
.046255703
.038633937
.034895781
.037928377
.037063992
.037359690
.038255823
.037883962
.034257594
.036361766
.034542331
.032405408
.030389190
.037647343
.039066333
.036310142
.037744422
.033376413
.032361617
.037675466
.039354863
.039084498
.035022436
.036221516
.035308716
.034777694
.034545869
.039583852
.039016873
.035911611
.036352801
.038174402
11.271538144
.042903078
.037011255
4.056684200
.045889247
4.051822349
.048651008
.037988076
.035706078
.040128034
.035765907
4.059389285
4.074370193
.048043842
4.077421731
.047217861
.042430794
.036990002
4.062576138
.047554755
4.064281493
.047470871
.040252983
.038966784
.036205932
4.063905929
.049642901
4.061142218
.047377561
.040567327
.036430615
.036543152
4.068924270
4.064249144
.044847515
.042069666
.035645171
.033790870
.036226232
.041307653
.037896372
.037131235
.035264726
.040943084
.036053445
.039582554
.040469643
.039209776
.035167687
.034502297
.039763254
.038295229
.036345930
4.082976567
.039999193
.039815492
.037762075
.035123597
.034791193
.036889857
.064857809
.044646205
.037099925
.037579739
.036679317
.039299043
.036736604
.037733981
.038749857
.039129800
.036612443
.035622940
.038477408
.038554071
.035570650
.037370452
.036041631
.033251868
.037571318
4.054443557
.049342666
.035429813
4.063623032
.050366282
.041460060
.035878912
.037026532
.035098736
.036757459
.037866665
.039811502
.035281518
.037008323
.037670171
.039113195
.033599878
.039270189
.040042906
4.055980853
.049741250
.037320135
.036081602
.041980860
.036508334
.035178387
.037850570
.038439879
.036714908
.037472169
4.052415677
.054754529
.038443911
.036929349
.037476076
.066836971
.041181948
.033918585
.039637103
.037685280
.037065643
.039160626
.039241414
.037117224
8.102480901
.046314354
.039206154
.035943061
.040485926
.038831463
.036800643
.038051958
.038552976
4.063433772
.050116537
.037135706
.034111685
.037826838
.036972546
.037803547
.036535484
.037821380
.036871593
.036733556
.039209228
.039992732
.038497554
.035523198
.036796136
.035666940
.035340290
.035780018
.037936913
.039807573
.034729527
.037662427
.039135312
.034863353
.034912559
.034761858
.039913483
.042339407
.036942376
4.076538799
.043248982
.038071024
4.068798259
.053864542
.042169611
.071110453
.043670835
.039478556
.039953411
.044865308
4.043446325
.052390529
4.066762097
.047512089
.039072779
4.043982505
4.069271801
.050172786
.042252543
.040221408
4.050495891
.049003644
.040075146
.036920000
.036763452
4.058941777
.047434149
.038588033
.037306348
4.055057103
.039818252
.045338590
.037641694
.038861124
.037639485
4.056057968
.042354656
.048998003
.038314637
.037576062
.039302057
.036416549
.036785732
.035887567
.036832068
.037781028
.038302510
.039020626
.036870194
.040391939
.037286004
.038363012
4.050855371
.046751061
.041174971
.037459800
4.060503169
4.070887450
4.064132801
.045150669
.036840995
.036890617
4.082916598
.048518813
.041649479
.038898754
.036394473
.038649934
11.283452593
4.063405663
.049276090
.037686850
4.066157444
.052228131
.046099093
.041864325
.037626183
4.070662233
.051280803
.042176846
.039060101
.043556562
.040086752
.038827071
.040041837
.040321280
.040787797
.059611219
.041969732
4.080299653
4.076891269
4.074416330
.050533331
.044415252
.041824604
.038603864
.038239926
.040333686
4.051093095
.053007823
.040253379
.037066986
.037759058
.038705560
.040928075
.034159315
4.066380590
.046568573
.035473954
4.053946200
.050200731
.047252808
.037013562
4.072734982
.056355249
.037262903
.044536641
.038888433
.038911101
.036745671
.040859477
.038726883
.038217194
.037845844
.040823684
4.058621427
.053264731
.039354282
.038373156
.040916518
.035350355
4.054817067
4.067960762
.050075415
.036498275
.035982544
4.069082356
.046474379
.039433443
.039244935
.038461275
.036904249
.044696716
.040622662
4.058736906
.047109402
.037788242
.040071968
.037672737
4.049623088
.051169076
.037142836
.038777824
.036188419
.036595895
.037441390
.041022089
.037907244
.037427681
.038765698
4.072213101
.050846473
.041816496
.035206664
.039758363
.043104259
.038977370
.040951998
.039181171
.041042211
4.055717957
.043925000
4.070742766
.044652126
.038026349
4.059894942
.037259308
.049465424
8.085958958
.036718128
.044796402
8.084206117
.034826136
.036724589
.039369280
.035556416
.043985970
.039094394
.037092520
8.078137634
.032844426
.037071557
.039452571
