.039014398
.014928792
.018980761
.022643522
.018172634
.020692016
.020910642
.021036267
.017295883
.016317422
.016390630
.018968596
.016804757
.016332214
.014307833
.016863800
.020772229
.019159765
.018500347
.016769341
.016006756
.022899985
.017248676
.016704218
.017638596
.020160187
.016057091
.030167384
.024430033
.021430190
.026143083
4.040838495
4.043478718
.019380366
.021817167
.018795988
.022375627
.024970847
.024872514
.019321242
.019195200
.021748418
.023739385
4.025017552
.028845750
.034377440
4.043721962
4.035380009
.027532178
.023658118
.018244008
.022105987
.021906569
.025686380
.031977245
.034565550
.020572395
.017739925
.015248953
.019405183
.018554804
.022462282
.031713038
.026853388
.026268011
4.043893879
.025487016
.020982408
.026207020
.020483905
.021077658
.022044416
.022374459
.027760864
.020528115
.028486743
.021906248
.019379484
.021626749
.021083246
.024835141
.023239633
.018949066
.024539515
.024920017
.019777239
.022566630
4.044757909
.017725234
.015721013
.018393570
.020368249
.015751264
.017488817
.021039588
.016876146
.018942950
.022016469
.027628504
.025416492
.023537481
.021631136
.021382884
.023761981
11.231851921
.026960111
.025078555
.024901762
.024903179
4.035573009
.026841868
.025547109
.022821381
4.033211029
.030035153
.023229808
.020924665
.023823562
4.045045986
.031711970
.022151183
.018202692
.023539653
.021170425
.019109616
.023053190
.019707872
.026417970
.022212977
.019854457
.020843966
.026464512
.023365653
.020106003
.024681249
.020900884
.023084527
.021028551
.015835508
.018551614
.029788753
.019465456
.020640050
.028618492
.022022686
.021518266
.021806227
.021875520
.020247715
.020501426
.023565243
.022556817
.019707294
.021941605
.020603803
.023419744
.021290851
.016725103
.021296475
.019027122
4.041012464
4.034693857
.033272768
.027110586
.021370824
.023089256
.025997408
.019776725
.025553698
.022503127
.020980863
.019854603
.021536118
.020186522
.023364385
.020769570
.022656089
.021310701
.017044452
.017910628
.023963560
.021121907
4.036954550
.030296047
.021584503
.023842609
.028432111
.022035883
4.044629175
.021083672
.024718667
.019815285
.020974630
.020830712
.022909149
.018774024
.022821315
.023449990
.020521876
.022988235
.019218322
.019343531
.025882348
.018798484
4.047958301
.024166631
.023949212
.023769251
4.038574958
.018292991
.032220600
.021213524
.024910981
.018297992
.021491944
.023254837
.030724378
.026028409
.018839333
.023737677
.021968617
.016132677
.022893960
.027301175
.020228431
4.034174554
.034521891
.024351818
.017751576
.020159729
.020519483
.021984375
.018353501
.018255083
.023898606
.027103434
.019391097
.018578379
.019903185
.025541585
.016729900
.018930092
.015731223
.021055950
.019346431
.024598074
.023211851
.022447635
4.031216532
.029609267
.025206257
4.036148481
.023968998
.023827581
.024855385
.021669180
.020455623
.023545078
.023223532
.021457011
.017778759
.020481000
.023338369
.025149141
.018699895
.018725604
.027302084
.025656483
.019849077
.024644053
.024237173
.023709583
.023759209
.018795773
4.034413639
.022823288
.021629565
4.036812682
.022937129
.026592385
.020398638
.023586556
.016734258
.019869257
.021095232
.020361097
4.028154599
.025110582
.022174753
.019146462
4.034406300
.017694198
.024087701
.023691529
.023154397
.020600031
.020385653
.018194665
.021978466
.020130774
.024377291
.022249845
11.238395965
.025904330
.026742801
.024494477
.021779188
.021264973
.022564201
.024258933
.021490352
.017801466
.019617450
.024992944
.020070207
.021923901
.020312670
.021007763
.022932999
.019184195
.019469074
.023234712
.018509103
.025570122
.018577146
.022583954
.019037611
.024058017
4.041090374
.024850203
.019849462
.025115457
.020915728
.022549377
.024091109
.022264165
.020751601
.021673991
.020918646
.021913369
.020507473
.021082023
.021826785
.020047050
.022832843
.018281858
.021742702
4.050198303
.020157099
.028124804
.027936759
.028887234
.019186460
.018898748
.020648483
.021085240
.021667623
.025464057
.019638094
.025017218
.027274836
.024833924
4.038701025
.026980796
.029806632
.020551572
.022141347
.021519921
.019114341
.023320074
.026986964
.020119232
.022936236
4.029346109
.032014220
.025265904
.022007685
.025100026
.020849666
.020384785
.022849283
.023651212
.019492729
.022315275
.019537729
.018349961
.025641288
.020611082
.020054031
.024209389
4.039380722
.024065685
.023093627
.027419116
4.039533248
.027133785
4.042252558
.027571840
.024095031
.027066040
.019308702
.024173409
.034176920
.027113632
.019613503
.019120286
.025303226
.023490737
.020591021
.017090794
.021413910
.020319683
.024242001
.017743847
.019613089
.024425297
.018366233
.019535754
4.039345440
.028560250
.023392867
.034089557
.017393347
.019627886
.022383434
.022746066
.027329313
.018790205
.021833218
.019382925
.021695757
.022680691
.019903601
.019824807
4.033707058
4.042712624
4.040992824
.026732282
.023597641
.030542560
.019179643
.020026450
.017378903
.021106555
.024058234
.022462330
.022669667
.020165995
4.039388149
.020504841
.018474886
.019730618
.016521725
.017129861
.023607149
.019989164
.020813639
.019485407
.024450750
.022679258
.030047645
.024413666
.022728842
.017930628
.019453282
.017590455
4.036048654
.027239059
.014260312
.028646961
.024695637
.022228924
.025557778
.025086811
.022889477
.016099098
4.046119201
.026854977
.018332813
.020194015
.016215605
.018726320
.020338684
.026709849
.030446798
.020359686
.025866709
4.036237340
.020662530
.025012198
.022116933
4.044845277
4.045140042
.026043689
.023790227
.019089174
.022315114
.024099608
.019669604
.022750666
