.044815618
4.044204457
.027275908
.027180199
.021848777
.018635372
4.053821372
.043703079
4.044312108
4.067012098
4.050180271
.042029983
.032035991
.027186205
.020767448
.021937415
4.045819070
4.055699418
.035675486
.024231493
.022358773
4.051555934
4.051725827
.035702687
.025814698
.019108329
.020636268
.022577960
.027118866
.023593656
.017941771
.021575928
.023402673
.019600489
.018381729
.020907116
.021569429
4.052913070
.026381550
.021544507
.023832249
.020627968
.019613064
.021327819
.020877695
.019634228
.021673368
.020613426
.019870830
.024104555
.022676190
4.052516660
.029647771
.020649166
.021461548
.024492343
.023092476
.019675301
.070151604
.029390560
4.026187542
.040375574
.024821293
.022063497
.022132331
4.049690665
.030252546
.022144576
4.049031243
4.056035987
4.069095785
.037741070
.027059395
.022201767
.022302767
.019976681
.020013806
.021754098
.023839850
4.039493709
.026888512
4.040909038
4.052887727
4.046699799
.031484824
4.046053682
.025131820
.027267694
.022682696
.024171778
.018705656
4.052120688
.037505503
4.047339112
.026300343
.029330546
.024299051
.027252007
.023809177
.023477261
.020304641
.021977138
.018264434
.019793556
.020296890
.019628974
.057173155
.026821313
4.046205884
4.046475300
.027553299
.023512484
.031215074
.025006975
.029004209
4.053201513
.031533192
4.058460805
.027656828
.025037756
.023952803
.022584310
.027143330
.022920558
.023685930
.018558703
.035688197
.028559774
.021126062
.021577893
.023336426
.025619247
.026932990
.025850370
.026344034
.023506923
4.048502517
.032594413
.021968302
.019293440
.020795391
.019123066
.019849771
.022752922
.020323059
.019491231
4.050495350
.030126918
.024406200
.023277164
.020766886
.025811483
.019927516
4.049716738
4.048224343
.027783211
.021268499
.025062102
.025609474
.020902793
4.048945894
.030120357
.032916382
.025136637
.018914217
.022404196
.019482381
.022816567
.019385214
.022603360
.022193113
.023346189
.021012495
4.047736084
4.059713451
.026759198
.030551299
4.038194331
4.038113341
.030841078
.029555835
.023543169
.018489704
15.277673674
.028972570
.021321545
.024713768
.021194879
.025291181
.020633425
.023079531
.021509418
4.054872729
.025423300
.025899754
4.040319584
.033244732
.021771783
.021920823
.019631924
.022106488
.024752092
4.036702650
.030317874
.021793403
.028198684
.023311723
4.055148873
.026604899
.027359519
.024856873
.022026897
.021328319
4.042193221
.028931249
.028206881
4.050865208
4.049387545
.029513068
.023876993
.021732346
.021613305
.019974778
.019544324
.024389280
.019411991
.021990843
.018656247
.024396154
.019793696
.024260863
.019811987
.018587873
.021249307
.023687493
.018996661
.019081910
.018035378
.021482304
.022079549
.019600239
4.042341353
.042351148
.025670136
.020940847
.022177918
.019475860
.028372236
.024425022
.022356583
.023408615
.025351805
4.039016337
.032807355
.030295379
.021447462
.022865574
.027088075
.020399597
4.043869920
.043617578
.022412450
.022498031
.033593882
11.243777841
.033218622
.026878727
.025009662
.020692290
.021773361
.021243826
.019699883
4.039659049
.043159888
.024190124
.019886794
.022244894
.023143260
.019455632
4.048254417
.033293025
4.047803026
.030037220
4.053713451
4.055943770
.023674365
.027131369
.019390745
.022737666
.022262921
.021339848
.022126506
.019975197
.019036123
4.046821002
.041281246
.021750215
.021478718
4.051313165
.026524950
4.032556891
.032249295
.023398688
.022888153
.023454813
4.042441611
.028497585
.025347497
.020038350
.021819828
.023032731
.023668723
.034755048
.026300481
.023687720
.019594476
.022492358
.016886008
.024592000
4.054597951
.030036431
.029817391
4.042228655
.029025855
.021543029
.031396868
.024258955
.020367961
4.045828864
.033029801
.025894597
.019802298
.021166697
.023563751
.022551597
.019430093
.020190334
.020834492
.027301829
4.060089071
.038078342
.024678696
.022124732
.020187593
.025747098
.020219008
.031789554
.020713459
.023444671
.025433643
.021203203
.021176536
.019716473
.020378047
.021973733
4.060930526
.030043116
.020305601
4.040892103
.031467674
.023460300
.024197830
.026625375
.021854449
.024637531
.026823205
.022487356
.021096336
.021151336
.020270682
.027199990
4.053508148
.041138141
4.052252992
.026467537
.025824797
.019831976
.021653072
.022267187
.019456773
.020191595
.023170881
4.044541848
.023506040
4.061921409
.034573857
.025929247
.022078060
.022615301
.022019686
.020477835
.020431460
.022656966
.023559535
.020817663
.021696857
.019693057
.025211717
.023469870
4.040029874
.031254032
.022374302
.033291293
4.065642152
8.057929402
4.058873001
.029255811
.023346250
4.053724143
.028103454
.025693663
.024256898
.021436198
.021594737
.020122222
.034381131
.020180595
.023305664
.024787555
.026635895
.018698414
.020417965
.026037240
.019103448
.019869892
4.048530622
.028240906
.026999220
.018817992
.024594929
.026195193
4.044961504
.028948807
.023334658
.019192192
.019352647
.032749778
8.081979888
.034692045
.034291505
.022052034
.025233710
.019606894
.025600222
.023527364
.021353403
.019673462
4.041783696
.037011591
.031296199
.020100069
.023272076
.020551101
.025092364
.022525398
.026466662
.030786850
.022065454
.022343813
.020253623
.022578348
.021290324
.022928400
.027395307
.026265500
.027130112
.021350188
.020554520
.033434976
.031960158
.026689918
.021492829
.025294782
.021021064
.022229850
4.046034036
.030292088
.020648853
4.045231188
.033502814
.030453410
4.038136729
.029096780
.029071285
4.070395049
.035785680
.020978135
.021341394
.020931604
.024093571
.021550850
.020333770
.026184261
.020801047
.022955016
.019940602
.020185176
.021970305
.020743810
.027524608
