.058028559
.033813407
.037760341
.034159183
.033576471
.035735641
.034058843
4.064669793
.039433973
4.056760088
.048248374
.040652736
.035657093
.036589458
.035562794
.037052703
.037511114
.036269725
.036786224
.037912687
.034809027
.037645124
.034784150
.036464448
.036622669
.036343814
.035796938
.037047077
.037455317
.035904445
.036173384
.034631137
.037716796
.034742896
.034638929
.035005292
.033499757
4.061675599
.043750437
.039370426
.037378686
.037112499
.034209563
.038506484
.034904742
.038252255
.035125134
.036346897
4.062561876
.045755178
.038226420
.034719645
.034301028
.033654352
.035920989
.036141756
.037204007
.035394072
.036550038
.035877277
.038156956
.036066208
.036497867
.034549339
.035850817
.035910280
.034546631
.037586786
.035749225
.038379973
.035338068
.036465740
.036419153
.034085095
4.073485499
4.066348479
4.079537988
.044476089
4.080373804
.043910684
.037196161
.037249993
.035967896
.034771963
.036035686
.036260432
4.046198494
.045626439
.040757544
.036965416
.037662485
.033272912
.037202911
.032901878
.038435177
.035286077
.035989729
.036408886
.036898834
.038646755
.036494551
.036350721
.036040103
.039009039
.040682586
4.075532408
.042787250
.043482818
.040401718
.034132185
.037223869
.036047977
.038317054
4.062788598
.048781330
.037493072
4.058052533
.040323344
.046752373
.040678003
4.071304040
.048494627
4.062277900
.051442064
.041199117
.033297328
.036919167
.033871108
.038928041
.035028457
.037430490
.036435094
.038564465
.034225100
.035240037
.035755817
.038734337
.032901587
.034676882
.038138891
.036331096
.038023185
.040467216
.034249808
.036495801
4.055208551
.045985306
.043557650
.033408909
.038754211
4.054834310
4.072586054
.037222286
4.062420522
.039329699
.050312588
.040046683
.037924604
.037197120
.037292742
.037721608
.036544967
4.077028751
.047645104
.044411840
.040212055
.035394492
.057670765
.044748083
.034557717
4.047122100
11.268926954
.046073055
.036594090
.034215766
.038044810
4.056014992
.046473963
.040535257
.036191933
.035973895
.035541030
.037767441
.033195580
.037640610
.033965689
.037544112
.034159059
.038054851
.037855356
.035669444
.037840689
.037518530
.034944042
.034996875
.035116372
.033999730
4.079200412
4.083368823
4.059205299
.049765809
.043345279
.040128640
.036972708
.037310533
.038889458
.035443199
.038468342
.036554175
.036166100
.032238600
.038411135
.033389451
.041183118
.034246558
.037495947
.036605341
.036815670
.031887900
.036002853
.036671797
4.068988465
.045715145
.047257528
.040001393
.034725714
.037234577
.032901504
.036312721
4.076563635
.044258676
4.059471501
.047204905
.038326137
.036321555
.038584631
.037749899
.036652465
4.066508351
.047047116
.039782648
4.070601513
.044175762
.041977726
.037487155
4.058390150
.045391028
.040215888
.036020019
.035592237
.033833775
.036529967
.034827045
.034664383
.039646442
.074136328
4.060268110
4.054492859
.049284194
.043652231
.037852814
4.076483845
.042002183
.040227929
.037781732
.036475510
.036857543
.034735297
.036347221
.035026041
.036271598
4.053591752
.045745978
.038023851
4.054838893
.045892058
.037509154
.033228746
4.054920391
.052684996
4.064565101
.052893867
.043386195
.037674985
.034520052
.037276409
4.056317094
.045873645
.038958478
.034614428
.037855016
.032765032
.035051129
.034486751
4.062291689
.045619834
.037711754
4.073116706
4.074052488
.045726342
.037842348
.035399739
.035863401
.036850395
.031935093
.038295342
4.053814940
.050909041
.037783219
.037972442
.039143033
.037548408
4.060733566
.052269190
.037226716
.036852604
.037380228
.036611459
.034738980
.035849108
.040629650
.036728552
.035778103
.039462767
.037336516
.036053708
.037175296
.038262715
.037395063
.037206298
.036358440
.038123745
4.065311635
.042974626
.038169707
.036764305
.036674256
.031953719
.036284184
.034475417
4.078010674
.049194781
4.051879746
.043436371
.044060420
4.062715973
.046719254
.036824393
.034685683
.037193381
.032875166
.037536824
.035644342
.038069616
.036233513
.036528661
.038998481
.036974155
.033846826
.035974617
.035892445
.038501775
.035746391
.037543908
.035346986
.036508660
.037775718
.037662834
.037306473
.036546455
.036926734
.037590287
4.061356824
.044349984
.038732459
4.064830117
4.081473614
.040461008
.037646818
.037128496
.037800065
.034844254
.039007289
.039804480
.035393450
.036277014
.036010978
.037441406
4.061441126
.044368883
.035336992
.034813795
.037135829
.034303598
4.063202047
.046657417
.036394470
4.065611870
.044887413
.038206098
4.064292565
.043631231
.039777689
4.071125211
.045100700
.043200783
.037980686
.034517469
.035760192
.036814128
.037398907
.036360720
.038240681
.035434490
.037375241
4.064102986
4.065733825
.041753147
.039516903
.036655173
.038743086
.032807547
11.257184122
.040336052
.047474191
.040216388
.036365846
.037755108
.038526216
.034824629
.037571986
.034839712
.037195869
.035307660
4.070858257
.044922162
.043260198
.036013812
.040662253
.037038540
4.068686512
.044279468
.037554986
.033915815
.034645175
.035468531
.037755066
4.072030107
.045026701
.039241368
.037021665
.035233704
.034789754
4.073545241
.046201968
.036549967
.036196474
.035621570
.036918542
4.077691486
.042582462
.036891210
.035174413
.035780942
.059381598
.038573374
.036169114
.036089340
.038195582
.035208411
4.075263080
.045616647
4.070254897
.046230094
.038760083
.036827927
4.069639991
.047909390
.037709856
.033559942
.036919615
.036145286
4.075339145
.046997675
.037043421
.036579399
.036461925
.037328649
.035349129
.036009192
.035828231
.038667686
.038210871
.036554820
.035413532
.037355643
.035678348
4.060349882
.045899667
.038782327
