.037167970
.016339940
.015173563
.020708614
.023215575
.019557736
.021128406
.022277324
.023963868
.019020027
.018483318
.023110908
.021064488
.021986365
.023139450
.017830609
.023721201
.018636027
.021456239
.020322113
.023065408
.020254654
.022062864
.021124821
.024199827
.021439948
.020998947
.023039825
.020716821
.019268527
.020428946
.024309868
.018985819
.019726903
.019576819
.021899240
.021386072
.020884238
.019760195
.022567532
.021289113
.023625284
.020040362
.020159612
.025255786
.018017193
.020355570
.021589781
.022041656
.024000201
.022905741
.024885619
.020851571
.022455365
.022440949
.024199868
.023440575
.021360030
.022332241
.023539159
.023623700
.019960445
.020801613
.023061491
.020079321
.021368155
.024645118
.022339199
.020385654
.023482741
.026063579
.022043198
.022108989
.025568203
.025055452
.022006281
.020813363
.019539778
.020133361
.022991032
.023273866
.020999238
.019225069
.020761030
.023019741
.021026071
.021871073
.023536908
.023152408
.020189071
.020013945
.022994241
.019995486
.020815071
.023375992
.021974989
.023628283
.022362157
.021619697
.018322151
.025723786
.023844658
.024578576
.022337739
.023470241
.021730489
.023511117
.019908112
.023418074
.024237867
.021456447
.023325616
.022079906
.022013780
.022099406
.021493405
.024207617
.023136282
.023031866
.021019279
.019013902
.023254824
.022479990
.021659488
.020465112
.021465738
.022078239
.022482573
.019754403
.021073488
.022635407
.017625441
.018826652
.020881488
.023488158
.022519448
.021107779
.021142197
.019196068
.021071237
.023361366
.024239742
.022790031
.023400408
.017309274
.020980279
.021982489
.020937571
.024570285
.023726491
.016970149
.025188993
.019903403
.020379571
.014953979
.026476454
.021832948
.022778574
.021717989
.023581033
.024966118
.021177113
.018452484
.023188658
.023983492
.031909836
.017268149
.026807120
.012264225
.018379192
.017184899
.021612071
.021547988
.020066069
.019022402
.021607239
.021392697
.019979486
.024588160
.020730779
.023216740
.023292199
.022044405
.023000741
.022586697
.020866945
.025556827
.026633370
.023294574
.021127446
.018751026
.020929071
.021324154
.017799525
.027456955
.021793864
.021934405
.022543573
.023853741
.022322156
.019627277
.026396953
.026192911
.025715827
.023336283
.025102618
.021849696
.019230860
.024482326
.023065698
.023045865
.021494780
.020388612
.025601368
.024177742
.023554865
.021742863
.018814901
.021290571
.021474530
.023271532
.027863871
.020708403
.026776621
.017787566
.021563280
.020635320
.021945738
.022470490
.022611407
.024957492
.014836103
.014946937
.014304061
.014147602
.017786649
.020376653
.023075073
.022391489
.022008155
.020264736
.022958073
.021451946
.021007196
.020129944
.018891359
.022866198
.020838779
.022418239
.023531116
.020585487
.024004616
.020606861
.024114824
.020872779
.021879488
.019669277
.018890859
.023670824
.024841617
.018966776
.023736990
.024605201
.022338072
.021100612
.021824863
.023026364
.024661700
.019014192
.020947111
.022116738
.016169105
.015721813
.031173167
.026920328
.018105899
.025608535
.022436447
.022750905
.018676026
.024699950
.022507364
.022612405
.021968864
.020645695
.023958116
.021500237
.019136151
.022509239
.022762614
.020893320
.019951527
.022025196
.020902820
.027031745
.018391109
.019760402
.023085698
.024480950
.025864494
.016426480
.025233409
.022742406
.022691489
.020794070
.023011739
.021230070
.019694735
.024115491
.015012604
.024711617
.025270743
.028013704
.023317948
.024230408
.021232404
.022614239
.018861983
.020070194
.015144687
.019679276
.024177449
.018698317
.025038867
.017052981
.015926938
.018394566
.017712441
.030712999
.021796696
.018415358
.021236653
.016918189
.015599645
.023374115
.021121237
.018924317
.015401687
.024241240
.018678608
.019249525
.025949493
.020971028
.027225536
.025870035
.024445991
.026493702
.022679281
.026628161
.017429774
.017075690
.023004448
.021005111
.024199158
.023840282
.023212906
.024756033
.021264570
.020521694
.021620987
.020748986
.025274408
.024405908
.015999521
.017684565
.018313983
.021489029
.016364688
.016822564
.014518019
.015070937
.014534061
.018624608
.028458954
.016712522
.018929234
.015853063
.020069527
.025926160
.026029910
.020007235
.026718702
.023873907
.022571655
.021842154
.023161364
.020670319
.022895656
.021971779
.027925704
.022265821
.017438732
.026524493
.021348820
.023565614
.025843242
.021618320
.027022619
.017415106
.024745991
.024090740
.021960238
.022549322
.023697323
.032309543
.016314272
.021450028
.028163538
.029889706
.026949202
.022486488
.021524487
.021839821
.023708740
.023096781
.019062025
.027224202
.026483744
.018881108
.021757903
.020251319
.023163488
.023857823
.024647074
.024803533
.015735771
.024109907
.025476158
.022159654
.021116986
.018553400
.028343746
.021911737
.020042985
.020751236
.023434280
.023723032
.022138821
.022807863
.029091872
.018593482
.027027910
.027547952
.022878530
.023082738
.022975822
.014253602
.023671822
.018532566
.016959272
.018346899
.023364405
.022793696
.026539118
.022799780
.017345731
.017380815
.019748401
.022277654
.020539818
.023769865
.019925984
.016029480
.027204369
.020158276
.022729488
.019591317
.023136864
.027454869
.022066571
.023872906
.023192030
.023556656
.024878616
.024478532
.023536239
.023860073
.021696570
.023578948
.020710486
.026588826
.022090946
.022148653
.023654322
.021325528
.020894069
.025107241
.024836282
.027911870
.024034657
.024355490
.023577573
.023422405
.023027821
.022857113
.025045449
.023724614
.020927069
.017369189
.027677911
