.098611756
.068393920
.060892657
11.268650132
4.078628534
4.085518939
4.077694683
8.094146473
4.082615212
11.286108351
4.084868795
4.095396506
4.110997768
.054275214
.046057972
15.294374410
4.057980658
.068704090
4.063660134
.060046016
.052793323
.062948133
.058895341
4.062298624
15.269473214
4.079583727
4.064007169
4.079225279
.057864621
.078187490
.066177113
.058050740
11.277243728
11.259170380
.070990546
.057192883
11.277619910
.072601942
4.079322152
4.072464150
4.060088195
12.078058381
4.075883460
.078417015
8.088548053
4.083192007
4.086703585
.066288312
.060449031
4.068282404
4.077765720
.071184243
8.093893112
8.126119119
4.074162262
4.093407841
8.111243489
4.081573452
.068781400
4.092613760
8.105206922
4.087917633
.053834740
.056804981
11.299298110
.062489830
4.088142851
15.310298365
4.097893417
.050648861
12.120323116
4.090480477
.061560026
.050190542
4.070786498
8.096914515
.061214076
.046419530
.045362396
11.282373658
.059582585
.055358632
15.328671819
8.093830522
4.076078553
.063758832
4.091608825
.065386948
4.077130061
.064543141
.048279225
.053440607
8.130371792
11.288885240
4.083192804
8.135819743
.057303823
4.078602354
.054456203
.049962466
.079742667
.059051461
.052675946
.062352069
19.341588066
4.100788452
8.109401074
.062582812
4.066201750
4.079024550
4.097675512
.053718775
.050305958
.047433877
.057638864
.052350730
4.074204409
.066487504
.047943477
4.080429700
.049422847
4.065184469
.074223018
24.253370141
4.084270603
8.078422251
4.097310676
4.087846259
.067722883
8.104551323
15.316857968
12.139785477
.062650633
.055771380
8.090503814
4.097392811
4.094010763
8.111861045
11.279696115
11.304844096
.075352904
.056871657
.049792740
.048977265
24.245101037
.050771856
.052641343
8.095909576
4.089579709
4.086179417
4.092893390
.060111918
4.091201721
4.089336303
.063618982
4.086693668
4.086829621
15.288045847
8.089603021
4.076998816
.057065201
4.069440741
8.081866431
4.082189442
4.093838200
4.087447206
4.067367155
4.079453140
4.086011493
4.099087076
.056582752
11.299246396
.059366563
4.067990668
4.100767535
.056772443
11.256350813
11.277934743
4.084426409
15.317722030
4.084818989
8.112297762
4.081919823
.064880415
4.094354150
4.089662355
15.312293592
4.087409295
4.094907837
.052384133
24.249508179
8.110765342
.073697042
.054260861
8.112141465
4.065603207
8.097554324
.050073974
.052548199
8.093457642
4.101069541
8.121728874
8.107782823
.060039195
4.080142037
11.294325541
11.286984071
.068583302
8.105500841
19.332472943
4.079020526
.054018657
4.071135053
.057866370
4.089895567
.054501668
12.135761310
.070505377
4.090084673
4.070998169
4.082007841
4.060663689
8.105320879
4.083071274
4.071108358
.057565240
11.287077187
.047533695
.053796499
.046324522
4.068597445
.060794758
4.070140196
4.086246859
8.095770274
4.066471272
4.060756592
.059771019
.079265800
4.065511990
8.121259803
8.125244219
4.071566183
15.313079751
8.121093024
.064664118
.053518302
8.100812651
4.109328184
4.073819550
.061748703
4.071447964
4.080505513
11.281618153
4.121149934
.053428853
.053813351
4.107487575
4.087562314
.063357236
4.075098376
.065631226
.059036696
4.095217877
.062922315
.046263054
4.074338214
4.091241999
.053112404
4.085214571
.057890991
4.076251133
4.074786428
4.084722932
4.088881895
4.080423875
8.084640048
8.086948053
.066893684
.055230342
4.099316943
.060111851
4.091234018
.047241092
4.103787202
4.073033162
4.112317091
.050658204
.045841179
4.063625677
8.092203751
4.093790402
.055308094
.047108968
.052833771
.050353906
.044555978
.054204088
8.122884751
.081384085
8.112701593
8.116351860
4.103277830
15.309062458
4.098572501
4.092515675
.056519990
4.081507420
8.122917235
4.090511467
.053410293
.054003830
.053981675
.049659957
.048841949
.072331228
.046574271
4.117744890
.052294757
24.243190678
4.065387603
11.294956460
15.296157765
4.071729635
4.092838378
4.079168023
.061216605
8.091851839
8.121784000
.061384172
4.067686453
.060284781
15.315762079
4.083644610
15.313818506
4.080134939
8.102885864
11.275065566
4.104082130
4.072096682
4.102942796
4.091149284
15.318340386
.059527268
4.077912896
.053199470
15.282490475
4.095012746
4.093394911
.050002967
4.079505648
8.112802167
.066663815
8.102822937
4.105346775
.053302390
4.108724269
4.082263328
4.090611332
.059507697
4.071095717
.065179360
11.286158064
4.100144685
.052720465
.050483451
4.053618487
.058692859
4.073619173
8.134768672
15.301536565
.067616013
4.101016110
.072944027
8.098999172
.081957718
4.065808930
8.107082330
15.310017884
.057649225
4.087408571
.053669636
4.064733258
4.098709584
15.313800714
11.270570020
.064921648
.062082687
4.090428325
.062949896
.049682133
11.268081725
.068679235
8.102136613
4.088032280
.052142760
4.086479155
4.071203764
4.089156990
12.117341572
.067947359
8.104276407
.062751937
11.274914149
4.093171119
.049440716
8.131073226
11.296504337
.062410063
.052931261
4.078691272
4.086923738
4.101088669
.056901890
4.080283440
.055510555
.052134427
4.070847514
.069408069
8.100913862
4.092487618
4.083117401
4.081033857
.051769551
8.095565815
.063142313
4.075219726
.057841016
4.074546101
.065193815
.072311822
4.078149896
.056523223
8.096767149
4.091594493
4.090300335
.058207523
8.084836272
11.279610804
4.111474973
.075577852
4.074035887
.062507582
.052460184
.048537190
.058150055
8.082250320
.062805307
4.076826210
4.092011411
.048720637
4.073922409
.064666382
15.285369412
8.118213731
.061358885
8.101987840
.091154949
12.122324723
4.074169684
.075148336
8.098572251
4.090059686
.062157641
.066437606
4.084778597
8.098731987
4.107655488
.048183875
.050819413
.049509061
.072259480
4.101084988
4.092827729
.058623792
8.091365185
.063480233
4.075770373
11.289766648
22.496869851
12.110471219
.053610247
4.063728718
11.301537758
.071473585
.049379350
8.085561452
.059618495
11.278119545
.075988676
4.092426735
8.094695464
4.097202288
.071436053
11.291491355
4.080024662
.062789312
4.067708747
15.310358873
4.090073639
