.682638601
.694725314
.688833267
.673485246
.680259261
.683571443
.670746025
.681061375
.665768689
.687683407
.725952129
.679446203
.672574599
.659193951
.660449901
.656391892
.687833829
.664584722
.663760272
.667941896
.678462163
.673941639
.682793568
.687489383
.712710290
.699056622
.670635298
.689437593
.668953247
.676914323
.688762836
.673848058
.674395814
.676883537
.687457471
.664713028
.680384381
.673201044
.680241177
.686797450
.684842996
.703124935
.677124173
.678356724
.661322223
.665211615
.680626788
.682546421
.689730306
.666954006
.667465555
.693292833
.679779438
.690085836
.664872288
.663391239
.669910550
.676423985
.681386587
.682408864
.685031680
.680926147
.681198176
.692517169
.678346132
.690977088
.674826794
.691705981
.684190972
.683835312
.670378265
.685428052
.683139147
.698075806
.667382095
.682036342
.681041725
.659637371
.664706566
.695538391
.670817007
.695552830
.671218237
.658870507
.666600819
.691780879
.668323464
.673309626
.679267887
.692738764
.684339889
.673882073
.679115892
.694418982
.682549634
.690041207
.683072273
.681109744
.684703357
.678182551
.687093808
.670888169
.683260689
.674586652
.671027928
.689634518
.696032365
.680550481
.687782191
.676887302
.678816769
.694582359
.697302168
.685541402
.674711874
.683980373
.672851799
.685385723
.683631110
.693356350
.688069994
.674898163
.684164581
.685055499
.668251987
.689394395
.686820028
.677833121
.671476192
.683187721
.675062841
.683005092
.684742586
.688526945
.675356623
.692771375
.674720229
.670708883
.686470383
.680149097
.699285044
.672794472
.683068954
.686758612
.686854866
.670172003
.697396057
.683777655
.655654370
.677870603
.682263917
.679548927
.686345047
.695093860
.682952305
.686732971
.676458619
.678242510
.692718787
.665456136
.683181029
.683462716
.668377431
.690438904
.675948317
.697809836
.684952287
.675168901
.675187520
.676739302
.679038064
.675411168
.687106400
.684872047
.681801887
.678369655
.683211968
.678227159
.668529451
.661155300
.665054477
.671819734
.678718776
.682620329
.671242428
.687225694
.667574591
.693023401
.671508983
.681256648
.687923075
.678726614
.694562717
.679523358
.656508206
.688687675
.687019069
.674671172
.685329603
.673384486
.672928348
.682545141
.686142333
.686253176
.669768084
.664074737
.676189038
.683699276
.684389021
.678800590
.683706369
.682660544
.682107955
.685409827
.683337954
.684584016
.676197642
.694172793
.680133191
.688143640
.674701194
.677459148
.677783290
.686104847
.674204198
.679159187
.672769526
.681612600
.667993007
.678253515
.682223967
.696784303
.683516051
.690256077
.674022865
.681057020
.676571515
.695124683
.676667896
.688349182
.693787306
.675863045
.663236662
.680776883
.673397769
.673922277
.684490141
.672859419
.691083536
.691967781
.689930916
.689387833
.672752168
.676301752
.664503978
.691884496
.686784280
.679803453
.677582790
.686050674
.687682197
.675149040
.676569318
.676698715
.675382616
.677880332
.669604489
.680766466
.670952084
.669480885
.675919593
.667639706
.669342810
.688486794
.686065206
.672449334
.684327777
.678913747
.671766404
.666938841
.688397992
.675227874
.677245049
.686984928
.677017974
.675319313
.675894586
.678865617
.677965115
.670673640
.686837207
.686758025
.682538168
.691316738
.697308889
.669058760
.675681661
.676551109
.694561656
.675671976
.679365833
.674191442
.695543750
.674654894
.672891200
.676176295
.687316713
.710621310
.691675413
.698543924
.680563182
.689590886
.694178408
.685660366
.658630809
.702326543
.670125208
.682422356
.684621653
.679009131
.692481756
.677429769
.671285413
.674942944
.668410884
.693952760
.689632560
.696677380
.674944947
.708942782
.703770029
.672923975
.693944456
.679049928
.695492343
.686893956
.693759118
.684569465
.693889770
.667924388
.676947932
.686396327
.673311950
.676932858
.656890193
.690144432
.674582634
.680063304
.678032117
.692484693
.683811761
.685705189
.686241190
.673627241
.660552782
.676568125
.690534862
.686361168
.687345069
.684830067
.666960638
.696476225
.685606434
.673232755
.691676890
.678127653
.659286603
.687632444
.675549731
.671584203
.697406143
.676370671
.675492132
.687096632
.665819344
.672016516
.687168924
.673204803
.681105305
.688274060
.679743795
.690200514
.673768206
.684651290
.674463818
.660397549
.687277797
.670867287
.692274230
.674020593
.681062919
.685015829
.680081321
.693411876
.685726391
.682633047
.679182517
.674919648
.681860739
.690604351
.698537691
.675667548
.679233176
.684705770
.666698337
.682780733
.697220950
.680442311
.687800090
.680489550
.667934190
.694221510
.697081821
.692373211
.679867599
.664072964
.675678300
.685779408
.676998150
.686535810
.687287765
.679192373
.684607921
.667118947
.670739337
.680194437
.684348911
.690896984
.677492122
.670336119
.682868474
.671630803
.677045752
.677410852
.675513330
.674972604
.683809617
.675981237
.678008343
.665058652
.674823807
.676989907
.684260050
.681982441
.679131081
.656613139
.694160371
.668959850
.680236578
.671097632
.682661012
.686867612
.683699189
.664645559
.679473332
.666150204
.686894640
.672565639
.691945995
.674130797
.679642873
.683031702
.688928120
.697141655
.673968331
.680192773
.692236466
.677081272
.687675742
.674789222
.684403313
.682779206
.680555820
.679369189
.686503275
.662826791
.679978441
.673119263
.677023393
.689082687
.684712243
.683635785
.687209347
.669963872
.680981146
.674039301
.680070388
.688190850
.694391801
.687595604
.673305271
.683000849
.674587598
.680287009
.665607705
.699999308
.693829389
.680052395
.702542143
.667969056
