.038120956
.014219479
.015249549
.018921471
.018975059
.018016233
.022209166
.018105212
.019471753
.021626367
.018728817
.017301443
.021449784
.019782162
.017677680
.024281714
.017303817
.021326911
.020533386
4.047388243
.020561164
.026825563
.025205157
4.027347277
.018393312
4.030212668
.021897651
.017312865
4.033517971
.024187596
.021321202
.025516793
.020194133
.020468878
.024614788
.018588686
.019576687
4.034019905
.025201441
.021663336
.021167806
.024309606
.020433181
.017782700
.027372235
.019799437
4.038028997
.020603697
.023282670
.019477035
.015550154
.020238504
.019951891
.019986930
.024996452
.019960248
4.026488573
.021284287
.018778096
.018772389
.017332941
.016164044
.016960067
.016133056
.019524587
.016980480
.018115489
.018810019
.014895478
.022276548
.016849004
.016810676
4.038635400
4.026050537
.018202766
.016154668
.016011800
.039689942
.025277503
.018017101
.019731795
.019769208
.024074922
.026414051
.017740507
.019165635
.022726727
.020259135
.018249740
.022016891
.019034192
.016396216
.015482568
.013856989
4.022515768
.017838590
.013733522
.016321289
.013560830
.012042006
.013071598
.013053727
.016280854
.014365057
.014089735
.015896719
.017059091
.014447529
.014671693
.016253544
.015228915
.015129685
.014307225
.015610297
.015188326
.013688719
.015836777
.017157754
.015846190
.014789325
.014718007
.015529506
4.026516908
.019591893
.014091811
.015738591
.012420329
.013671202
.016043977
.015444034
.014061328
.015605748
.013805681
.014023754
.014412452
.017023199
.014103151
.014750633
.016237430
.013200801
.015801495
.016111877
.012781904
.016099422
.015528521
.013467626
.014870109
.013623796
.016692860
.014626503
.014829202
.014950297
.015901809
.013968560
.013218626
.013327515
4.035773329
.023271482
.022257675
.021464683
.015730726
.017249847
.014674684
.016289363
.014602830
.018514330
.018408983
.019362095
.019811642
.017767633
.023930360
.025465887
.023145371
.019075515
.021480590
.019880921
.015091119
.015403071
.016774514
.014082114
.015721189
.016217589
.016267742
.015493155
.013498272
.014275173
4.026983523
.016971829
.013885762
.016596984
.012449948
.015954752
.014154677
4.030032610
.020023775
.015060099
.014479200
.014724623
.016949954
.014274102
.017227366
.013951455
.015667156
.015809652
.013352563
.015583557
.013211865
.014846754
.016306492
.014835467
.013799384
.014499200
.014384987
.014475083
.015456103
.014639534
.015315023
.016065779
4.030732959
.019390725
.022804334
.020089989
.017608325
.022623262
.020647636
.019975737
.020458907
.016985451
.024164984
.023012750
.019961116
.022938233
.021004221
.016665315
.020183499
.020789710
.014206077
.017427439
.022062402
4.041522028
.021478880
.022233526
.023597688
.021575360
.020622140
.019349500
4.040075872
.023142154
.020506079
.020925358
.019382046
.016055946
.022774465
4.038475969
.023029731
.021251533
.022496428
.019212128
.021515644
.018363811
.019080829
.018361395
.022770146
.021661689
.020418992
.020659179
4.026396674
.016547404
.014320173
.016855779
.017913910
.013739357
.015741148
.016054521
.014464702
.015094323
.014889504
.014739419
.014845349
.013221234
.015483827
4.023881515
.017933718
.015125284
.014244028
.017124441
.015705042
4.033967036
.018364234
.025407886
.015123558
.019963119
.016878524
.024620648
.020454508
.017587063
.016256603
.024149429
.019988222
.019776573
4.038087848
.018821403
.018854561
.021890740
.013637959
.035318718
.020594477
.018694104
.019400183
.018265843
.017980966
.016474689
.017083931
.016718661
.016333022
.017267453
.014719435
.019277125
.021144297
.017691957
.025175722
4.035123828
.019403918
.023588830
.021565387
.017570344
.018013475
4.031976471
.021647481
.021045435
.016064772
.018518366
.019516560
.016510212
.016654576
.022710496
4.018289440
4.027210401
.020588730
.024528756
.017811867
.017669350
.017906712
.015940324
.018166809
.023303357
.018729644
.017031253
.019806060
.016071951
.015944119
.021968505
.019769452
.019676240
.023456101
.018195066
.020008300
.024112422
.016362204
.018159866
4.028944607
.021135786
.025098512
.017298367
.018089611
.019616309
.021088463
.021184827
.017111084
.017061506
.022651017
.020290861
4.042113119
.018043745
4.029629224
.023934426
.019964061
.016943460
.022034269
.016776200
.016557795
.020031154
.017815287
.019650456
.023221742
4.045253127
.023020627
.016678342
.017610870
.015805548
.018479996
.020799125
4.038743604
.015517051
.021857261
.025858474
.018545710
.015711455
.017919196
4.041167049
4.043301952
.021516396
.020377202
.022151466
.021021025
.021662181
.020262883
.019998522
.017449180
.020760825
.019421513
.021359506
.021611648
.018432993
.021329947
.023176774
.017759529
.017171356
.020395948
.021224298
.015275893
.022862912
.016252032
.017662706
.021585622
4.041240399
.021771986
.016320655
.020676795
.021655950
.021543097
.021609108
.021673244
.020368651
.018198997
.018723376
.025078731
.018376417
.014687082
.017886756
.014334693
.019038022
.016694150
.015700575
4.037062367
.023072091
.019294216
.021966040
.022257701
.020715056
.022455031
.018367729
.015320922
.016349206
.017222973
.018514413
.020428090
.019139108
.025468709
.020779577
.019287416
4.049368441
4.045274157
4.029979757
.025382828
.021693214
.017230058
.015035412
.020250447
.018414534
.018898831
.019031605
.017949325
.023231494
.026225541
.015749064
4.034845503
.020990329
.023579191
.017173748
.015933269
.020378449
.017326303
.020315461
.023465754
.021715563
.019680550
.020415121
.019318785
.018003990
.023485502
.019639350
.016979517
.022543603
.019444737
.018531829
.015549150
.017578845
.020387640
.021222939
