.049804471
4.054401307
8.056594776
4.051767347
4.039163780
.032799090
.034101626
28.231520263
4.039106961
.023239227
4.049142285
.030953735
4.047969963
11.253824876
.034819719
.029307904
.028500489
4.045106059
4.047812881
8.077220736
4.043775934
.023800588
.027301577
.027212328
.029376236
.026332330
4.054887478
4.047889417
.025529199
.028593973
4.046753682
4.044092479
4.043880354
.026754264
.029238603
8.079159277
.033103210
4.057113188
.029837539
4.053045887
24.225097485
.038367869
.042152327
.032012870
4.056189362
.036428629
.030611756
4.068674690
.028707662
4.050275999
4.057440191
.032585271
.025256716
.025894449
.047354770
4.058875248
4.032548187
706.686200208
.032324123
.027346069
.022244804
4.054790653
11.253931037
4.077451877
491.124093482
4.047755272
4.069149116
.024780667
11.252276569
.029466776
.027882096
4.054240293
4.061938131
.028509383
.026323341
4.054393765
.039200097
4.065958673
.034136623
4.061739714
4.058451606
4.050864701
.028533793
.025224760
4.039161345
.031545726
.022640986
.021432546
4.059342499
4.066458350
.027881460
.023162285
4.038744035
.034717887
4.054321627
.029098167
4.035405725
8.066368145
.029166318
.025456311
.023120973
4.040289941
.026805566
.028289770
.022702743
.025963228
.021804302
.026239954
4.051917284
4.050759725
4.067427941
.025240513
.025289758
.019773336
4.064551747
.021494886
4.065084319
4.063134062
4.055047788
4.729300431
4.081719014
.039532316
.022948219
.046778500
.040532655
4.040501292
.025859656
4.049581218
.029858555
.024148996
4.047955956
.026479639
.031501781
4.032844768
.026118941
.025418697
15.238760107
.027125569
.028932413
4.039827025
.027277270
4.040295178
.024385849
11.230008386
4.053368572
4.032733895
.026576628
.026046159
4.034356150
4.041328073
11.240830793
4.039141353
4.035686203
.031662803
.023900702
.024340619
4.043509921
.026972253
.023885464
4.032534037
.025827150
.032378519
11.236806652
.028071165
4.035684988
4.033513693
4.036180843
.025648708
.028916525
11.244000779
.031263093
11.228891384
12.050724417
4.047619500
.024533452
4.034861525
.025796657
11.239425493
4.040747196
.025547620
8.039996099
.024600570
8.059702742
.026160154
8.058138277
.023948630
.024267371
.021536404
4.045575226
.030637653
.024364624
4.041243189
4.044284273
.026391876
4.036731308
.026459108
8.050022811
.027039809
.021150077
.024160291
4.061366307
4.034391575
8.056163427
8.047487147
4.037418181
.029534085
.025097235
8.051297092
8.044334459
4.037556970
.025985598
.027824750
.030354641
.028530247
15.250697445
8.038497005
4.039702489
4.033732812
.026586715
11.241726185
4.039993366
11.241400184
.024451415
8.047743439
.026677429
.025865361
.020648464
4.038773176
.021779929
4.033118690
4.049039441
.026726472
.023283171
.024704807
4.042316028
4.044669370
4.049204475
.023533505
.021704422
.022888520
15.249181772
8.041066915
.025476838
.025895704
4.030554884
.028195474
11.233037759
4.058443692
11.239542628
4.032475924
.034407245
8.058776269
.027513719
4.042071741
4.039832314
11.243280975
.024372132
8.058993145
.035540824
.023034581
.037057740
.022317392
.024861906
.024918904
4.035468540
.024241255
4.043074810
15.249887659
.021946024
.022167642
4.039182094
4.037141623
4.034514587
11.242593985
4.028185259
.027552784
4.047664716
.024715946
4.041746957
.025510632
4.037286453
4.033313564
8.048643059
.028783082
4.035564481
4.039550357
.038161737
4.047070489
.024412409
.019637374
4.039684062
11.238952366
.022200012
15.250660512
8.046624542
8.058668525
.023807758
11.252192541
.025862410
4.039169130
.034034516
4.025971826
12.058220278
.032141757
4.039409622
4.039921980
.023946715
4.028951027
4.039150732
.026474360
.026642554
4.035444889
8.052241430
.030733656
4.032967525
4.052184465
.040512457
.021665127
.024130385
.022969010
.021214073
4.026047033
24.221295297
8.039577412
.025392031
.022975634
4.039980286
11.234307415
12.046241681
.024287015
.021871743
.022452681
.019382157
.021398154
4.038890722
.023127679
4.028103501
4.031758880
4.037512483
4.039143492
.021792305
.023314591
.030388656
.024399987
.021851582
4.036762713
12.050864399
.023120960
4.036543393
.031473823
4.041959387
.024306647
.020462981
11.245338050
11.251600294
4.044339779
.024385084
4.034203349
.023033379
.024351675
4.048534066
4.038205934
.025328973
15.239942281
.025564815
.020608254
.036317764
.022101506
.025050481
.030686747
4.039834485
4.042475935
.025442301
.021408678
.025654206
4.049296178
.025162036
.020635037
.027595140
4.038150569
4.033884212
.027543528
4.044504654
.022072679
8.049718326
4.037596497
.025756471
.024973999
4.023388593
.027758928
.026984988
.024810593
4.048056950
4.034536113
11.253346967
.029095362
4.041729850
.020359709
.019517416
4.035852546
4.038700605
4.027432659
11.239463013
.024134654
.023925081
4.028958014
15.256168672
.029845258
.020231521
.024852946
.020649794
.022303797
4.037497105
.032049027
4.034827801
.022924289
.020029136
.021404611
.018716802
.021577821
4.040452607
.023543821
4.038658776
.025035117
4.034828468
.029173379
4.046262793
4.043554265
.022484873
4.037467765
4.045846837
8.044473065
4.033752840
4.038265094
.022077176
4.034287705
4.051853771
.024910782
.021822888
4.042083276
4.033967102
.025645199
4.036736460
.030642164
4.035855384
.021137815
.021338754
.023466512
.020516822
4.041280370
11.254785528
4.033756185
4.042765294
4.049907299
4.036424143
4.045416973
.036770250
.024075219
.021066326
4.034062059
.024013965
4.053171001
.024788233
4.035307615
.024417032
8.050862022
.023561021
.023141472
4.042409680
4.038562415
15.244825992
4.034006614
.023034744
.031271413
4.034663517
.027467315
8.055115766
4.047293684
8.048992185
4.036063669
24.188962393
4.042028656
.021135047
2.275156387
.025005186
4.042692682
8.043122567
.035091250
.021175713
.029324173
.042575624
.023095077
.024095114
4.027997737
.040750899
4.042079608
8.053638271
4.037822130
11.239133265
.026447031
