.476481841
.463335549
.462740537
.480038059
.468959562
.479196855
.464858719
.462686852
.461385068
.471783499
.460861215
.470630985
.458650430
.469119203
.474128721
.481834817
.473024504
.465103452
.479709778
.458869594
.455745776
.465343700
.460057953
.472528001
.456146487
.468862125
.460919325
.469348196
.464655285
.476365914
.461612212
.459887164
.471235927
.463966502
.463590451
.463627621
.457924508
.474668358
.455396460
.482553323
.471226131
.468909130
.459106312
.479365604
.455555831
.467747484
.463691592
.472502351
.457549622
.456454399
.471999184
.474214453
.460574099
.486533924
.472328783
.469815430
.468629097
.471701130
.484829457
.456203190
.465338956
.442149432
.454280562
.461885000
.464630441
.471022996
.474620429
.471091168
.474286321
.473245584
.480595191
.463639432
.471547001
.467234102
.477050590
.480371520
.469426927
.474405795
.471266093
.468445429
.461707326
.472069134
.469512827
.459508379
.478035126
.468630356
.480514530
.470517691
.471773587
.465433234
.468702699
.472535685
.464748347
.481254557
.458843792
.477135047
.464019176
.460688469
.451453187
.473441155
.474770020
.472338944
.461141507
.473313046
.477715905
.461762680
.465687352
.471791496
.474229473
.452367384
.464535860
.464166423
.479281473
.466876946
.467703489
.469174212
.486117692
.466372847
.461528429
.468688587
.485352693
.485673805
.455449808
.435274164
.471997712
.476087841
.461582976
.478674557
.475576349
.466424330
.469450338
.469497651
.451804102
.467836761
.474076937
.469024853
.454294954
.464923027
.477354200
.472680868
.479067880
.471222728
.458931270
.482316922
.470163056
.458974301
.458921950
.481955298
.465201233
.472121971
.472859619
.455583056
.479626763
.464849611
.463722966
.477770288
.478501020
.465304226
.478138478
.490644782
.478298389
.455766698
.471700248
.454235070
.466652709
.482410022
.481776729
.490110491
.460002512
.461266809
.476634822
.458105951
.474998590
.476113302
.479101932
.476630233
.466434519
.470795506
.467304225
.478281181
.482867725
.471687153
.470242621
.491930384
.478013756
.467530451
.460182289
.462835905
.468553290
.457020910
.450626091
.474058189
.471670851
.478300804
.448786726
.459730654
.470642980
.463037571
.459565531
.474087118
.476349486
.454457360
.472760085
.455687199
.483391396
.466695772
.461624391
.456050440
.459917914
.483214767
.477152037
.462432700
.492533661
.470787101
.481175456
.478027784
.481496783
.478299147
.464189544
.464173492
.465047763
.468234173
.465365681
.463764447
.467507480
.474403871
.479160176
.465769457
.451624686
.472028002
.460850277
.477327244
.472782213
.486199767
.467665690
.476719067
.454717830
.463718163
.458921258
.485047386
.466463840
.477827204
.482481274
.477430681
.465505683
.489603401
.478356184
.474428327
.466674698
.465863588
.467825059
.467156901
.464586294
.465588090
.474478795
.479332368
.470826864
.473394458
.465580425
.480017684
.478389849
.482092300
.472006712
.464362791
.466091613
.473554937
.471082166
.461218162
.460508363
.454065175
.500492674
.469126700
.446693695
.450772619
.443061335
.466041284
.475111456
.475406692
.473015619
.469832843
.478250295
.466468776
.458780953
.464943665
.462032155
.504180215
.461073504
.471784317
.465448001
.472995325
.473218410
.460463482
.475164655
.462787287
.472302971
.455690493
.473122502
.459389351
.480737919
.470711916
.470504767
.475196043
.467021099
.472143939
.856835777
.465484903
.469532674
.467780456
.472458880
.475838819
.483437611
.456411263
.488756777
.465933451
.471988163
.469085422
.462432336
.476519798
.447356387
.467560945
.467762620
.467234205
.458595991
.464315865
.482295176
.471336907
.462161500
.465852733
.468590830
.469960810
.461986224
.470966142
.458500291
.459881094
.466844996
.457822412
.466576410
.464602581
.470826396
.485801068
.465386932
.467394152
.442469198
.465813494
.475826851
.464557091
.471474385
.476041091
.480621551
.442127819
.473520789
.465318958
.483835829
.457127127
.466135675
.452047767
.479007906
.498492241
.467061200
.477470307
.494742459
.459278067
.459781042
.464861985
.462464993
.470410892
.464808483
.457890616
.459739040
.466020687
.464542108
.474479136
.464372116
.482074801
.467907180
.452627074
.465946011
.463510488
.468929409
.470138208
.466352596
.477293996
.482292286
.469388466
.471055977
.481571407
.468497282
.458720960
.473468427
.462177811
.460687671
.483448915
.466103421
.480647424
.473261200
.480214888
.487046748
.475184375
.471530797
.488515316
.475095383
.464899829
.457555077
.488160761
.460260013
.456252885
.471604878
.476969989
.470121541
.466347089
.482141522
.475698734
.465588543
.463195092
.481870794
.455400485
.462494058
.475682048
.467127131
.469102274
.481133773
.492206013
.489044280
.468079976
.444896150
.443107267
.483110632
.469145443
.460646910
.486633569
.461751420
.474865518
.470065247
.478700400
.446804890
.481873199
.451347377
.463613672
.471085555
.457822616
.470398297
.472224345
.464938811
.464995182
.486859592
.480470573
.479673015
.491261233
.479753803
.492701155
.457499307
.482131625
.487311898
.470342462
.470918871
.458733526
.462172490
.455866659
.485749520
.470744107
.464510609
.471232355
.463914518
.436009802
.477592704
.497666214
.456425993
.445461965
.460582227
.496679724
.487036151
.457519083
.458492261
.475681166
.464396186
.462479995
.463479726
.474520694
.474530483
.470604053
.461189218
.461946240
.474756662
.479528977
.497871354
.480702405
.472474989
.494484103
.481756968
.473598485
.474423459
.462978640
.466365519
.475040449
.456361857
.435037277
.477136366
.455061041
.467331979
.493128450
