4.111849611
.057128845
4.112692961
.078453601
.051110322
.055129868
8.116797808
8.114540964
.060122198
.052094647
.054225622
4.066150990
11.286606626
4.085860615
4.077324173
4.088599725
.052358051
.051793663
4.086844259
4.093884763
.050273101
.052043521
.073548414
8.140392817
4.083739763
15.322178888
.052698303
15.287650230
.060732866
4.091846709
4.076993940
8.123141319
.053379916
4.070547933
.061592248
.054012925
.049424825
4.068175220
4.084861581
4.077645073
4.075840831
.058925217
8.098819970
4.076492798
4.091764648
15.331487178
.056504283
15.332882249
.065948955
.059047908
4.086718118
4.065187392
.062494620
.050166387
4.090925075
.067236311
.051217856
.053316584
.057194067
.045135723
4.070036505
.075822234
4.068367340
.060303594
.058188657
8.093569736
4.089612341
4.077819814
4.089908075
.057851147
4.080288980
4.098321857
4.086295092
.062169345
.050806963
.053870058
.048816272
.049515445
.048503580
4.075896412
4.106507442
8.111910680
.049679728
.046905369
.056167316
.051131655
4.091829811
8.126432172
.063179903
4.078572301
4.100019065
4.076566576
.058334331
4.083670927
.054467848
.051892306
4.082774008
4.082034137
.053083406
.050648619
8.095754827
.062748673
8.088022780
4.089824854
.062482410
4.073194577
4.096688859
.045073428
.056855258
4.092583866
4.099337448
.048947577
.047874649
4.081598116
4.092757821
15.329079942
4.092656394
.059158498
4.063951768
4.100148556
11.287019897
.054107962
4.085611210
.063122755
.049934882
4.069207709
4.097664265
8.106774820
4.074127290
4.092564573
4.083246780
.062170561
.047358124
.079476299
.049466114
.042464011
.045496816
.049695020
4.074942627
4.103752248
4.079471231
.060683837
.046528263
4.085321642
4.082410831
12.156916202
.048229802
4.078295165
8.099020335
.068208413
.045757719
.051850952
4.070690718
8.125427417
.054214253
.049923792
4.088587710
8.091270190
4.075581403
.060527272
.042799774
8.111239090
4.083750806
.060138836
.048211624
4.100644512
12.126621237
4.077172940
8.122332510
4.073118845
.058629025
4.085859697
11.275905002
4.103524218
.064584263
4.097005507
4.086246887
.060891326
4.086530038
.060184778
.053253964
.052184101
8.116180381
4.078166338
4.080216068
4.097524397
11.308127384
4.092842247
4.083166785
.061756610
.047267237
.051389589
4.076423669
.053143091
15.316399163
4.100657173
4.108105246
.050875112
19.356358536
11.296602837
15.318257542
4.100144769
.048980624
4.074760769
8.109200475
4.086687590
.056618479
8.104741027
.072065011
.059322132
8.118650700
.059612150
4.097917356
.054248187
.050484275
8.114216718
.059479780
.045225057
4.071762142
4.100886018
.047511286
4.096326435
.049735184
11.277617759
4.084779754
4.085349848
4.093963462
.079393521
4.065231586
4.096049516
.055458460
8.110649882
4.067125935
.065248193
.053255356
15.320641888
.066290685
4.071685812
.060229999
4.095397869
.047338996
11.266497131
.060006093
.047122131
.046068595
.074379379
8.125698125
4.076782374
4.109949501
12.128979383
8.122626909
4.099805576
.061682421
8.088251719
8.138517878
4.077149522
.063942730
4.088293031
8.126476669
4.096353630
4.076997454
8.108227391
.062063962
.055250676
4.086316724
4.072502964
4.095870367
.062717701
.051325555
4.093225262
4.095740360
.054712096
4.094576631
.049392525
4.068079021
4.096573534
4.095125688
.057337509
.052179971
11.268886442
.066054759
15.331222293
15.317698307
4.086389637
.050590982
.049216259
.049072392
.047441641
.049128347
.046300282
.045745143
.047550677
.046911709
.051271613
12.125754915
4.088097760
.060632932
8.114408628
4.080942793
4.101865989
.050175926
.050248214
.044707128
4.084244830
.060983414
8.104115473
4.081249940
.061907620
.052466277
8.115062534
.061982617
4.068677149
.061287903
4.078325107
19.311118666
8.113225893
4.085705149
4.080085974
.061952749
.051957280
8.106724453
8.131848025
.052969394
4.083788419
.049074725
.045798233
4.072241991
11.304352359
12.143107867
4.073761815
11.276600860
.057798193
4.076168681
16.144993172
12.137193709
4.103998646
4.090665476
4.104891913
8.107673466
.061878138
8.117978855
8.118894899
11.292735105
.063613112
4.084356846
.052969589
4.067169734
.069458823
.051245853
.049388874
.048443427
4.086253447
4.084789155
.063465870
4.083737224
8.130706986
12.127422679
.057183375
4.062365702
.057762509
8.104615518
4.072865980
.052545559
.049193253
.052831876
.047349692
8.090543139
4.099869761
8.107602449
8.116496670
.082190983
4.096310513
8.121995283
.064007762
4.096596660
4.094425105
4.081110827
4.094643611
.046905463
.049316695
4.087513907
8.125371581
4.091098668
4.087439885
4.082685126
.063134458
4.086063384
4.094525048
4.065059621
.081739452
4.070663764
.063500009
4.081953626
8.103554021
4.101653372
4.086020170
4.094368042
4.088557980
.058731876
4.063588291
.086813391
4.071612392
12.136502747
11.291670788
8.101341442
.058168203
.049289251
8.104609767
.056254826
.048497672
4.067647734
.054909972
8.099644159
8.121992552
.066726050
4.108657548
.060101589
4.071237510
.059341427
.047591868
4.098486606
.046236369
4.088047631
11.288463789
8.120340781
.048796943
8.115097616
.057060937
.047756262
.048616042
4.075227737
4.086583202
.056978659
4.061850593
8.128711134
4.100344960
8.089716213
.058476108
4.071018350
.064008101
8.104561841
4.095905796
32.326871476
4.090295085
4.091530217
.055672711
8.085919255
4.091531592
.055706459
4.076081639
.077600149
8.107664973
19.354391350
4.080409409
.065452092
8.107037159
.061011163
4.079755360
.054246923
4.089013627
4.094906878
.064794599
4.100525661
.063884199
.046960981
4.090417578
11.295581870
.054015951
.058826937
.050934687
8.100498313
11.304785915
8.117776938
.056539306
.048994414
4.072774991
.057089284
4.104808671
.061674927
.049530662
.047815272
.045295891
.044307205
.046583476
8.106247430
11.281642980
4.093647521
.060592852
8.092265595
.057929522
4.079723702
4.083548791
15.319991127
.060656349
11.271683088
4.086132733
4.077835269
.062350365
.051059958
.048284218
