.666816192
.440267770
.437229120
.430095275
.432742252
.430381454
.440732496
4.436920659
.433497152
.428996627
.445070046
.428684837
.436112088
.439660279
.433340625
.428007907
.461195846
.467770790
.495626466
.444580061
4.505258972
.486463559
.477847099
.467756188
.486772301
.505776868
.464966548
.475440495
.457401816
.474230320
.479620783
.467905606
.469024673
.470252738
.461762734
.464234556
.458330696
.472964349
.473826242
4.480827043
.470911962
.501988278
.495458471
.476929643
.492801643
.484669333
.468787292
.459352765
.468595089
.460178582
.446257300
.451697246
.439023834
.437029755
.446484780
.507797824
.494421608
.471280344
.468833894
.485956856
.446121050
.472976489
.471610191
.470647927
.478887938
.464631933
4.468919410
.491114733
.461695619
.432645480
.423154843
.432332453
.426457408
.433777398
.424614085
.435468200
.428628479
4.421082131
.434588973
.440896166
.441613813
4.437443529
.431300001
.449253119
.426067244
.424162956
.433224428
.433648668
.430370281
.430851440
.436363026
.434743792
.440108048
.432146696
.437378503
4.430577651
.435414319
.458945964
.430906048
.428752273
4.438654508
.432341225
.443046809
4.428587069
.434349729
.427918392
.429556447
.436500178
4.438526649
.428449520
.432445637
.438451303
.429825190
.434556009
4.430128140
.433821838
.429194967
.439849814
.447714136
.461687433
.478904683
.455726506
.466876609
.470867482
.475600558
.492070522
.460080943
.466002861
.480094308
.455949116
.481768116
.477566636
.472474214
.457235053
.470204785
.456027351
.480348697
.481386949
.476696375
.472238908
.448487663
.477450445
.465785599
.450396504
.473838320
.464280993
.472115660
.474813719
.502769315
.455512338
.471589361
.470224024
.476298187
.466743286
.456216826
.477021985
.471322486
.468331973
.461097623
.494511972
.467310353
.478479375
.469669174
.473249382
.472394101
4.467761259
.462517505
.455577122
.454322864
.497273345
.451809824
.470655359
.449118892
.452060182
.451715235
.476342719
.471590607
.446387383
.479018233
.487141147
.475555831
.500354904
4.460981742
.481088578
.489342164
.482882847
.482516160
.473032309
4.472060438
.479571207
4.494528269
.478596645
.476830178
.466000945
.478930159
.493938437
.458603326
.487708818
.481962812
.452979886
.487752831
.467764940
.491271975
.464550807
.466702484
.467461915
.453202052
.471234158
4.518300082
.477780461
.480747046
4.489890283
.490357521
.480250838
.483439860
.462560037
.486237500
.472417638
.483894642
.490375590
.468790465
.484647785
.489949451
.480845832
.466245610
.484954195
.448487608
.485887963
.487548401
.492069975
.481619345
.492307814
.474436181
.485511983
.484385498
.470808247
.502535024
.484243356
.469767230
.472301933
.483718472
.462353568
.474288556
.482469113
.477579502
.448731712
.469843295
.476132192
.477166266
.487591135
.481916163
.474280345
.477357338
.484298261
.468693544
.470096853
.476781648
.462885569
.473637455
.468650361
.471278366
.476475555
4.476193622
.484491980
.484319553
.460071166
.475396238
.494023144
.468979422
.471653674
.489488482
.478372468
4.475382036
.462718799
.473095771
.495102966
.480361365
.462438980
.483524069
.472284653
.472932772
.480971248
.483590251
.477034259
.475992626
.449544858
.457758214
.480625959
.468106792
.475674314
.470259334
.460564109
.476012719
.471009666
.482247653
.480418126
.483275056
.485358510
.469962702
.474998859
.461216166
.478541916
.478471116
.483811160
.458716380
.485712220
.485462059
.485981808
.479158313
.489251211
.471856863
.486263489
.478057317
.484640561
.457117452
.472954215
.468941406
.476868087
.468105329
.476284703
.463592623
.472296852
.481959210
.456598308
.478119812
.462166817
.490510308
.477533086
.474162283
.471192404
.503045655
.479618994
.483361109
.480703815
.482973037
.484884583
.496983664
.477610794
.476825606
.485250121
.478841984
.482349083
.474105032
.475039841
.486958445
.480591054
.479144976
.474343430
.489832387
.477819550
.478857299
.480139433
.480383185
.481029958
.465309362
.468795707
.477724560
.483877554
.480678425
.487109171
.487258450
.463285005
.488571182
.473648130
.474415571
.477561751
.469651984
.474076660
.487599702
.477778039
.464519651
.482315160
.472427035
.458978197
.470355550
.496771246
.479949664
.484293347
.487097572
.483031338
.478808584
.495759756
.487828983
.462214322
.469389157
.485028524
.478112767
.490661101
.483794568
.474122524
.474855987
.478824008
.483484567
.482557818
.479733727
.477293056
.486517055
.478162596
.460487211
.479209728
.468567278
.470106038
.480812153
.484663214
.463566937
.468544148
.481762062
.472725780
.475673343
.477170553
.475692244
.474913574
4.475787271
.486952767
.476638058
.486752409
.507807123
.471635202
.471363152
.481661225
.465676529
4.469962558
4.472578615
.458730102
.504583354
.458674705
.482721733
.479961948
.464018163
.467696368
.474694893
.476098676
.484105903
.480895809
.461108165
.475255557
.462926768
.474815995
.478610393
.453759021
.456650025
.470721579
.478993584
.477062447
.485337858
.483497007
.476347211
4.478897172
.466826124
.476669295
.485841498
.472951345
.473591413
.472783087
.478969065
.484672609
.458629371
.473825612
.475345064
4.484468071
.482889565
.459311725
.470587019
.487842515
4.480247339
.475740272
.482206533
.486933835
.482561113
.486374062
.463874777
.481470206
.480125849
.479562886
.482459245
.482200446
.485615858
.473028132
.482701490
.480691825
.469099924
.481707068
.474683585
.484533402
.475260527
.479602817
.501719170
.486190492
4.476648668
.486049747
.481448189
.473122248
.476834819
.475742309
.494524946
.475438738
.475218323
4.488114256
.476090078
.492391623
