.715119899
.499424022
4.492770993
.433311409
4.442749178
4.490543085
.474095685
4.490171747
.475796282
.465714436
.505668624
.446179095
.486178141
.496552214
4.499010806
.463063888
.493901911
.497822855
.476833620
.467859414
.477189325
.456134083
.523726309
.482891551
.490340885
.457493796
.461393008
4.494386753
.457492124
.462875319
.457023546
.463275923
.487543292
.500488359
.470785977
.465123889
.502270768
.496446231
.484699616
.470474476
.488224912
.472480923
.458066662
.455522022
4.493264565
.490938564
4.460591585
.436839673
.437697164
.441391430
.441661193
4.434259729
.435462397
.437535180
.449699289
.434925074
.443893737
.448461897
.429926725
.445687485
.446926999
.450882748
.428628264
.437982727
.433866554
.434307574
.443794915
.433640393
.439830600
.432293774
.434865346
.440756104
4.430112373
.451052960
.430769913
.431599426
.435004934
.439890720
.444333273
.430337428
.430886988
.445260770
4.449479009
.452716476
.438317080
.452077221
.449620205
.428964969
.440339322
.433978148
.441598817
.433825795
.435005641
.451461858
.437714885
.451015306
.427357911
11.626399155
.436990085
.427134658
.438739358
.477997029
.494166009
.451208164
.471571740
.464786305
.481408691
.485342249
.479544203
.459031664
.461069635
.453192174
.497167287
.444664147
.466344153
.463119330
.481938134
.464414145
.463346863
.459747420
.454968048
.483932873
.469635044
.477111360
.471814067
.476056006
.446130498
.460867327
.444998230
.457459306
.467925913
.456738522
.461408000
.465965724
.471908271
.440196938
.451431959
.440436837
.459276634
4.529640678
.462603695
.466464086
.482709139
.481729857
.470951450
.464620416
.451690643
.482429085
.480359711
.458869897
.481583752
.470491626
.462994019
.488842954
.463277559
.525077264
.461924184
4.508045284
.502467877
.466930170
.478106104
.485015454
.467175132
.475815387
.465804773
.796246485
.826615439
.568670048
.689639566
.508606971
.500081358
.453119126
.486529711
.663620706
.491398675
.485583276
.461811282
.518840723
.449851401
.473164617
.476943857
.467891275
.452626699
.490350551
.466389085
.473589377
.469266046
.830417794
1.110153672
.733201234
.515830548
.554903634
4.618323921
.471333308
.491532760
4.510051400
.467782781
.446110638
.510091120
5.361365080
.548881659
4.450100730
.447535155
4.482654545
.484981573
.478299595
4.503508998
.503125336
.482393622
.493225962
.475072127
.485598981
.470452779
.504958122
.509132490
.495475234
4.478267469
.487298470
4.462549684
.490989132
8.480951920
.519202728
.460423540
.465924078
4.474004832
.474897073
.456351876
.511329350
.466327435
.441694651
.445775566
.437834833
.435058457
.436279403
.438216415
.448083965
.443757047
.441537413
.474621822
.437704348
4.455688591
.429465623
.435572653
.437051218
.426769077
.438674155
.430582173
.431993531
.440328331
.430419467
4.445451063
.432973513
.442769987
.449582824
.437629058
.452948524
.437286808
.437498602
.434678311
.434601955
.442692394
.436319019
.436981056
.431923991
.437827485
.477660337
.436607992
.438551502
.431659564
.433968059
4.439973555
.432152316
.436496684
.438754346
.437201727
.443171969
.428792002
.468980618
4.459745190
.441494283
.434379596
.436472601
.437226131
4.435806139
.437441871
.432650583
.455785705
.440998607
.433967120
.482931260
.505010791
.485661219
.475139728
.487618443
.468473202
.485973761
.472132433
.464903154
4.496505464
.498089658
.486800186
.464614177
.453068665
.513707758
.489306086
4.478858049
.464772939
.471948593
.460128675
.496737327
.446036423
.517044018
.497433126
.444927564
.474601583
.495128799
.492673205
.513610238
.478645900
.493257867
.471548789
.458569638
.471265137
.511111146
.472188602
.465870321
.453666902
.470706139
.477109068
.493140348
.473565112
.485177110
.466823700
.492789746
.496265486
.477432806
.496507701
.476379539
.489527485
.481948274
.479219036
.480684320
.478656767
.482177212
.503554530
.457585099
.494578810
4.467046000
.462677071
.473271533
.470483899
.463098566
4.468899245
.460587295
.460371380
.461108654
4.471710244
.462660756
.489539371
.449628078
.453236494
.455371223
.487351790
.466079350
.459375742
.473020011
.463423749
.444923150
.479067679
.455475931
.455013931
.462536482
.482325637
4.457728016
.482790083
.501181368
4.473782604
.474301144
.472656103
.483948387
.452123780
11.666736002
.509250815
.464702857
.499505517
.478267486
.492921840
.461087946
.454001704
.512490853
.485479783
.488324367
.472349893
.473469330
.487608210
.483055033
.475184702
4.488980559
.462114107
.470357807
.488612609
.484007857
.495001811
.480889738
.497171182
.479231474
.495100152
.483380060
.481374660
.484461323
.496599009
.493992646
.495593168
.459154022
.473635389
.488661455
.463372188
.458589697
.456885833
.474439421
.454367550
.464259218
.464817192
.471680568
.476627278
.504908294
.456824378
.476994074
.449840909
.486666292
.486984811
.481608280
.458647719
.455470493
.493798066
.479714137
.498734612
.458670764
.465071310
.458412889
.500997041
.485248798
.484928383
.469587302
.462767842
.450673065
.459917387
.470767540
.485976402
4.460821050
.496311018
.471243613
.492195687
.469139548
.485826088
.475508455
.477419241
.491239905
.497166084
.487045839
.452948573
.502609267
.451944745
.463185961
.471608375
.474131174
.484980154
.500067319
4.469693102
.445396977
.465894159
.470909520
4.474716983
.467731111
.455850395
.498970971
.457286344
4.456317255
.477648578
.482854081
.492652645
.467541254
.476634675
.479733414
.483103135
.474418528
.490374127
.474525072
4.452075280
.451513938
.460485855
.445919746
.461976334
4.468553102
.444139096
.437993992
.443141986
.475216047
.473447787
.473326031
