4.100639719
15.323637952
8.125064429
.053801237
.045890559
8.118113045
.061328621
.044653849
4.065257864
.059668702
8.092385475
.077120937
4.062915941
.053279280
.050349192
11.273968674
.056999790
4.068212568
4.087396567
8.107141448
4.075845270
4.084351324
4.081258694
.060023709
.046783690
.047735275
.047904275
.051655572
4.098363009
.050954529
4.090852166
4.088220329
4.083571822
4.097406509
.050432320
.046625649
.053005366
.048217569
4.074234547
15.305989828
.071862687
.050237114
19.334726147
.060225003
4.091926710
.060539046
4.086061535
8.126744088
.056815665
.049087487
8.100789469
.058990466
.048003282
.049017533
4.077588538
4.076849258
.058577045
.046073193
.046885027
8.084841251
4.071579995
8.112224067
.055256998
4.087527058
.053920787
.047366444
.047308028
.047575945
12.117747089
4.089352687
4.066206429
4.099132080
11.305543298
4.085828189
.056237585
.050742784
4.073114416
11.292094389
8.122085750
.055906084
4.080764175
8.132912640
4.097446008
4.090337605
4.082591011
.062566805
4.091284784
4.089411970
4.096908017
4.091152922
.053468498
4.080957615
8.110233150
.055293252
4.091703548
.047297989
.046034029
.044388485
8.092967207
4.095390137
4.092215897
4.090697659
.050938164
4.077585659
15.302140796
8.116424301
.060804512
.045075404
.045186654
.047161490
8.118607753
.065414144
58.773013570
.067050689
8.103622022
4.087852818
4.105854554
4.090786905
4.077902718
.059578469
.045400363
.052319332
.049163494
4.088720236
.054420252
4.091445453
4.093912683
.048585827
.048995994
4.075449956
4.103623951
4.092474014
.076415663
4.074731028
11.293956236
11.295168737
.051787165
8.099920893
8.107457243
.055583463
.047555992
.049317036
.052271124
.045132363
4.082224582
15.318079102
.054672795
.048207785
.058450051
.045029363
.046740615
4.095149311
4.076164488
4.092110514
.062274724
.054193211
.045544030
4.090297969
22.514146613
.060119678
4.071225441
8.102619017
.058327966
.052012415
16.161752688
.061301138
4.094183621
4.077166220
.058567759
.045983781
4.073425755
.057913550
.049172660
.045329071
.051306372
.050864247
.050725288
4.086018067
11.281097529
4.100252328
12.120531588
8.114831503
.063621808
4.081293768
8.096585600
.053625792
.059576260
.049686203
.084909926
.046925899
.050980223
8.115429491
.062458540
4.087180375
4.069155511
8.115600538
.069924137
12.102456471
.068698859
.045513323
4.097345019
15.352691796
4.096613895
.048870451
.047297865
4.067155227
4.100107403
8.111762962
4.089128761
4.086090340
.060074509
.053554541
4.100805905
8.116044709
4.091769363
.049971364
4.075701917
.060100423
.047357654
.050255908
.048338114
4.081853757
.056600585
4.084523539
8.115759724
8.106898798
4.090761393
.054431415
.048315822
4.085115967
.078504739
.048645987
8.101694845
4.108013696
4.094273303
4.093035676
4.099712186
8.127728396
8.102510481
.054407223
.048774592
.053098971
.053294930
.050817640
4.088670550
4.080572767
4.092067318
4.085820762
.054658239
.053201154
4.098820373
8.104947881
.066797297
.050665108
8.081880185
4.084830900
.063505709
4.077895350
4.088642281
4.093855858
11.297263303
8.099754070
11.303832117
4.087800413
.054212235
4.078049359
8.116814836
4.076576066
.054399401
.045678432
.047762560
.045623057
.062379241
.046962514
.052187645
4.079037227
4.071938968
4.093906619
.055413857
15.308659156
.059244647
4.079396472
4.098515495
.076522904
.042725540
.050292338
.044824751
.046140294
4.071988152
.056326098
11.268302334
4.106028641
4.092316669
4.088246458
4.102079847
8.099158169
.059542769
4.072402316
11.302507899
.050858581
4.071508914
4.104425408
8.101636716
4.093038523
4.091648648
.058890722
.071352692
4.081116598
4.089490481
4.101141325
4.092553651
4.074604883
.061490933
.052418382
4.064726869
.060157757
.048472714
.048926589
8.123739330
19.330860659
4.083981774
4.076765559
11.302402273
.058477757
.042027410
4.080028480
47.545646352
4.109064051
.055914931
8.093981035
.060662308
8.118705167
.060174015
4.085568299
4.084420423
.053784848
4.082745133
.063590123
4.080869552
.056612026
8.107676622
.058456816
4.080537926
4.078961335
8.114882122
.059912151
.053194985
.055658026
.047382446
4.083687014
4.073659684
4.102327010
.051075111
.045801571
.043832363
4.084379473
4.083503974
4.094633957
4.085140875
.074443898
.049320377
4.099809873
4.090634981
.049295144
11.266776654
.058155041
.044512603
4.098163874
8.094909195
4.086334409
8.094356600
8.122469522
.061484249
8.122423981
.058070587
.054478342
.066031450
.045476207
4.089474546
.048816562
8.113053795
.058459339
8.127390226
.061456172
4.086129088
4.080923947
.059279177
.050698819
4.070204680
4.096798631
.077231223
4.082101980
4.108912458
.053361616
.044857221
.049276376
4.087647596
4.081834444
4.102546809
4.094549495
4.070412056
4.106204118
.049087344
4.070573839
.056699096
4.067976731
4.086427234
4.083237585
.055813326
.051745048
.044917944
.045071526
8.092566783
.064090428
4.084760887
8.122671720
11.293555019
.070575783
.049442180
.047978727
.052907920
.048681767
4.076764876
8.111453002
8.095345743
8.103213349
.062938018
4.096407621
4.075440969
.073983723
.049179830
4.088421031
4.096792600
.058802499
.045915763
.046995007
4.068248117
8.116688871
8.128863322
8.113779261
.058845749
.046670467
11.276355651
8.122502563
4.088646819
.055861019
.047045021
.052123329
.043759078
.049858007
.051285750
.045298321
4.107986859
4.080322621
.056049935
8.101945029
4.092652186
.058551840
8.095773017
4.092370304
.056127749
4.097505867
.059059834
4.071705087
.057907838
4.083384689
15.315258941
4.094893864
8.091290896
8.105001530
.057220270
.046102789
.056708857
.043389471
11.289062728
12.129566033
.065174891
4.080481542
.055628286
.072846846
.050571761
11.273487212
.059716349
.051171699
.047127601
4.069255431
4.091191772
4.096229413
4.084415954
4.083540168
4.071352542
4.113692049
.048167261
.042012177
.047081810
4.046408584
.054818800
4.075939761
.055053465
.048656799
