.042173752
.014827032
.017333337
.016997585
.018313842
.018133299
.015416285
.017337420
.016717584
.014966366
.015817079
.017530754
.016410165
.017630921
.018108090
.015073908
.016540165
.017197877
.018572842
.018679968
.019575140
.015243076
.016427832
.018434675
.018494342
.016225290
.027509512
.023394825
.023440492
.024200371
.023563451
.026310672
.018050048
.023308408
.019119179
.017339211
.016876626
.016510832
.017193169
.017353378
.016764751
.017221710
.015846620
.016823250
.015896120
.016683083
.015050075
.016682833
.015989621
.017137585
.017017126
.017807964
.017393170
.014684739
.016387874
.017797755
.018648926
.016216705
.015877079
.020406393
.017697380
.019927766
.016198123
.018954553
.016947959
.016392832
.016384415
.017582837
.016667083
.015558411
.017963886
.017886636
.016312003
.017146632
.014962912
.015812083
.017033798
.016458753
.018624597
.016529749
.019208602
.022548543
.017675090
.015609950
.017553589
.017292786
.017678081
.019828137
.018727672
.029999166
.022824324
.021217814
.021730641
.023853489
.020364882
.022861940
.023428860
.022906649
.021845226
.023955982
.021964803
.020204542
.023700105
.023631104
.021936053
.020808504
.024953649
.022925095
.021227710
.025556777
.021922631
.021212626
.024926023
.023062259
.022456630
.023671512
.023375927
.027850578
.022329546
.024331391
.023359924
.020104406
.026728359
.022573711
.020512325
.021352996
.020435699
.024097009
.022323082
.023734715
.022081373
.021406994
.024160884
.022671126
.022586749
.025030512
.021260950
.022432956
.023279045
.022248789
.023731213
.022265246
.022890583
.023870337
.021366199
.022331496
.022336080
.024215756
.023829878
.022322954
.024382548
.021983327
.023041749
.022919874
.026699185
.019909606
.020722569
.025851472
.025207510
.026104765
.021448990
.022772663
.025481552
.023601709
.028170941
.019889190
.022714996
.024800174
.022804205
.024307921
.022338494
.023707585
.023018247
.020291941
.026319932
.019793147
.024609630
.020950861
.023343123
.020091232
.021861991
.021227363
.025512593
.025316217
.021181612
.021589906
.020319149
.023112580
.023712167
.022210118
.021810198
.022509494
.027069643
.023141705
.022665161
.020988194
.023552499
.024225712
.021378447
.025436467
.024366379
.021163445
.023188706
.022943079
.021721531
.023902251
.021840407
.025178632
.021342821
.027295686
.022335534
.021539905
.025009299
.024845423
.023665333
.020610567
.022343326
.027117810
.014421784
.016248377
.018771724
.021874365
.021551655
.021759115
.022177866
.024030460
.020629067
.025312508
.023333998
.020628400
.021758823
.025095423
.023150205
.022166200
.021425113
.023065580
.023653166
.022702495
.023067163
.021277862
.020641442
.025045298
.023330290
.024678839
.021822865
.021011403
.018875183
.025852511
.025276466
.020876401
.020446107
.023228663
.023512749
.023373664
.022646911
.016916298
.019170351
.022231950
.021456280
.020372107
.019801604
.022506577
.021199403
.024869422
.022978538
.024226294
.026889142
.019887396
.022924412
.023610791
.022855621
.027002434
.019570561
.024448337
.024499670
.022370284
.022728494
.023489082
.023681041
.023312747
.022256034
.019960355
.021028361
.022842328
.023411998
.021990949
.024958131
.023725124
.023249205
.021360029
.026127804
.023539790
.021530988
.020560400
.023965043
.026418180
.023091205
.021451613
.025900386
.026574890
.022113283
.019953855
.024682130
.023201497
.020097022
.020969860
.022598869
.022736245
.022979829
.022972787
.024348462
.022880662
.023748041
.023696250
.022814328
.024829839
.024437087
.021847656
.025580926
.022407576
.021064319
.017804427
.022809329
.023488498
.025601718
.022455326
.024557921
.025205216
.020784485
.020822067
.027243643
.024589046
.024106752
.023347706
.023252914
.023948043
.024411837
.025703260
.024100752
.023319706
.021936324
.025122049
.024129669
.022428243
.023821333
.023183330
.021644614
.022350368
.026330264
.019790854
.022118283
.022421617
.022991037
.023170580
.021512655
.020363274
.022411160
.024776047
.023697750
.021034403
.023103788
.021479738
.022355910
.021884282
.021524446
.022802120
.022676244
.022183783
.024684963
.023035621
.023994084
.022090533
.022663619
.023681583
.023231539
.022713328
.024334545
.018527723
.020294315
.022267617
.025770719
.024612504
.020085689
.021575322
.020940277
.019670729
.025348883
.022026324
.024127210
.021716531
.022483951
.020873693
.019183851
.024533588
.019805354
.021183862
.025376967
.014461910
.014864495
.018715765
.021174487
.021931240
.023568124
.023800834
.026562681
.022038366
.021883656
.026047346
.023050871
.024485045
.026717848
.014195658
.027300768
.024220169
.024722172
.021221112
.022479785
.021833865
.021876156
.020962902
.023334248
.023048454
.023875000
.025900886
.021971782
.026738182
.028391483
.019443894
.023417082
.022905496
.023487123
.021852865
.023231456
.025401967
.022906662
.024001584
.013700447
.015881126
.018538972
.016346419
.016258168
.018469305
.016270544
.015769166
.017023215
.017127591
.017702051
.017827177
.016832547
.017784386
.017508801
.015586999
.018473763
.019287559
.025169840
.026472139
.023121914
.017989594
.027547603
.020485983
.019463019
.028213774
.021020902
.019803270
.021028402
.021318279
.028607359
.016750463
.027441227
.026350388
.021604738
.028144982
.015426415
.020528191
.021487821
.020893943
.018448805
.023569207
.029069778
.022707244
.017395758
.021811864
.022728744
.027584104
.018709973
.022894704
.028596275
.025245300
.021868407
.018251846
.017259174
.014348575
.018006974
.016413090
.017496472
.025115680
.026791689
.021452452
.021551702
.018782102
