.070098127
.056662290
.049253447
.053098324
.041581278
4.071849645
.056222465
.050579295
.051610397
8.094304139
8.100993413
4.087255067
.056245299
.047064745
.048231011
.047148409
.047722981
.047588233
.059548103
4.075841269
4.080854286
.054569043
.058231298
4.076177053
.054039137
8.092371680
.060327045
8.104357507
.060475875
4.089639891
.062269586
4.089318356
.065056235
.048462673
.046851374
8.092579051
.061136652
.047499944
.044206014
.064040090
4.099663885
4.070873583
4.087755473
4.112570443
8.108238508
.058427835
4.064740923
.063211192
.046780293
.047406029
.049670981
.044448675
4.074752917
.055864765
.044116516
.048570505
.045622484
8.095164204
.061221817
.053608064
.046883790
.043542820
4.067205704
4.091921093
4.077360778
8.116955613
.061288566
.046918664
.045190076
.051633355
4.072946747
.054573376
4.084893868
.048095014
.051326737
8.118670784
4.082252382
4.094101504
4.080290507
4.075470902
4.074247386
4.084945074
.057314109
4.069921854
8.109985137
4.070983039
.058449044
.053097991
4.090431458
.055391900
.052982660
.046758751
.045050954
4.071728316
.058415335
4.077894476
4.091706055
.046878499
4.068583507
.058026593
.043259951
.043961977
4.093143982
.054215216
.050779165
.043697733
.046417800
4.068732130
.054489961
.044295429
.076758702
.048764501
.049063775
.046016535
.047338680
.048048361
.048077489
.048432392
.050501929
.045054668
.047673790
.043519964
4.069722849
.058785456
.045102880
4.092671069
.048613239
.049386383
.047537363
.043985834
4.060853943
.060879996
.048035736
.047699001
.048322675
4.063296052
4.099561403
.059995968
.050796994
.051675272
4.088910607
4.060943409
.063139590
.050994176
4.069735725
8.097369577
4.068753545
.064351209
11.269497854
.070300498
.053675270
4.081143156
4.076131346
.060389502
.045092287
.045249909
4.082618791
.057937929
.044658796
4.077774102
4.102240288
.049102826
.047187784
.044568714
.047551151
.050901663
.055326610
4.093260605
.051670813
.044964581
.046643920
.047311615
4.088438917
.053371444
.047927768
.043390490
.042003311
.067404519
.047798854
4.094321291
.046795292
.044571339
.043743899
4.107305096
.057469481
.049507318
.049863101
.050519296
.043974144
.044831834
4.069433989
.060498750
11.274872615
4.077430401
.057669601
.046810750
.048080432
.046839625
.050703958
4.064757797
.065427478
.046229804
.051033452
.074653489
.043725274
.047525109
4.079662313
.064074048
11.285384848
4.081556980
.059890179
.047862894
4.066019062
4.088489707
4.103376056
4.082631957
4.083211853
8.126506443
8.110273921
.061177792
.051179215
4.054560654
4.103037991
.060505229
4.078620440
.066208694
.048236562
.050402874
.047342854
.046775238
.046304065
.047553955
.050250790
.050700290
4.094439179
8.090915236
4.080739196
.057578498
4.085478558
.046556677
4.083637171
.051008376
.048092813
4.095873941
.056954756
.045145855
.046706300
4.085647227
.052558054
.046528685
4.065735213
4.087564361
.059250416
4.058548845
.062269205
.044261655
.045504086
4.063131997
.059154065
4.075653192
4.106739495
4.077188216
11.292277677
.066599937
4.072663325
.057251851
.048071586
.050651255
.050166002
.052282505
4.093267422
.044873765
11.274652068
.063677966
4.098823386
4.092248370
4.089003865
.056087327
8.114255591
4.089097705
.056369182
4.091759081
4.076367913
.061838904
4.092211409
.058703200
4.066954006
8.105131916
.062244811
.047378059
4.080477903
.054256100
.045230682
.050272620
.056589783
.043125808
8.111266065
4.084510929
.057707080
8.117103066
4.081944476
.055163171
4.094517423
.046979361
.044851693
11.275146351
.058772330
4.070515161
.060948542
.043703811
.049863213
4.086037872
.059645184
4.083327110
.055783850
.066008174
4.079424942
.045307407
.049116742
.049274948
.042740171
.049485693
.049991349
4.079487066
.052995952
.040322930
.045809355
.046750668
4.090281461
.048747750
4.069280868
4.097042817
.045917936
.043645276
.050116429
.050788748
4.094415830
.045640317
4.087899511
.049517484
.046058725
4.068813002
.053675395
4.080665208
.059552228
.043872355
.046185889
.047311115
.057252569
.047349447
4.093347103
4.077139513
4.082627155
8.129627842
.055814139
.050134734
.047634579
.052594178
.047391768
.046476405
.048479895
.043595553
4.072699125
4.097144296
8.117469928
.062515791
.042008636
.044990579
.052842572
.045140175
4.070092836
.057344634
.045999659
.044167890
.046163922
.049944761
.043550591
8.119458167
.056488650
.054407986
.048895804
.042069017
4.073494437
4.078404823
.057915012
.050130025
.045899651
4.064336217
.060112769
.045516954
.044163181
.045751931
.047223782
.045807147
.052075721
4.087996343
.044571631
4.088417208
.070382621
4.078498879
.053967430
4.076658460
.053075741
.047624650
.076053500
4.073837686
4.080318049
4.096652783
.053863974
.052285049
.048622461
4.076663752
4.070573590
.054036804
.044368469
.045717065
.048065890
.049036577
4.067759108
.063811429
4.091823636
.064866823
.051381236
4.061218498
.057586145
.049150158
.046578714
.047058869
.047354530
.049741729
.045982268
.048260052
4.076139429
.054218884
.046412175
4.080743539
.055297402
.046835875
.049982349
.046540381
4.102373827
4.071202410
11.299998911
.047351322
.047338947
.047970851
.045480861
.047321655
4.062559994
.059613438
.048179121
.051537886
.043722438
.054324230
.051135605
.045781225
.045039750
.044310859
.045753598
.046575204
.041041060
4.086806775
.042818992
4.072382808
.051646019
.049425970
.053822440
.043687935
4.076043304
4.096238475
.056915809
4.069529417
.055551785
.048442226
.045461283
4.097554537
.054670257
11.272047815
.058425136
11.273460260
4.079417963
.055831724
.049293405
.049272489
.051016119
.056335880
4.089641099
.053658146
.051529649
.047702898
.049465194
.051133907
4.098561201
.050780665
4.074697794
.054068803
4.089419021
.052155345
8.088880463
.051959432
