.067732985
12.102373998
15.286349631
4.080005364
15.302038022
15.294472664
4.075732474
4.067860164
.052662552
15.286363736
12.100562527
.048199156
11.271728505
12.107259243
8.078780921
.050339104
8.093753449
15.279845935
11.267964403
8.097942467
4.080230987
4.074246292
4.072862204
11.265584411
.046972868
.051230576
15.288070797
11.263821293
8.064972417
.047216841
8.092929855
4.079059238
4.062559448
8.086200798
11.281762539
16.106587355
4.068872272
4.073741048
.051586434
4.081058609
4.062973548
15.296905142
.049287017
15.289994487
.054492056
4.080911554
.048133449
4.067715871
12.100111351
8.086038802
4.073104096
8.088334955
4.075401332
8.091207346
4.066104654
.054388832
8.071438247
15.286549859
.050184294
4.073887889
.047473839
4.064801250
15.287430779
4.065303053
8.082582603
4.073858607
.057070426
.056123440
.048401969
8.088005514
15.288439368
.054902363
8.084743379
8.090062933
15.286030519
8.083259818
.052829157
.054255488
.046753652
8.063652147
8.087198269
19.308071331
11.280395341
4.065078600
.049103654
4.065764133
8.088298159
11.266378504
4.078372030
.064591427
4.072190939
4.072403154
11.266771034
4.068972198
.047481930
.045171329
.044319444
4.073288292
4.063415169
4.076649135
8.078807473
.056724642
4.066909085
4.072679867
8.093175592
4.079820851
.044061136
32.257022518
8.073772076
15.282844682
4.067403109
4.076891524
4.076481597
.039505743
8.090684502
4.070876040
12.098553264
.055154078
8.076784179
4.071724445
15.299156242
28.249240611
4.064914295
11.271090028
4.075074639
4.073845276
15.284760845
4.076438846
11.281325482
4.075600996
12.098588830
28.241528230
8.091394058
4.078103588
.059891084
8.076379572
4.067018055
4.092535917
32.268978391
4.064556080
19.295741552
4.073383186
8.088488033
11.276216873
8.084181664
8.080484305
4.076198505
4.083430730
4.066883364
12.086073709
4.068821009
12.105912160
4.067955309
11.267120179
4.072455378
8.083538696
4.073127846
8.097083862
8.083495579
.053175066
.050874644
4.064504232
.047277319
.047757079
12.096289797
4.063456211
4.056733571
.048867518
.048002084
.067186599
26.480619808
11.276165271
11.270128293
8.091370031
.055032019
8.098472778
12.098631492
12.100929668
24.243330400
8.087474284
4.057774997
4.073327357
.043985529
.061529955
4.067326912
.069446364
4.077424428
4.077380231
15.280233502
15.303630319
11.280464541
8.081175037
11.273604315
8.091960788
.051322947
24.226887765
4.067541153
11.271871852
4.076708899
4.071332758
.055280503
4.066837492
12.115624717
15.296499971
.049884966
4.070912952
4.071430709
4.067005752
4.070585988
.051669440
4.081848235
4.057475843
11.271068417
28.258879285
4.076566023
4.068598105
8.089888003
8.064906059
15.294543839
26.498881179
15.291586392
4.062523543
.051360227
8.051224908
4.078606362
16.113850311
4.078397322
8.093031309
11.267710120
4.061659623
4.077277385
28.250959591
.058328004
12.096740857
4.077587806
8.094088449
12.090111674
4.077147790
.051981771
15.275139620
.055766305
15.275603164
15.292458657
15.280671917
4.071117007
12.100691957
26.512231017
.054632943
15.296532277
19.303993134
4.075955995
8.088349622
11.259327514
8.089632408
4.080976786
.050338469
4.061323065
4.065651805
4.083445577
8.080296641
19.292596326
.063391677
19.304604475
8.085595881
4.073531824
8.083757708
4.074163108
15.278017148
8.089335123
.043597342
4.076841087
8.092306694
.051537865
12.092592826
4.075577420
.056873892
.063119621
.043679558
.055388556
35.439874923
4.077152350
.046593667
.063190412
.049666044
8.075442429
.058808275
15.287560099
.054004635
8.088794947
8.072732358
4.079165317
28.269537412
.052757135
8.083930669
4.076909589
15.291367244
4.066589296
4.075983932
58.745953258
8.091717890
.053327443
4.074779042
4.074354334
.050565108
.048951024
.063317491
.063387534
4.068459269
4.062378607
.051374127
.046983422
22.479466248
.054054197
4.072402333
51.546176356
19.310605890
15.292646729
15.298001097
8.101814448
.048230003
.050469065
4.066756511
8.093425418
.049781409
8.091095395
8.100290699
.046149551
4.080041813
15.286425191
4.080057064
.054380613
4.087065505
.054201280
.046430978
.043959035
4.064801746
8.081850312
.054631915
.059030735
11.264429881
8.088748090
19.304137905
15.297809815
4.063626608
4.080063054
11.273298746
4.088187306
8.087553679
8.076372178
4.074404201
8.099252438
.054861445
11.264839618
.056652398
4.065886760
15.290214995
8.077523726
75.736965316
8.092476103
4.065316529
28.257350029
12.115972644
4.076017976
.051694601
15.282388714
4.064612440
8.093250998
11.269816962
4.078416909
15.285848160
.050700006
4.066558062
4.065360527
.050507257
4.059448425
.053130228
15.280856234
4.067266256
19.299823110
4.077964948
4.061225881
4.078954442
.054562716
24.238515679
11.270317637
4.078553131
11.298432066
8.098123573
.060146530
4.065166495
4.071262354
8.081648739
4.062680247
4.077135531
4.072074146
4.069020595
.052835566
8.092135847
11.276739599
28.254118607
4.085788859
4.068860169
8.086032647
12.097692782
4.075412796
.049789827
4.075722961
.046290556
23.321328208
.053434972
4.060624135
15.286406214
4.073559224
4.069130709
4.071245654
.051084236
24.241322664
8.069262788
11.271047975
11.270452521
47.552083436
8.099368317
.051155069
19.303022903
.048739334
8.092082360
8.081753589
8.071936523
.061561965
12.103605080
.049368413
15.300462296
4.069019876
12.089660288
4.059143227
4.084734324
.050690656
8.076417579
4.093005608
4.080694639
8.091393781
4.072947519
4.072790312
4.082108269
.055713792
4.072571030
12.093582965
8.089649508
.052358586
8.085984461
11.268501574
.058515066
11.274791681
8.068909307
8.080556480
4.069839506
4.074363736
12.100875344
4.080090449
.048881051
4.068836634
8.078508992
15.289296835
.054013635
4.066012418
8.076382279
4.076691169
11.267818898
8.089280418
19.306723212
15.293629825
8.087578378
.053942297
4.058675537
.047369630
.049178293
11.262590594
.051939431
4.058440705
11.269994197
.053563640
15.270600627
11.282685714
4.058512027
11.269191905
4.058661405
4.069807241
.047061143
.043711644
12.106046207
4.064359459
15.276914522
4.074962297
.065296194
12.100816307
8.096699880
4.070138198
.049424253
4.074997616
8.082640223
