4.064630322
4.092648714
.033054234
4.041790537
.033028066
.027724880
.041873807
.022754703
4.039896111
.030262700
.029964150
.026264382
.022616658
8.075951000
.031902484
.024935297
.024994173
4.038853451
.034228149
4.067187553
4.045804756
.043492356
.022514927
.021328813
.019990944
.024514396
.027039463
.024788904
4.046976836
.030953528
.024728696
11.251679990
4.057867675
4.057592587
.028408753
.028078744
.022364134
.018448738
.022539305
.021074350
.027196137
4.047393484
.031596504
4.054123079
4.050505942
.027079842
.027506687
4.064215638
4.062165022
4.058666805
.036877559
.026810856
.025048449
4.043861112
.024950216
.021473294
.020817736
.023871980
.022314441
.019269281
4.039592407
11.270730742
8.064564913
.031778733
.026787813
.024831513
.024610382
4.046410865
.030291695
.022921339
.023758319
8.074879021
24.213525180
4.051544721
.033205949
.025254668
.024219434
4.058429282
8.067177448
.029646862
.022254803
4.047717513
.029964036
.026144066
.021118233
4.048887337
.032209217
.028346580
.029899660
4.032052544
4.055064408
.032104465
.017559187
.018989181
.021760750
4.071845408
.027122049
4.050265301
.032265054
.040903894
.026668680
4.059963849
.033520680
.023245391
.023117430
4.044174286
.033125508
4.059021431
4.066404827
.034429005
4.039296243
4.049977405
8.062943373
.036768271
.026107660
.020724832
.021898483
.027319436
4.046012769
11.254493694
8.081405942
.028098916
4.042518429
.031436532
.024526003
11.263102586
.031338530
.027536111
4.040187587
.033464660
.031451115
.025410857
.022308495
.022958510
.026929615
.047449093
.025003907
.022418019
.026245017
.028106431
.020626939
4.041883721
.029558129
4.046302065
4.051309521
.030232149
.032986398
4.052323322
.027399423
4.042889739
.031586499
.026339270
.026737865
.020961292
.022241942
.021666764
4.052871036
.031042210
.022669042
.019331558
.022127031
11.245921736
.028705791
.025628771
.019749484
8.082269160
.030390868
.031000213
4.057942801
.029653686
.028252366
.021869362
.023562521
4.026343493
.028597789
.024128073
.024896922
.023625772
.020041949
4.040334569
.027756189
4.057586712
.030137987
.028731542
.023244430
4.055176746
.031768479
.028430536
.024318411
.022921507
4.057468938
.029126551
4.061343479
.030669186
.026315606
4.056187843
.030092408
.023305945
.024331131
4.046951882
.030736759
.027536155
.020258057
.021467456
.021981882
.018728528
4.054448911
4.047145037
4.053028639
.036225326
.022179888
.021672545
.022059927
11.240918232
.027296570
.024545808
.023089321
.024961525
.022274681
.022042468
.021313662
.023360702
.021039907
.045513501
4.052630179
.032076630
.024614368
.021986195
4.044416864
4.057075973
8.076746051
.033839621
.025827224
4.048099724
.031192114
.026791242
4.064516796
.028205672
4.060865989
4.051763112
.039027527
4.050368496
.033510616
.021505494
4.043967488
.030096521
4.042154565
.029678056
.021079699
.054963246
4.062983159
.032359648
4.044904446
.026641100
.027529323
4.068067469
.028061665
.025670459
4.050896420
4.060599178
.029844945
.026362096
.023042334
.021668394
.031293469
.026017799
4.044606340
.030844127
4.058516817
.031475680
4.043260527
4.051454578
4.054893342
.031626849
.022608660
.026653934
4.051246699
.028004831
8.064063133
.025487777
.023215037
.022165313
8.070038924
4.051311933
.037488446
.024861212
4.050320178
.029286739
4.054786461
.033486719
4.048490795
.031991863
.023178479
.022443843
.024409081
4.038892028
.044736052
4.065326541
.029867674
11.239060992
.029642629
.023844338
.024803602
.025048564
.026969800
11.250550744
.040298364
4.037654121
.035380127
.024821145
8.081331911
.030174007
4.051013258
4.046021276
.031029156
11.248199788
.026177552
.023365140
.027006647
4.041963788
.026883561
4.046730520
.030791571
.028985631
11.241074172
4.048247416
.032020671
4.047565991
.024630449
.032135089
24.217937658
8.069684163
.026108065
.022365603
15.281705376
4.048583784
8.060259494
.027075605
4.060404287
.035803838
4.045154379
.032503746
8.061993719
.030911171
.023710676
.023811885
.025135733
.019696090
.019908134
.019132793
.021733696
4.041966680
.025437529
.022855751
.024364017
4.043223325
.029612700
.030388334
8.077970360
.028001890
.034103333
.023268672
.021361902
.020963980
.025261902
.026365706
.020843895
.025237360
.019240711
.019568381
.020136305
.022283744
4.052404916
.032487356
11.258540840
.032146978
.024964357
.022795667
.020326639
24.215142962
.029319664
.023619983
.022682932
.019362607
.041917248
4.047018985
4.054477249
.032465447
.027913610
.024233198
.021442337
.023681401
4.056558111
.026504304
.029012537
4.053025869
.028474032
.022241428
.022138553
.030611011
.021162792
.021371004
.022986602
.019653736
.017936053
.023706068
4.051142935
.027720149
4.041428214
4.043966656
.044497643
.024358631
4.049296320
4.066530846
.027877538
.027125989
.019779507
8.056719728
.027035613
.027257074
4.046869881
.031809713
.022835021
.024826749
4.033646235
.029578578
.026367556
.021624274
.020787476
.026708355
.024238547
4.025683923
.032604537
.022202001
.023125257
.026294156
.020200653
.025855115
.033410423
4.051742957
.028395219
.022077462
.026745290
4.048946192
8.082756399
.033276674
.023615308
11.239139773
.035956820
.026183495
4.037456342
.025635490
.023171512
.022531633
.027354169
.024695066
4.060176851
4.065488887
4.030910511
.030336327
.024939765
.021709683
.021281307
.026314872
.020623428
.042541699
.027411349
.024000201
.021962146
.022051689
.023970826
.021287600
4.051138820
.029118194
.027484266
.022834193
.025510169
.025397836
.022073480
.023799616
.019864965
.019675755
.020158967
.022613436
.020437156
.021933725
.022270307
4.042690185
.030490087
8.060904648
.031377208
.021113821
4.046123755
.032215177
.021862788
.024010882
.023562630
.040890518
.023673350
.021981013
