.038262033
.016014393
.018576743
.016481729
.022067056
.019949501
.021615804
.021898223
.021967139
.023265106
.021239802
.021413886
.020396004
.017306985
.027133006
.023186482
.019069496
.016611690
.024111487
.020044836
4.045348223
.027629056
.026584258
.022756399
.023792948
.023639280
.023483112
.024562370
.021204348
.023259029
.019785755
.020402260
.025449918
.021445392
.021720852
.021342933
.022561650
.018987293
.021739228
.025649420
.020373843
.022454858
4.041955131
4.040772349
.026072264
.021245647
.017979957
.021441399
.019667512
.022453197
.023228912
.020628018
.023177703
.021223231
.021098480
.022331573
.022169780
.028278031
.023413872
.019731888
.023292162
.019005382
.025797681
.021645736
.017117286
.023583207
.019234593
.020853771
.027011606
.025117261
.019855057
.025227803
.016945870
.027395901
.021636444
.021853280
.020334977
.020279061
.022597119
4.037435744
.021419113
.023758130
.024525053
.019642642
.024317884
.022136369
.021753783
.022860499
.022142118
.019420142
.019518392
.023286002
.020754735
.018375258
4.058222740
.026159152
.022544251
.020481402
.023315215
.020639486
.018729639
.024940769
.020107649
.018145302
.023625760
.022157207
.021168616
.021683620
.019011809
.024492058
.023343758
.020465904
.022543961
.019694023
.020342361
.024206682
.029660514
.020532405
.027210955
.023558511
.016680042
4.043481312
.028198008
.027189417
.019759986
.021885710
.017726511
.027327002
.021773918
.021080621
.024123060
4.047294618
.025475783
.022790429
4.034897620
.016209796
.016023545
.017483640
.020375663
.019929201
.016615675
.016048086
4.030133837
.022678685
.023232356
.029744992
.022473933
4.036168263
4.047070821
4.038548296
.027252315
.029387335
.024978546
.023810745
.025588093
.023145447
.022386941
.020393466
.025142424
.025048256
.023930122
.024761171
.017195939
.023037239
.019557584
.027419652
.018989080
.023890914
.021936939
.025238925
.023220908
.022045481
.020543011
.023899123
.021777855
.025495429
.024523420
.022843072
.020762429
.017540735
.022453195
.021960607
.021538186
.022991366
.023434911
.024577547
4.041723655
.023998170
.022723950
.020186261
.024441882
.024103421
.020942768
.020364222
.019664215
.021830234
.026555193
.021940653
.018847916
4.038613320
.025397728
.020424517
4.048455882
.022693373
.024820393
.019981890
.022974293
.020178476
.020009516
.019703680
.026460241
.022058118
.024426389
.022105369
.024881144
.018816589
.016622693
.025134105
.021767491
.019718222
.026304533
.026446993
.017059115
.020339186
.024190014
.022554040
.024174097
.023053420
.020853734
.023188297
.019738140
.020145811
.023906595
4.045761915
.025895992
.026786334
.020817403
.025029193
4.034461097
.014394553
.024497856
.014811099
.016818826
.015194519
.016938286
.024857444
.013586879
.036673992
.021669333
.024323826
.016833684
.018650251
4.039134759
4.048623887
.027471499
.027162412
.020751615
.021411416
.018612504
.018140289
.019138010
.020605281
4.039165477
.024672755
.028567308
.022455933
.016457184
.022343431
.027776382
.021806882
4.036087010
.020876950
.028419746
4.047298959
.023073250
.019839211
.025166811
.039858137
.020073403
.023732763
.018661378
.023277364
.025155413
.024894614
.021430729
.020273169
.022210628
.021836051
.020889924
.020973704
.022286368
.022326779
.020736901
.022308073
.020822391
.020500056
.023186918
.023126884
.020504556
4.043689782
.015273191
.017972467
.013672481
.015061177
.017343965
.017837609
.022076936
.013030148
.014454255
.015123252
.019287256
.020416526
.052728616
.022277453
.022342154
.023292282
.028192033
.017123360
.018751944
.023341901
.023774679
.021921499
.028216863
.021150930
.023637697
4.043135857
.020104272
.018786106
.032637143
.022671288
.019791476
.020965582
.021563925
4.043983385
.029714337
.020123644
.016968950
.021899091
.014215872
.019227588
.018919917
.020072276
.022584799
.025552058
.018512592
.026172065
.020680159
.019619914
.024187143
.024642712
4.046592521
.027991008
.024932759
.021313873
.023615130
4.037860723
.029854778
.022347745
.024954424
.017405729
.019319201
.023280963
.026208221
.024436405
.023745156
.025079894
.024759296
.025567815
.026539530
.021408781
.017581889
.025783812
.021797516
.026136374
.023222229
.018246007
4.039844514
.023929273
.024458450
.022799612
.024089592
.019019104
.021620402
.026210513
.022064814
.022654419
.019841667
.020477198
.011674292
.020463612
4.038703853
.019031565
.020481532
.026792533
.021020211
.011236714
.011759766
.013337882
.015118325
.016098208
.019685931
.019799993
4.040082848
.015534607
.022600035
.026568785
.017827641
.021202494
.015086152
.023967904
.021473084
.019861379
.022192753
.022439590
.024871191
.019947561
.021987009
.021002917
.023654056
.023053866
.023468940
.014040715
.011479133
.011993475
.018391742
.020123093
.024005370
.020922777
.018840531
.023296826
4.039593447
.023119900
.023458176
.022903716
.022265124
.023668735
.018594336
.023267369
.022318754
.027566666
.019472946
.021055863
.022644862
.047645771
.026204730
.025593576
.020602267
.021114547
4.033126774
.024808302
.017737412
.024708929
4.038351990
.025386744
.024203818
.020394352
.022873922
.020227089
.018625921
.024062724
.017738602
4.038208339
.023896086
.022228413
.021225293
.019941733
.022451181
4.037654961
.021025526
.024296867
.020554948
.023662484
.022485183
.019006618
.028115125
.022262957
.023518889
4.031387886
.023412297
4.036907862
.021572445
.023692778
.020288010
4.034617181
.024901540
.021610740
.019924940
.022962054
.025389578
.016548216
.022707534
.024269698
.064621161
.014002767
.021433434
.020082245
.023752991
.021067447
.024209236
.018047585
