.056759274
.036417667
.040250922
.037727960
.037765085
.037778794
.039382837
.035670416
.037277585
.036230500
.038776794
.039744587
.038745336
.035434416
.038266669
.037187417
.037551168
.039478253
.039513879
.031472912
.036761834
.038162419
.038623378
.036582542
.038138960
.034164414
.036598084
.042620049
.034098581
.035153040
.039262004
.039089711
.038969961
.037920043
.038780628
.039249379
.037564710
.037401751
.036729917
.039068795
.040624797
.037929335
.039399087
.038402461
.039706920
.038291043
.037386210
.034862915
.037619627
.039503711
.038449335
.046832637
.038484085
.034995790
.038024710
.036069458
.037851543
.037250168
.039482253
.036862250
.034432622
.034981998
.034485956
.037237292
.039698462
.036886084
.040133087
.039092336
.038681669
.038621586
.037951959
.036878000
.036949126
.036208208
.040211337
.037561710
.038175335
.038259501
.039518170
.038939294
.038151043
.038726794
.037036000
.034828373
.037833960
.038940003
.038354001
.034043705
.037090209
.037171542
.036277041
.038999419
.037065750
.038224751
.037682501
.038437376
.037299501
.038879502
.036127666
.036241166
.037657667
.035742832
.038533126
.036274666
.046208427
.037048751
.036893625
.039094377
.038063543
.039235711
.036242999
.036638666
.041324047
.039066794
.049003597
.039996754
.036099124
.039231586
.036912958
.039264920
.037873876
.040882921
.037525334
.037161041
.037284584
.036299791
.040592629
.039897670
.040706587
.037548000
.047511095
.037266084
.036855875
.036734124
.039534836
.037978084
.035791373
.040494087
.039304919
.038709794
.041046088
.037966418
.041026171
.038041750
.038955419
.036970500
.042634256
.033376120
.040160253
.036650874
.039083419
.036276499
.037713584
.036129790
.039722336
.035391081
.039005085
.035211456
.037346125
.051100098
.037946209
.039634128
.037353208
.040131711
.038551127
.037528000
.037045541
.037379958
.038127834
.034990747
.037551125
.039530711
.037813875
.037076541
.037835376
.037728542
.039521336
.037815084
.041280629
.034148079
.037961500
.036244415
.037422916
.048018761
.039390794
.036249332
.038647501
.034935872
.037795750
.038163125
.039333876
.037360708
.038360543
.036216416
.036561374
.036193665
.038147751
.037700000
.040561420
.038803501
.037386208
.035288872
.037708083
.035724290
.040955545
.034015246
.036880332
.036641624
.038842126
.040594378
.036935166
.036057790
.040559753
.038356584
.041783755
.040503461
.040334336
.050122139
.041143754
.038415709
.037441624
.040054794
.036862832
.037032290
.042740005
.042369422
.040270003
.042164796
.038029333
.038838792
.037010499
.039758377
.038234375
.042041546
.037427249
.039862211
.036633499
.039127793
.038008917
.037904541
.037658208
.036096415
.041152378
.037556416
.037297791
.040313211
.037507999
.037977084
.035348289
.036737374
.037591167
.038933834
.039889251
.040815461
.038033583
.038150250
.034630372
.037506458
.037006457
.037790749
.036983874
.035591581
.034254870
.037916541
.035241955
.037013374
.036691248
.037920999
.036518790
.035327497
.035052413
.038655792
.034821704
.036924498
.036639999
.037604500
.037518332
.035972497
.036944707
.042275171
.039910960
.036938040
.039726002
.037069624
.038476167
.035436080
.036007206
.039136250
.038018208
.038865917
.036267706
.037106999
.040009543
.036777124
.036606623
.039565043
.037996291
.047664593
.037359707
.034920913
.033588452
.037078290
.038408708
.039071209
.033033536
.042264546
.037681249
.037608040
.038614541
.040220044
.038812292
.035352038
.036419540
.039425584
.036634706
.038415750
.037593582
.038333666
.038297082
.038816542
.036745456
.037002415
.035188621
.036851540
.035908622
.038920542
.035927330
.044105965
.036306998
.038883208
.038176541
.039581501
.037206706
.054816600
.038322292
.037052790
.037417416
.049365469
.040690460
.036594914
.037677207
.046442133
.038301124
.036498331
.042081920
.040861711
.039044042
.036163372
.039463334
.037360206
.040803794
.037759457
.037977666
.036369997
.036629581
.038565292
.039381042
.038581333
.040578043
.035691371
.041193377
.037855540
.038326916
.038388749
.039663543
.038440333
.039931043
.039513083
.038589875
.042472129
.040033834
.038934209
.040944752
.037368832
.038945917
.037363081
.039263250
.035010787
.040318001
.038750583
.036709081
.036596622
.038143749
.036369205
.037683457
.036615373
.040687793
.036202039
.039413667
.034592537
.035770746
.034606037
.038427790
.039404416
.036777705
.039055625
.036406581
.035989247
.036833456
.037715082
.041911586
.040052542
.039336917
.037451915
.040351668
.037720164
.035787663
.034002786
.032624242
.037239122
.037938290
.035246329
.041389336
.036223413
.035459413
.037158456
.035879413
.039033958
.037100789
.035610579
.036812330
.036290038
.037182373
.036057538
.036662122
.037202622
.036570413
.039607125
.036329872
.038381374
.035333329
.036646247
.035669162
.038937666
.035843454
.037157998
.036636038
.035858162
.035043204
.037452414
.035895746
.038702791
.036577914
.036185121
.037530914
.036202246
.036065788
.045401631
.036422663
.037924248
.033991869
.036206121
.036056455
.035580121
.036457747
.036112413
.035345954
.035712121
.037468581
.037348623
.038477707
.036411454
.036661621
.037337997
.037064497
.036455830
.035814913
.036571205
.035139995
.037687040
.037374289
.037381414
.039150707
.037195372
.038641998
.036933497
.037476831
.038617873
.037476206
.037303206
.036601955
.035215995
.036774621
.035821496
.036887163
.037665206
.035768579
.035716371
.035894162
.035684495
.037280706
.037330498
.035815246
.035414453
.036892288
.038468540
.037618539
.036990205
.036732872
.037624372
