.043979752
.015151868
.017330915
.017011361
.022269159
.021582589
.018040360
.021548295
.020720095
.021245824
.022810638
.017523090
.014800145
.022341827
.025695589
.024670505
.029142770
4.042011363
.021311075
.035839771
.032945706
.042189543
.030865430
.018072778
.017087487
.018666095
.019671516
.024274471
.021647515
.015961953
.019057735
.019463213
.015998795
.022380576
.020892533
.021955635
.019628380
.020709778
.021992353
.018408739
.017894483
.022935174
.020969635
.018855851
.022528655
.020403492
.020649555
.021427376
.022735999
.018947416
.028328497
.019519268
.014574810
.015138995
.016945952
.019854728
.015935696
.016095945
.017072776
.016542183
.020396658
.015939322
.028020169
.016313125
.026285105
4.019245278
.024866496
.017611995
.023859949
.022093087
.022044199
.020380237
.020416454
8.041496641
.040169699
.022183628
4.028211499
.027399649
.021807033
.021312325
.020329577
4.034960957
.018811070
.021174541
.024729144
.017447727
.025706515
.019739221
.026979002
.029950876
.017591138
.023050804
.024809122
4.032254819
.019830952
.023318164
4.044018990
.026006965
.022502750
.019371462
.022844210
.019687166
.021220927
.021008123
11.220930791
.018546461
.016776975
.025631079
.014946722
.015128351
.018110435
.017371208
.014686615
.017765349
4.024274219
.019522694
.017933680
.018178532
.014554979
.016608797
.016695109
.014951847
.016464637
.019378979
4.035527362
.026000811
.031980562
4.039222971
.022405648
.017072980
.019408273
.018497836
.022333755
.020260487
.019082901
4.016905157
.023622999
.018163591
.016964582
4.028548191
.020238570
.017561316
.017894941
.015860390
4.019941202
.022455250
4.032386976
4.027343055
.017583739
.018827092
.018124208
.015416445
.018570319
.017783497
.019450915
.017932534
.016810503
.019938161
4.030082453
.018760158
.015380895
.018604410
.016265908
.016978837
.015393315
.014731774
.014854846
.015357931
.018256324
.016110202
.014199891
.022193727
.019459875
.015174676
.017069234
.014191347
.015405484
.017887439
.018412488
.013156671
.016122539
.014924405
.016416446
.032986129
.024283316
.016410211
.021656392
.021667598
.027848087
.017329605
.022877044
.026399492
.020800358
.017742042
.023647142
4.036414990
.028165299
.023005804
.018324147
4.040995131
.024189506
.020764991
.021529770
.023508383
.027262381
4.035110716
4.040710946
4.035782291
.017532449
.021305618
.015545750
.021091349
.024680457
.037057266
.023576079
.020561826
.020553119
.017012008
.018568878
.019488237
.022557734
.022472286
.022703718
.020970034
.022027542
.021592466
.024415739
.017356848
4.027545520
.020064893
.020972503
.022572870
.016458454
.019050463
.020730157
.021902904
.022172167
.013329172
.020996919
.019289189
.027921914
.024826213
.014558664
.016745510
.022401102
.020244879
.018854739
.017996581
.020921141
.021409379
4.047733768
.029693032
.022730870
.020010581
.019268412
.019995461
4.030136400
.017335198
.022970112
.020270800
.022114660
.018345940
.023230238
.020195136
.023413820
.026796752
.024757434
.015793503
.018773647
.021493878
4.033876332
.016165509
.015419931
.036675362
.022189257
.018776824
.029838676
.022437975
.025357497
.020570154
.026394241
.023356678
.024061715
.027235988
.019143416
.021767399
.025937163
.025044711
.014702112
4.043473397
.025829053
.021161164
.020449918
.017447436
.018033433
.020606792
.021728036
.020827459
4.045118324
.025564983
.026290063
.017341821
.017853609
.025141694
4.044164176
.020232190
.019851858
.015928295
.021585266
4.039553856
.025602256
.024656722
.024872096
.021134238
.018795874
.020030743
.018505291
.016901966
.021293073
.017897004
.025216972
.021274365
.020284994
.018696959
.017645464
.017324008
.023478357
.019926289
.021735031
.020391328
.024123770
.020321704
.024519313
.022742154
.015353477
.014672021
.019089211
.019972583
.021542285
4.036706170
4.067766971
.015706531
.015179116
.013897079
.016926152
.015005200
.017305067
4.035819325
.026971382
.021553313
.025550802
.022135020
4.033230168
.022910444
.020494326
.026652604
.017809166
.023724985
.022547072
.019361746
.019137497
.017349752
.019987954
.021143077
.018414292
.024850735
.019970746
.021731867
.017769003
.016659797
.018144044
.021469036
.015666466
.034417009
.017104880
.020372874
.026430570
.017501380
.020931873
.023111785
.023911451
.017882922
4.048800015
.023243421
.020829300
.024588169
.023461129
.019925302
.022983297
.018142181
.017117433
.018785055
.020853510
.021108884
.023199631
.021279051
.021420592
.021222637
.020527763
.022178843
.021329428
.020077263
.022186177
.019869472
.024311177
4.041862172
.026855433
.020131023
.017854024
.022131271
.023874978
.019698025
.019413775
.019491859
.016610736
4.045320338
.022411614
4.039053214
.023626707
.028034624
.020714166
.017250999
.024517000
.020701166
.015829918
.016897376
.023895502
.020810043
.024552501
.024409460
4.040604033
.015308675
.025108638
.016075550
.026392221
.023812137
.024226096
.020266510
.025157264
.025030807
.021427054
.018705345
.020942680
.026607766
.030151727
.014497800
.019193388
.019910430
.018170596
.016657928
.018295055
.017313262
.020864139
.023112602
.018973515
.021803809
.016350596
.019629015
.020304058
.022753643
.024961105
.022869478
.019153183
.020111642
.024428689
.017532599
.021463019
.019893311
.021494688
.019078435
.018851226
.017924684
.024991566
.019558227
.020353230
.024000566
4.038374359
.028378665
.026982122
.019537819
4.039121163
.014619361
.016455280
.018226242
.017483116
.019107619
.020174829
.020311579
.024082253
.026320260
.018628078
.023060503
.022488793
.026760427
.015262404
.015970156
.017534619
.020448458
4.029113461
.026401813
