4.090717515
.044537341
.040961981
.040959189
.037496072
.040925233
4.055789810
.044820276
.039249694
.036306794
.037723263
.040963549
.039451951
4.056626915
.047783726
.037590566
.037678777
.041573502
.036629573
11.287165097
11.267654943
.053781612
.037858335
.036049815
.040911473
.038285512
4.057932699
.048844209
.041227504
.037305169
.039079054
.041437130
.036504346
.038158442
.040821777
.038262736
.037313784
.038778540
.041945391
.035806944
.039339933
.038383736
4.084811683
.046569719
.042750390
.038119953
.038476672
.040113224
.037630271
.038239202
4.060296397
.050206135
11.260822490
.050894254
.040333104
.035518379
.041452679
.041312258
.039531122
.036959047
.043621695
.040115051
.038248087
.039560495
.039630532
.037348818
.064889836
.042329399
.039894198
.039803496
.036247916
.041414631
.037661690
4.080005239
4.067750616
.049417506
.040195008
.040668806
.040486903
.036164920
.039755868
.038071031
.035840901
.036872743
4.069919066
.045942559
.037595835
.037375727
.038850619
.039855504
.039248673
.037677371
.038478975
.039799170
.040283843
4.071629714
.051377174
.037527694
.037027351
.039759441
4.052399656
.053332457
.042504552
.040378794
4.063313746
.048082777
4.066351669
.052005418
.041017870
.039719552
.038427812
.037610790
.042043289
.042518629
.038923732
4.048375881
.049872796
.041983561
.038027737
8.063655934
.047976689
.046419517
.038475748
.038858386
.039359680
4.050740200
4.054556283
.050311033
.041814842
.035349489
4.063818083
.048110334
.039259309
.034262200
.040347499
.035765729
.040439454
.035513891
.038418744
.034048275
.039543102
.037628098
4.062770271
.051099532
.040330306
.039878422
.038024966
.065980395
4.057069584
.052231174
.042548104
.038759653
.039688380
.041814670
.039552665
.036650148
.039855713
.039096614
.040142427
.042008505
4.069785932
.044324404
4.058838293
.045623994
.042431267
.037865222
.039876130
.039286452
.038325893
.037458043
4.084250585
.041558938
11.256490916
.048373131
.039238805
4.067867575
.047380178
.034831712
4.066478718
.045121618
4.058301664
.044595008
4.080549411
4.066373429
.046491541
.040472116
.037987287
.039545769
.040921456
4.058750871
.046961110
.039778712
.036290744
.038791280
.038964825
.040222215
.038274811
.040612596
.039892710
.037946890
.033251195
.038332062
.037155250
.039258280
.039647285
.040298879
.039632868
.036234986
.037174122
.038571350
.037149496
.037905757
.040082330
.036175065
.038466349
.038350009
.041791476
4.053601992
.044759918
.041795294
.041470331
.036863721
4.048701227
.049449920
.039393825
4.057330635
.044637256
.039718437
.038008331
.040036858
.036760732
.035291921
.038979594
.041074121
.037169859
.039685850
.038654627
.040008396
.036806604
.043165562
.038922380
.038926586
.035177830
.040140685
8.091425836
.069692659
.043665848
.038197699
.042466041
4.063589342
.051280168
4.068807035
.056059532
.038703967
.037502537
.041587456
.041103243
.036804113
.039655477
.041588119
.040945821
4.069526339
4.069392504
.048951834
.040697331
4.046526431
.035968852
11.266340681
.049511356
.040959695
.036996658
4.039193992
.050111341
.042178191
.038942871
4.079533127
.047519591
.039191900
.040085782
.043455933
8.101444346
.049681366
.043256568
.037083147
.035906180
.035450927
.040428297
.037992404
.035964720
.038626990
.040522128
8.120317930
.048740291
.041984276
.037899543
.043226354
.037469462
.036482133
8.076422004
4.066480959
.049377874
.035462195
.059826100
.038863836
.039747373
4.074837379
.050700842
.044445086
.042422764
.037493500
.042460806
4.063352348
.053440897
.039748102
4.058932482
.042073287
.048083209
.039672177
.036423903
4.066691698
4.060048516
.046810570
.041493521
.037082758
.040312027
.040389193
.038607080
.037392505
.042199056
.038069709
4.068494656
4.067670501
.052981420
.039263266
.037041906
4.052268644
.049653680
.041431823
.036559484
4.059171934
.045155704
.040874527
4.047141534
.051718934
.043118958
.038588410
.038637742
.037295794
.040428436
.038660740
.039168945
.039871190
.041504344
.036211760
4.073954394
.049856558
.041663749
.037771447
4.065586445
.049370427
.041662532
.035090418
.039459340
8.086144255
.050821185
.040717897
.039562699
4.070296807
.048332570
.036054888
.040480181
.041232258
.035255562
.036628465
4.089452797
.046577566
.038802889
4.065617168
8.093577263
.048011274
4.060148057
.046091201
.038062324
.039718141
.040386634
.066344566
.041868609
.037192158
.042851308
.037241866
.041278782
.037072741
.041386446
.036982159
.040790244
.034816514
.040156084
4.072461452
.047808078
.036990734
4.074307588
.047416073
.038896956
.042464752
.039383450
.037299097
.038117171
.039148036
.039596780
.037254973
.040295896
.044025981
.038696664
.040074107
.039076493
.038878578
.036167982
.040052481
4.064712564
.041136753
.042076243
.038645948
.039249108
.038161451
.038483406
.036899632
.038149326
.039152649
.038124826
4.083767726
.049947227
.039468011
.036141007
.038989350
.039392179
4.067841837
.049728510
.038260559
.036121667
.038682679
.040312036
.035970377
.042224553
.038843050
.039798831
.037898562
4.061189850
.047729481
.040716729
.037764263
.037889720
.038210383
.039403953
.038498588
.039643408
.040380773
.039723863
4.054505252
.048013258
.040606847
.038372124
.040619511
.036551602
.038382789
.039451109
.042409782
.039614148
4.059495680
.045717775
.036337014
4.042989349
4.063141460
4.072143208
.045668709
4.066172573
.042213539
.042298787
.040978346
.038937538
4.066608051
4.066447347
.046319136
.041710280
.037625126
.042220357
.037174173
.038814442
.037895038
.034495333
.038694319
4.061770202
4.075051244
.047780015
.043940650
.037348074
.038687014
.036434961
.046362117
4.049611209
.048703363
