.472410114
.477487853
.468887426
.495677737
4.472348012
.462514078
.467747769
.485246645
.477603989
.468344553
.478183394
.466674094
.472190738
.486437845
.483853301
.483568706
.469247553
.490860794
.491088544
.480894003
.494537183
.460553134
4.497496928
.489187306
.456195634
.439322465
.472430366
4.473584421
.472855629
.483578533
.467304677
.508651745
.511148398
.474872146
.490731873
.482181336
.470366894
4.483008886
.474712379
.489057061
4.509095962
.486016056
.497089040
.468774050
.487544143
.462949567
.477195822
.469641439
4.522555421
.486236955
.480417765
.488831078
.504482018
.501815011
.463062114
4.512183102
.464158853
.488519765
.476419648
.476026248
.467176422
.494511574
.465846982
.455016197
4.458393644
.482084035
.509450221
.461077373
.511911803
4.491951811
.485892568
.488937444
.489921595
.478710152
.477536106
.481848540
.500103924
.464821999
.457776432
.474719463
.468901823
.491677372
.515134371
.477354128
.462989922
.506129755
.479801469
.503998928
.477528098
.513797199
.497106913
.496451888
.479670600
.495655474
.490401873
.492618528
.479242518
.503148987
.505242085
4.500909924
