.040420156
.015457898
.018390875
.020106327
4.019654372
.025101017
.025381773
.019392858
.022576132
4.030111883
.017208025
.019958500
.025296236
4.041888148
.019321032
.023434160
.024564894
.026726940
4.045584345
.018815234
.021845257
.026131848
4.035629977
.021919764
.028355403
.018899783
.023965433
.018680195
4.042271666
4.035842046
.019624432
4.027127483
.026111247
.016844707
.020450079
.017430845
4.042082056
.027422949
.024986518
.022161372
.020905011
.021162266
.020850760
.021583985
.022447837
.023799743
.020811301
.021835241
.020593547
.020468418
.018870300
4.036373696
.019446497
4.035110088
.024903747
.021716742
.020896430
.018097272
.023383406
.022548846
.021602168
.020277770
.020026582
.018046984
.021215615
.021477596
.019442003
.027929307
.022698877
.019552161
.017336957
.021634709
.023385742
4.034460531
.027835571
.025326555
.021428355
.021138002
.024096316
.021604092
.022694342
.021420481
.018795141
.020508010
.021448563
.018580324
.021441188
.023533987
.021140170
.021082799
.017128353
.022624015
.019589372
.024658568
.021440440
.025221067
4.035540150
.028072354
.022905207
.040751907
.020648506
.021764579
.026042715
.021359355
.024484428
.025925163
.024699828
.018440061
.021165283
.020650506
.019135415
4.028211678
4.027363816
.018573571
.017259426
.018390579
.016059542
.016135188
.016262487
.019063190
.016159848
.016650758
.018322890
.017326992
.018198715
.016811173
.016254948
.016719406
.015891129
.018751899
.016155267
.017877844
.017208150
.015840852
.014167220
.017239641
.016195756
4.044890033
4.029842783
.029043257
.020288824
.016301357
.024236135
.021147926
.021570605
.024204311
.023053455
.019246897
.025635010
.017168832
.016966261
.018520136
.023069077
.024291164
.026903835
.016791684
.017864895
4.034385147
4.030099866
.028866023
.023687000
.022120630
.021321637
.023000935
.023638804
4.032240113
.024780501
.021645177
.020945325
.019272857
.017479382
.018713675
.020688394
.017913432
.022111886
.019664711
.021800470
4.041099927
4.051661052
.024215244
.023140616
.021248457
.023934528
.023327274
.025829310
.023250253
.021545337
.022272600
.018105136
4.034426603
.025889631
.023575128
.022629507
.021456780
.021694633
.019105120
.024105278
.019659221
.017193216
.018835860
11.242265101
.024957093
.025363314
.026172301
.024603866
.019430470
.026779511
.021371254
.019232275
.024832435
.020496688
.018915629
.025553053
.019305436
.019090077
.025290571
.020023638
.020736506
.023482069
4.037259886
.022222033
.023975830
.023949790
4.052435880
.025424860
.021167440
.023365876
.017305161
.017010556
.019021962
.020930374
4.039706787
.026014449
.022573515
.024761409
.018956802
.021144403
.024074372
.018959051
.025940288
.020975832
.018763898
.026015367
.023389586
.019781122
.024034459
.025701263
.021123322
.023577616
.023772394
.019196829
.020254423
.022363865
4.069295837
.027205999
.020402707
.054961711
.015221432
.018256228
.022443737
.025364666
4.035852509
.023115320
4.035089031
.021255072
.026329481
.021629630
.021438602
.024076092
.021063877
4.038756952
.020281765
.022816554
.020494001
.026316610
4.027242649
.028973270
.018903819
.016499646
.017534161
.020930766
.019376870
.024812257
.020041118
4.047660718
4.049964884
.025488842
4.040113365
4.037968735
.025965067
.025869531
4.033634856
.023382407
.016265587
.017755863
.020650506
.020264448
.020025048
.023170589
.024581120
.024802148
.020398355
.019807229
.020304946
4.027880539
.019951971
.014756606
.024561500
.020507018
.015784747
.016866509
4.032466946
.025075677
.019737612
.014913057
.021558368
4.055524557
.024547131
.019380128
.022596965
.028441180
.023663582
.020547677
.020800241
.021734098
.018405364
.023574401
.020464323
.021001567
4.045951324
4.025147330
.031042578
.023287328
4.041113028
.027332946
.021660517
.022540965
.021451193
.021062539
.021689550
.022469066
.026037391
.019876583
.021217542
4.051582287
.020990551
.023618443
.020831126
.019496429
.021053471
.022062484
4.041408278
.024566994
.018707136
.018978943
.022776106
.027407273
.029141283
.028486456
.023999089
.018668259
.021116224
.021065014
4.036433468
.021426991
.025027853
.019088157
.022087944
.023237257
.021116600
.018804350
.022160240
.022110654
.022336083
.038694514
4.033502795
.025961182
.023700161
.026887640
.019887670
.024385254
.017045051
.016151550
.017572235
.016347041
.020664092
.020708299
.021191484
.019737884
.025338960
.031656962
.021343186
.023029692
.024750654
4.033721410
.020866916
.024978103
.020343523
.018453110
.019487063
.020591012
.019965416
.019505271
.021527677
.019382234
.019276906
4.038317949
.030112574
.023248057
.021356144
.023526127
.020902206
.019000043
.019847672
.019835964
.017725977
.025985223
.020595095
.017000719
.026746188
.018894423
.017940468
.023354760
.023065648
.018900548
.018671309
.022140566
.018873258
.023123271
.020229487
.020548847
.027357326
.022002989
.023852446
.022406221
.020686924
.022669792
.017801973
.017576484
.019851588
.019524977
.020180656
.018378739
.022569838
.018074628
.021388475
.025805190
.019984374
.022822118
.023746576
.023161020
.021084448
.022891907
.024659325
.021422141
4.032067070
4.028496193
4.033520836
.031758249
4.034118975
.022932863
.024269802
.019759758
.022721789
.015044601
.020867041
.027009551
.025976681
.017273415
.014533791
.020052245
.016899724
.021319229
.022151607
.024234553
.019389192
.019477230
.015247342
.013260266
.015705987
.015011311
.018735389
.018823011
.022112901
.025111013
4.028737348
.023343594
.021139195
.024397420
.021179610
.024107101
.021926492
.019076582
.022901447
.024637910
.021369018
.022592170
.022514549
.021413516
.018778429
