.039074568
.015789066
.017175733
.022391434
.019435760
.022325973
.021525865
.014695490
.026211925
4.045112773
.025466070
4.039837986
.021424405
.027478048
.022632899
.018233223
4.035512396
.028597832
.023691390
.023503426
.020933473
.022459603
.019347382
.023247085
.020778010
4.046660194
.024210781
.025691409
.024510457
.019288548
.023517843
4.040524090
.025122601
.022215845
.024172447
.025438902
.023366006
.021552784
4.026095400
.019277547
.017430615
.029654198
.023217417
.021441364
.018295767
.020296744
.018924161
.017030604
.017132065
4.043561183
4.051293503
.026510726
.023641555
.025199894
.020845011
.023451175
.027222665
.016793971
.022534897
.021736205
.018966537
.022370808
.025214770
.018417604
.021194064
.023211793
.022439269
.024559584
4.028247882
4.037518832
.027867642
.023093164
.023990650
.022813446
.024171863
.018619819
.021218648
.017036312
.019812730
.020118073
.020525085
.022666026
.022906825
.020748592
.028294864
.023530593
.019059624
.022683318
.017802585
.018821825
.021268233
.022431269
.018626152
.019110875
.023748100
.020256244
.022483603
.020242618
.018069385
.023630846
.024006275
4.047102333
.024240573
.018369103
.023451799
.023697557
.024612460
.024283575
.023536510
.018778490
.023261794
.027679804
.020346872
.022281305
.023489051
.023329212
4.034437030
.027533841
.025348608
.022372516
.024550375
.020404915
.020813844
.020718591
.025525571
.018113470
.030996155
.020610046
.020405165
.019717977
.022416435
.026599187
.019587598
.020064363
.023508551
.017850962
.019621641
.022508729
.018473522
.022449769
.020934931
.019884357
.020992349
.022846740
.022001381
.021572117
4.023124267
.021538908
.020763718
.023381672
.020446125
.023985483
.019510096
.020296953
.019978485
4.034290817
.022991953
.023967399
.022170344
.020704841
.019483386
.018460272
.019331673
.023386964
.017373030
.023438966
.023251210
.018453688
.025789871
.023925606
.025713702
.022209970
.022286889
.019059832
.024227823
.018738405
.019236587
8.065429461
.024563892
.020406741
.020695314
.014817775
.020257184
.020235431
.018843451
.021417306
.022009994
.020487205
.024190347
.021643619
.019954107
.021380341
.024294149
.021599740
.015596437
.015525471
.022439575
.020002860
.022506999
.019477721
.021806633
.023539271
.020258842
.022469325
.021989025
.017775622
.019685157
.023243115
.016301340
.020491489
.022618504
.021353996
.023102138
.028566713
.018775891
.019025167
.021444753
.020709218
.021389289
.018946949
.018577118
.021379496
.020857941
.017218223
.020226164
.023945887
4.053967119
.025709100
.037194404
.018014285
.024112083
.018876583
.021747755
.022280144
4.032965343
.022441399
.018008399
.022358971
4.037686764
.025449109
4.038033540
.028173748
.025210280
.024526748
.023699664
.022262184
.021859476
.019795141
.022650390
.017392646
.018182143
.028697940
4.033014267
.023083399
.026882168
.016818422
.019073926
4.035493988
.022661646
.024719901
.023992289
.023575963
.022717978
.020873093
4.038790265
.023278041
.019726896
.020490425
.019329612
.031425437
.021164704
.021094161
.021334324
.019125697
4.034581752
.021521813
.025825775
.023448819
.020842698
.027971899
.020442580
.020757325
4.031189800
.028450547
.016578396
.016927638
4.033407432
.028662780
.020358857
.020200944
.022145573
.021274339
.021138882
4.029749666
.027254296
.021847902
.023679032
.021563741
.020196601
.018100433
.022783299
.018077309
.020954084
.023885485
.020117810
.017081745
.026063356
.019265200
.019812105
.016220177
.024430096
.019441613
.023091582
.019305489
.018580629
.023818441
.020939372
.021525569
.022460717
.019107243
.020440633
.024535007
.019779686
.019146866
4.043535818
.023746889
.020253586
.020205546
.017000151
.019162482
.020418206
.022471830
.018752240
.019830635
.023864802
4.036948349
.023843750
.022415072
.020804647
.019039268
.019888667
.020910187
.012507154
.016264491
.015089933
4.035099279
4.042621725
.024458052
.023210996
.023994643
4.032384302
.022461878
.022441712
.023563562
.018208264
.022146551
.022171215
.022229506
.019679105
4.049962258
.026087662
.020752491
.017356025
.022664570
.018172922
4.033735169
.030955831
4.026526286
.027895475
.022234524
.020131946
.018959932
.019616125
.017568840
.018237657
.019253509
.019793037
.024165975
.022203146
.022589887
.023254663
.021481663
.025075078
.017333510
.018468316
.020216357
.022355265
.017763081
.016414822
.031962373
.016434821
.017586211
4.046832910
11.246269739
.024280231
.021596047
.018274672
.020590071
.025170290
.021601462
.022887555
.029149275
.028083509
.022126117
.020858313
.022903470
.021596753
.017848888
4.024610540
.022808174
.020826848
4.045621872
.023282903
.026830729
.023134157
.022186014
.023260486
.018555565
.018810099
.023241319
.024695240
.021327451
.019611328
.021306368
.020725467
.021732023
.024805318
.015761510
.020552595
.023199818
.019690117
.017538839
.021013623
4.035202852
.023639786
.021896116
.021073764
.018030414
4.030292605
.030191800
.022195213
.016934243
.024242489
.027756497
.018409935
.022247509
.024956122
.022786171
.020919451
.022837633
.020151687
.018010238
.016875780
.034325922
.023275740
.017356559
.018510101
.018217788
.018299461
.019913995
.024451909
4.042519983
4.039239058
4.034496868
.024367255
4.038194295
.026058411
.018003915
.021235938
.018370900
.020843411
4.028162928
.026956508
.025557242
.021647336
.020355369
.021890728
.022751123
.019030148
.022235169
.020164063
.019185492
.020330823
4.040491809
.023650511
.019327079
.024133421
.025045068
.025657110
.022957503
.026781732
4.036286339
.024308425
.020103378
.021274294
.019692765
.017488984
.018073942
.021592190
.033031446
