.072228477
.052123409
4.060112626
.059354572
.044158233
.051358651
4.082075656
.047908035
.045745277
.045841882
.043277000
.045499537
.046316992
.048534405
4.063658740
.064141702
.045067585
8.087859895
4.093878872
.047045757
.046861170
8.100261650
.056910164
4.064057699
.057977275
.042463752
.052996020
.051744238
.047789019
.051919993
.046082124
4.065751014
.053946822
.049745403
.042753692
.045116867
4.089684468
.052321337
.053428692
.047777548
.044612118
8.092546210
.050658903
.048809953
4.095998587
.057709059
.046925673
.051078602
11.296013080
.056803038
.045484055
.050090807
4.087403884
8.097107275
4.086816212
.064018248
.045061726
15.332736025
.058808075
4.068095365
.055037596
4.078184133
.063978617
.038410024
.044210488
.043560705
.052243911
.045234318
.048946134
.049311850
.046210780
.050967338
.043863931
.050820951
4.083957037
.051215903
.048846060
.043259465
.049971785
4.084276031
4.066867790
.053653770
.046552782
.046080962
4.073765209
.052966912
.050760078
.046231431
.042318824
8.077579004
.054128797
.045954989
.043918035
.067472201
.048755117
.054960041
4.080306512
4.095868582
.056623405
.049916210
.047384900
.047696920
.049204316
.050276052
4.091907528
.046500292
.048165489
.045823766
4.077842438
.061523433
4.063076892
.057584285
.053889862
4.067975997
4.098839702
4.091197369
.048145174
4.078362921
8.105231493
4.079534155
.077431415
.051657061
.059890460
.052092888
4.077841958
4.085037587
.059557776
.046391594
.043925265
.048309659
.049162485
.049015224
.048355650
8.101008588
4.108728252
.053642995
4.091562048
4.087474581
.061452828
4.093346722
.046005086
.043358123
.048394768
.046248578
.045954888
.049967657
.053078777
.042051679
.044693602
.043473141
.043729131
.046680866
.046605006
.044718097
4.087212299
8.109579791
.054337563
4.061948614
4.090952407
.057853273
.043866909
4.079088006
.054767732
4.079971477
4.088561154
.048275594
.050654677
.046725134
.046431796
.045501395
.046781442
.047121210
.045252738
.044739960
4.075890430
.062690253
4.107350363
.049947091
.049114260
.042196122
.044417824
.051645888
.045430916
.044376019
.043944641
4.070080204
.057061371
4.080943432
.059100895
.044479300
8.089358605
.056814631
.041630370
.043936514
4.095608081
.067516604
.049238797
.044801687
.043569113
.047712052
.045388528
.044921932
4.073380853
.059017363
4.075001821
.061837136
.045118594
.053850027
4.081247220
4.069593837
.059084785
.043135902
4.077046645
.056212340
.047803814
.047419985
.047346103
.044546414
.053130540
.046840637
.042063798
4.086815886
4.067368621
4.087352272
.045302695
4.074987361
.067280666
.049211492
.048736113
.039856000
.047606503
.049420012
4.083340466
.050719765
4.086159364
.043783923
.046461183
4.081277307
4.093289433
.056409276
8.083891757
.061786965
.042860916
4.074739755
.058754170
.043877766
.042725028
.043687081
.048355909
.043181489
4.081795982
4.087955080
4.086571071
.050515827
.046416013
.040245121
.046211576
.041244009
.054302154
.046969108
4.073304323
.053344061
.044326017
.047245968
.045639937
.044590043
.044556832
4.064599810
4.084180171
.047877071
.059198130
.048771658
4.073039964
8.105572073
.054741738
.046902434
.045647105
.041750267
.047406900
4.074309504
.060957551
4.089302878
8.104878998
.058849212
.047267785
.054101392
.044665167
.046913036
.045449707
4.080252178
.041367552
.046926495
.048603824
4.090981440
.047730243
.050963150
.047973533
.044529085
8.100317524
.055133180
.051677690
4.072233992
4.074663611
.055519096
.053485643
.051241858
.051448690
4.083238795
.060979206
.043579129
.047693076
.040243513
.041559551
.072969006
.050357318
4.068210003
4.077464811
.067559854
4.075298900
.053743851
.047923784
4.068919459
4.080368636
.054471057
4.104636694
8.118689389
.053581143
.050340694
.047711951
.046007372
.047213952
.045724748
.044991500
.050637401
.043785837
.046446371
4.089973901
.047935700
4.074582485
.061794245
.045658874
.044541251
.045347499
.047464994
4.088168823
.046792454
4.086217537
.054851806
.048712031
.055080222
4.073926280
.068188019
.041026344
.046865745
.050558110
.049605529
4.069332792
4.100250748
.057924340
.052058231
.040355888
.054504057
4.049671430
.046409621
.048825948
.043830212
.047231369
.048757698
.055674762
.049450196
.048469157
.055045556
.050506319
.048036075
11.292843832
.052486313
4.090749607
.047907200
.045713665
.045692790
4.073079074
.054071683
.060897789
.051026900
4.072025118
.052732646
.046400788
8.102974807
4.089960901
4.078042810
8.123329751
.056979092
.043918045
4.085676163
.051066692
4.078092143
4.096295217
8.093412626
4.098465086
4.078296725
4.093622974
.056069136
.050066028
4.076352105
.053758434
.052942478
.049786903
8.092784628
.053486435
.051996731
.047879659
.045796831
.044770793
4.069620667
.053116269
11.282630527
.057160383
.047164452
11.273441636
.055186888
.046860870
.047123911
4.086218537
4.098496669
.056396552
.044920250
.044691209
.045387165
.044194211
.048423824
4.091732521
.047927159
4.073553239
.055547638
4.066492883
.060137459
4.062736269
.055251305
.053717309
.048063033
.046584621
.050280194
4.066463716
11.291695127
.058050464
.049951903
.043961295
4.059560361
4.086246036
.056160011
.047693368
.046341580
.047246119
.042101008
.056534760
4.070265498
.064422196
8.129068527
.050721109
.045966164
.042824881
.041555135
4.088838571
.049530488
.054527641
.051193774
.047633243
4.072065493
.057073259
4.095121595
.048914989
4.077415520
8.111998783
8.102515643
.052099313
.065391527
.045573082
.043985795
.044866167
.043818795
.044262127
.043777170
.046011164
.041344261
.048113159
.041515468
4.092822810
11.294579702
4.094716138
.044319919
4.074986568
.051151149
4.093426641
.055938094
.047619034
.041953634
.047855034
.051875772
.043615920
.046207497
