.041033040
4.046233178
.027345203
.023364477
4.036858334
.035965785
4.052583294
4.063295615
.038645465
.025869949
.023719690
.019571630
4.045881894
.027533874
11.256659388
.031400683
.024835987
.020151007
.019609880
.019778672
4.038715032
.029982260
.026908704
.020541468
.029663217
15.278463985
11.249437481
4.057355789
.028670390
4.037736779
.032716821
4.056696432
.026817759
.022799870
.025546880
.026402549
.024211875
.019492859
11.241211685
.042240604
4.053999299
.038780134
.028351473
11.241161132
.031394304
4.053841466
.029166718
4.054649678
.032430467
4.047605317
4.048986537
.031754063
.022467479
.031302901
.026018895
.021474738
4.043367616
.062998502
.028641925
.021845443
.026546598
.021588829
.021804215
.021744006
.024815835
.020347633
4.054773800
.031462262
.023166973
4.049089155
4.057265290
4.052642594
.028043619
4.057703637
.033958211
4.064254356
4.057562160
.032885389
4.053225431
.033597473
.022145759
4.048462669
.029714805
.022563010
4.045709968
.032171806
4.049630013
.035155682
.027145304
.021445884
.019913550
4.050256890
.036057932
11.247344640
.032408431
4.036928050
.029017346
.028469055
.022713552
.020268468
.020411242
.047402099
.023028401
.026583892
.023244650
4.051421650
4.037714603
.030474065
.024264320
.025729069
.027032401
.025813819
.025986611
.024600736
.021403488
.022805488
.021628281
.021820614
.024295654
.022632405
.022198322
.020101906
8.052418735
4.058962016
.028807531
.023816824
.030017905
11.249380430
.034445403
.027386864
.028772988
.021157117
4.058009664
4.056258874
.030039863
.024573032
.021038783
.022395158
4.073686142
4.047346598
.032875772
.028064906
.021998584
4.066421285
.030315124
.029875709
.027408171
.021779470
.042430338
4.049185066
.032601793
.027039536
.022511107
4.041608621
4.067144630
.034485596
.028625907
.023141675
.025984916
.020771600
4.050201190
4.054881937
.030321325
4.074770823
4.047493988
.032935170
.027471758
.024810697
.019918315
.020062978
.024107454
.024551187
4.033754612
.034890240
.025578984
.024585833
4.044986210
.034919223
.021663804
4.043141073
.032830775
.023633408
.024472568
.021807634
.028757566
4.058763273
4.047003576
.037924868
.024667242
.024379458
.025735805
4.024150947
.032700478
.050944685
.023786791
4.057867568
4.044463256
.029931387
.022109757
.028745788
4.042859825
.028466997
8.073382973
.037875188
.026120958
4.045760730
.045461735
.026520393
.027547871
.019645977
.025392218
.021999526
.026741996
.025807342
.025626861
.020103513
4.032042715
.033039681
.022440980
.023886582
4.053898755
4.045895122
.045938310
4.042183087
4.062933699
.028905856
4.048219695
4.061079750
4.043667968
4.065114029
.031204032
.029083788
.024334761
.021926685
.048200648
.024835342
4.051142738
4.043210178
4.050607364
.030062160
.024967134
.025023550
.022891265
.019764358
.023280889
.024949301
.027453627
.025653506
4.058817132
.031122532
4.042763013
.031183199
4.053630231
4.050901073
.040308672
.041877583
.028439456
4.044510091
4.052008694
.026137922
4.041211892
.024943759
.021676435
4.061356749
.028975872
.024134553
.020907355
.023416722
.026571921
4.059037298
4.037995778
4.070820013
.030903033
4.047225958
.041129169
.030238243
4.063912700
.028683665
.030295077
.022459267
4.053019024
.038398968
.027438502
4.052805192
4.057898801
.032061446
.020514814
.029332121
.025403508
.022418599
.026504046
.023076015
.029154288
4.071540177
.026611878
8.061245348
4.050107366
.022192226
.022996265
.048817687
.027033127
.022423683
.019967065
.021726268
4.046012337
.035078895
4.043529219
.033085943
.026923420
.024536843
.023739429
.023029764
.026297713
.024431594
.019394233
.025410299
.025463091
11.247777710
4.059505088
.033137651
.027617626
.022645307
4.057891093
.023613471
.020619730
11.257216390
.033342025
.033654525
.023481514
.032061405
4.057465136
.032477112
.025390883
.018222904
4.053357065
.031896572
.022515308
.031806864
.018809444
.019473400
15.278432717
.029678994
.023838804
.022973056
.023052931
4.052546567
4.055396892
.031025574
4.046819043
.030088535
.032231112
.022600183
4.041298184
.030988199
.027649834
8.062981010
.027219293
.023317305
.021423519
.022985640
.022805973
.024577510
.024871134
4.046424169
.022785307
4.043150012
11.266633904
.031588239
.025541257
.022100267
.024108637
.023401889
15.263765011
.031091074
.026164672
.021026271
.023014014
4.035228036
.029070997
4.053398273
4.058749424
4.044211467
.031811656
4.040845477
.035904435
.023549888
.023505763
.023556513
.025271091
.022645765
.028076791
4.058864215
.031343656
4.046198253
.031152282
.040567754
.024092053
.028451624
.022610183
.027357043
4.039449398
.033045401
4.052059152
.032084613
4.051476487
.030213034
4.059678546
.030789783
4.053054441
.030633242
.025027967
4.048880494
4.070095390
4.067502398
.034970270
4.062485830
.028056375
.038003512
.027654709
.022879765
.022928390
.022736474
4.048650454
.029277079
.042726206
.027452002
.026096048
.024293136
.020215023
.023595346
15.261392935
8.078631505
11.259503592
.030272034
.021943060
.022989640
.020580730
.021794519
4.037690070
.031390698
.037548888
.028147541
.026756378
.032469944
.024043095
.021374811
4.048377080
4.062293455
.028205874
.032724986
4.049627951
.028348333
.032327445
.020562272
4.050321282
.039434841
.026280255
.021109604
.020018065
.021380228
4.037800987
.029804619
.020779688
.022885974
.020667980
.024226802
4.053511397
.037322263
.025122383
.020796729
.044510645
4.056234559
.032842318
.023457280
.021796906
.061336312
.025457241
.025122992
4.041901803
.040612485
.026264824
.023524283
.022763867
.022084034
.023326408
.021103325
.020252201
.020688659
.019741159
11.254630407
.027337240
.024307616
.024746699
4.040059572
.037634945
8.079050060
4.049848985
.032773322
4.039755031
.031017073
