4.058352899
.020202347
.017482989
.028437893
.018838700
.020788108
4.030373864
.021199878
.017043562
4.038566826
.026120020
.019352328
.018944941
.024584873
4.037462879
.020691303
.034277055
.019255345
4.038587647
.022252073
.020344572
4.028567736
.022714117
.020912681
.017764398
.020611734
11.230702563
.033849380
.018926986
.020534206
.017199580
.016851640
.017551435
.018145332
.021713000
.019097790
.018910489
.017473782
.015525247
.023262062
.020510252
.031530620
.020422477
.018996976
.018088676
.018347298
.018590088
.024991387
.018943569
4.034084855
.024162949
.018698069
.026998703
.018948734
.020161522
.021875348
.019982720
.021447506
4.016733008
.019585289
.017761025
.018010356
.020449888
.020961091
.028803305
.022311896
4.031924898
.021447172
.022256115
.020294915
.017299355
.021001250
.020806077
.020054832
.019931270
.027272364
.018811966
.021696254
.017718615
.018392081
4.035397125
.021449756
.016378308
.017378300
.019343582
.020168312
.021593355
.019422193
4.039333813
.021036994
.021514494
.017812140
.018852542
.018548428
.014999506
.017028110
11.234273305
.025774287
4.034587387
.021402697
.025916830
.021003475
.019588304
.019726197
.019660125
4.033549041
.020458566
.018742240
.017434467
.018681584
.020463232
4.033987872
.025127628
4.029697755
.019530936
.018284527
.018828641
.016844320
.018447791
.018909085
4.028441909
.021212601
.019584259
.021567206
.020743807
.022754708
.020535511
11.242274554
.036001444
4.034862035
.019641749
.019484110
.024553187
.018016823
.020733851
.023244622
.018396008
.019983690
.020821877
.017342358
.021354160
.019979774
.016102282
.016451055
.020313633
4.031031910
.025328260
.028461006
.019697989
.021669480
.019288353
4.031815149
.021698475
4.035826501
4.031680154
.019043979
8.042420426
.019773205
.020464211
.018966761
.023738061
.019699301
4.028203996
.033191506
4.036182226
.027047819
.021788063
.025528998
4.045377122
.019941841
.023633451
.019742374
.017401530
.020682254
.021892878
.030283217
.016155204
4.030012183
.027014283
4.034491780
.020767156
4.033013119
.030254764
.021493197
.018652230
4.036969266
.022727775
.021111262
4.038787202
.027616221
.020984743
.019727628
.022540015
.023274055
.021330725
.018296708
.027009992
.018056334
.020753408
.021108138
.017023262
4.043390697
4.027788925
.022535837
.022300167
.019651686
.023284630
.020248713
.018974464
.022434145
.025419731
.022007258
.015944016
4.026140883
.019647659
.022615695
.018386248
.016139707
4.026733890
4.028875650
4.037780783
.019332095
4.038785836
.022751758
4.028909133
4.029683355
4.040287443
.025833978
.019881125
.016625726
.018768025
.021976140
4.039727413
.027121298
.019284270
.021812627
.018782856
.017445210
.025482663
.018759193
.025067151
.022427105
4.028761714
.024601023
.020665199
.019355966
4.033010525
.025399261
.021867159
4.035483641
.021621701
.021298298
.019113924
.016755287
4.034353376
.022521029
.024276002
.019429518
.020076957
.023784038
.018040264
.021529286
.018389333
.024174985
.017876499
.019613803
.018997151
.019721281
.023333649
.022774615
.026731595
4.023698715
.022159067
.027968133
.019818658
.017385902
.017651357
.016520298
.019821741
.017835243
.021185178
.019251837
.017678137
.017044244
.017947133
.018908512
.020678255
.017569780
.022917334
.021878212
.017945086
4.039933884
.021378949
.017120548
.019183697
.016700911
.023012172
.020000641
.019302634
.019283387
.018120169
.017915662
.018166619
.018490773
.026780153
.024579902
.019194652
.017396083
.020822458
.018063927
4.027127384
.021238801
.037176921
.027714240
.019703229
.019001181
4.031594877
4.036779100
.021940889
.019324543
.018199651
.019364994
.018355375
.017144956
.017243523
.037896409
4.039600422
.023033676
.027210386
.027143156
.018834292
.024704143
.022138340
.021423812
.015775701
.018644354
.022656302
.024391832
.030308824
.025671962
.022540306
4.026776612
.023759832
11.234504846
4.033783254
.019315950
.020190656
.024997491
4.040159191
.019992761
.020861956
4.032733649
.020621467
.028042013
.024616736
.019746145
4.037645828
.021525126
.017765429
4.032288925
4.036158968
.031621227
.031466395
.021375719
.017967660
.029228703
.029703967
.020594863
.021010500
4.032035460
.021068794
.022233120
.024107676
.024412935
4.032295010
.025585719
.021869942
4.033701677
.022428501
.020963040
.019856007
.017352766
.018257585
.016270942
.022989351
4.028858699
.020716699
.027527486
.018616762
4.023135446
.016753081
.025499842
.023531242
.017870282
.020795535
.031895115
.016686038
.020691283
.022687217
.022315455
.024947909
.022155493
.018986023
.022111991
.021401387
4.028213514
.020270437
.018291461
.018746642
.024252764
.021100920
.018335629
.029947266
11.245880586
.022728135
.021628852
.017973243
.022528087
.024824697
.021128546
4.029962649
.021270341
.023379987
.016040186
.017493270
.019455621
.021009709
.019166903
4.036556971
.023451323
.034731325
.019436703
11.235814620
.025116914
.022155285
.023768915
.029273538
.019112777
.019283282
.016502616
.017196761
4.024417484
.022168035
.020955915
.022396791
.022781428
.018211250
.024098551
.029889806
.028125337
.021855901
.022359665
.020812245
.017528188
.018392756
.018871770
.016290568
.017867073
.019417703
.020264603
.016872336
.020167725
.018411382
.015091782
.016583451
.019092193
.029277246
.019351409
.019876467
.014405178
.018573052
.020692407
.021210090
.018673014
.018659763
.020950123
4.024245812
4.044604502
.022299496
.022105616
4.035191179
.021423929
.021439180
.018382422
.020250061
.017549855
.017739236
.018765892
.023578619
.021827108
.019680210
.019173112
.020734450
.017863990
.019017524
.018352088
.017180137
.018326712
.019549957
.020880413
