.035930101
.015737314
.018060208
.017403065
.017475182
.017084847
.020232034
.014119432
.018918164
.015718065
.017097720
.015805640
.019313084
.017467392
.017344737
.016987064
.019217468
.017396191
.015719107
.018787928
.018783302
.016260428
.019602263
.020679239
.018143950
.017718575
.019394617
.016591812
.015279484
.016007495
.017782111
.016213557
.019839031
.017304575
.015914046
.018624943
.020611621
.018910623
.016360084
.018780428
.019772788
.019085689
.015794558
.016762336
.014623465
.017139965
.017801858
.017123592
.017932512
.014978555
.015805890
.017762320
.018057916
.017385191
.018000255
.017308574
.017007521
.017554300
.017102219
.017239622
.017063640
.017648790
.017389316
.017458892
.016432536
.018579156
.017431811
.017693661
.020200954
.019629969
.015781351
.017597795
.018763555
.020129336
.016990356
.017967884
.017691077
.015406887
.016630641
.017954093
.016692052
.016420495
.016337337
.018331555
.016740797
.016518736
.029370336
.018820924
.018885376
.016954401
.019900525
.018466334
.017648665
.020078883
.018049959
.017339446
.018232940
.018968617
.017201543
.018783760
.017271286
.017737115
.018479958
.016066280
.018535202
.018944870
.018779261
.016922029
.017079096
.019314416
.015817097
.016702050
.017482973
.017685578
.017904098
.018456710
.016174978
.018096162
.017263620
.017839563
.017948010
.016952110
.016881366
.016493155
.016880616
.018474208
.017005688
.019059108
.021243350
.018894875
.017311574
.018553867
.015725606
.018461252
.018157240
.017771070
.018648774
.018225774
.017975674
.018132950
.017371818
.017137174
.017319906
.019882235
.019321957
.018172529
.017704118
.020253365
.016863785
.018221066
.017999755
.021913867
.019610012
.017391441
.022378029
.017478516
.018348638
.017596670
.020874178
.018716809
.017848478
.015785475
.016910280
.017959926
.016981106
.017946969
.015905338
.019205719
.019616761
.018526286
.016742296
.015823971
.017052557
.019767913
.018237106
.018559741
.020638243
.018073248
.018592155
.018617902
.019896400
.018412964
.015692026
.015492046
.016627267
.017069931
.015925378
.019261880
.017943261
.017357277
.018160990
.016625309
.016406372
.014831320
.016463783
.013874206
.017265286
.017844354
.018714726
.019167680
.015134831
.018751263
.017280660
.016294882
.019149683
.015551373
.017975466
.019886068
.017143423
.016609018
.017773652
.017838604
.019152891
.019269129
.018712101
.017580421
.016264261
.018881834
.018037710
.018681688
.019228674
.017665080
.016597311
.019520187
.015845760
.016499571
.018718434
.018679270
.016982773
.017048516
.018176696
.017949468
.017691244
.018165239
.019152140
.017164297
.016497321
.016930944
.027204508
.016724590
.015906547
.020139667
.018375343
.017818440
.016022784
.019733124
.018755597
.015807598
.015793099
.017957884
.017342570
.017112426
.018816508
.018664730
.017629250
.015362559
.017977758
.017014936
.017995464
.017162172
.018514412
.018375301
.015870425
.019430113
.016732865
.023061955
.018205732
.019673933
.027933970
.023460412
.018919729
.020602051
.017823769
.018569849
.021764454
.026127888
.021389457
.022487117
.016093447
.022207530
.028610324
.020095334
.018804884
.018879425
.022760235
.024166018
.024760759
.020908367
.019175086
.018713130
.018917004
.030183891
.019169669
.024606715
.017921467
.016853557
.018391838
.027438405
.016347144
.019026916
.016043477
.016614723
.021611732
.022532184
.019429705
.032718492
.030460421
.022426183
.022191852
.024959833
.020105865
.022334309
.021678480
.026258406
.028534223
.024321752
.026103240
.021684520
.024412960
.022814929
.023890754
.019844989
.028225141
.027489646
.027154857
.024797997
.024739790
.026529443
.019871280
.029535923
.023608546
.021487478
.025632825
.020304361
.024571331
.023455131
.025517574
.024256542
.026943148
.024352707
.020213153
.024261957
.026432234
.026591275
.023317173
.023281298
.022560011
.022593678
.025403574
.025145910
.024443706
.026652274
.017146090
.022621136
.016362929
.024581663
.033444519
.022408095
.031490157
.028931258
.024292457
.021645850
.024725162
.027088562
.023652669
.026810356
.024237290
.025435699
.025782321
.018774411
.024377998
.022529136
.019594072
.025715071
.024187666
.019974237
.023486170
.020107902
.015667808
.028388053
.027992056
.024419997
.026642149
.016914508
.022796008
.024152166
.023652961
.027490684
.023707919
.022448428
.026778189
.029104839
.022476885
.023219630
.024869119
.020904772
.022634510
.022888175
.023087964
.025496989
.025977861
.025238700
.021474934
.022808425
.018405830
.026070527
.026447566
.021079937
.025986403
.025777529
.023997625
.025437865
.026121568
.023149839
.025633905
.022751800
.021730016
.025294950
.026256609
.025395032
.024950285
.021139936
.022447011
.023434212
.027540475
.023618670
.024348622
.023964875
.026401942
.023758335
.026317775
.023294588
.024058000
.021040563
.024418830
.022855175
.021889973
.027043896
.020511025
.019829612
.019842070
.020734189
.028707842
.020313859
.023045298
.025353824
.028966548
.025750113
.025013743
.018193541
.023094381
.021932098
.026252693
.021800640
.021761724
.024150748
.022563926
.021729682
.021526476
.025015951
.025984403
.025406990
.024248831
.020254901
.022989090
.023099756
.021940598
.024221665
.019624739
.022113597
.018896369
.020097860
.024960160
.024004084
.024856077
.023962417
.023114840
.023127839
.021160687
.023427879
.022141222
.020958896
.025746988
.025464157
.024411914
.021526309
.024240540
.025939653
.020518066
.022920508
.025666530
.021905265
.021292394
.024204749
.020161943
.020815356
.022307261
.023147589
.022428427
.023549378
