.037569760
.014473901
.020009344
.023322777
.025248161
.026402833
.024312448
.025425036
.015167529
.026424958
.026888085
.022817233
.020446054
.018921506
.022848233
.021863395
.022821066
.022907024
.023826195
.019195632
.023878112
.023201776
.022262521
.026397708
.024627865
.025189827
.021441518
.021702727
.024481615
.026410166
.026133665
.020957557
.021336267
.021943186
.024145780
.024509740
.020126595
.020025553
.021462184
.021347225
.023805821
.025757663
.019734593
.024595074
.020435012
.020507054
.023520569
.024096155
.022074479
.027867506
.025218535
.021066682
.020700555
.025091035
.024474865
.022002437
.026958002
.022413147
.022486023
.024075863
.024118947
.024064738
.022956775
.025786163
.026279165
.024277698
.023619111
.021637477
.024096571
.027247962
.024115030
.022437522
.021091057
.026407249
.026764668
.020567930
.024019696
.024198281
.019193924
.026463707
.022083104
.021886686
.023432526
.022948483
.020537888
.020679056
.030071183
.019853094
.024788616
.024642408
.022275730
.025304119
.024735616
.019758801
.022443939
.021464476
.020269262
.023583653
.028163299
.022571148
.023610861
.023930321
.024622241
.015503448
.023552152
.027131961
.022041895
.022089645
.022317480
.022672731
.022372564
.025369702
.028673135
.011986514
.015666115
.018386128
.018379295
.022927816
.021784936
.020026386
.024781325
.024015612
.021851269
.022969358
.022887441
.023440152
.022646315
.020128595
.024567990
.021903144
.025945164
.024054405
.019436050
.026194873
.025255077
.027187211
.019459717
.018619629
.023356693
.021995978
.022595648
.023696445
.026293373
.024656866
.023489693
.020860598
.021144349
.013528022
.013819523
.018751755
.019585884
.020831806
.021308600
.024115780
.024932617
.020616764
.026192332
.023490402
.023442611
.023382193
.023275860
.022724398
.023502278
.024012946
.021157933
.025785330
.021228558
.025214660
.014433859
.025292202
.028019215
.020983057
.025861621
.021490226
.024902158
.018781547
.018891130
.026736584
.023230360
.015241947
.016624953
5.832929187
.013791273
.016717704
.019208549
.020192767
.022759739
.023527242
.023385825
.025588128
.023422575
.021824651
.024322469
.023505005
.020905360
.026838861
.021010069
.022735582
.023132585
.021263351
.023340573
.020732847
.024493956
.021820479
.021727437
.022417775
.022158222
.024459278
.021052298
.020959090
.021755803
.024017109
.023699649
.022909137
.021210168
.024775522
.021895880
.022992221
.023417889
.021928463
.022118876
.023575802
.023955970
.020101240
.024123429
.025900815
.024047054
.022686292
.022442874
.023016627
.025277681
.024471677
.022859001
.022314665
.021430324
.023362501
.019429896
.024081838
.025015802
.025714014
.022082994
.026054763
.023456708
.022211284
.026413848
.023388124
.025687845
.024638047
.020923234
.024052167
.022763910
.024482920
.022520951
.023096204
.022317617
.023484246
.024994295
.022975952
.020352522
.024093290
.027092931
.022288323
.022879783
.024866752
.024008040
.020508021
.021934987
.028929148
.023559370
.024950877
.024959960
.023498244
.024094914
.021349651
.023996997
.022267988
.019380889
.024709250
.024693417
.024621457
.022236570
.024842543
.020886230
.022972907
.025284544
.023150825
.019078430
.024400373
.019827058
.019873600
.027267386
.021346774
.024106371
.014512531
.027527430
.023451993
.021814692
.023638410
.022444112
.025127293
.022563821
.022312195
.025073834
.022694614
.023762328
.023016573
.023859619
.025163167
.025503377
.023971245
.023776577
.024764498
.023667077
.025037708
.021470065
.025613669
.021833109
.022661863
.021556774
.021619441
.021805192
.023411033
.015680454
.016272998
.019750932
.023135699
.022778114
.020275851
.026041630
.020617144
.023626243
.022267528
.020760520
.022060526
.027969306
.023537951
.024272497
.027507054
.024730206
.024866332
.021925693
.021242440
.024773415
.022718739
.020453185
.020476311
.018796303
.024537372
.020888563
.018735677
.023729452
.024599872
.020590894
.024630497
.021600400
.023720119
.025351460
.025195084
.021686733
.016618750
.021835192
.020842937
.021101522
.026112631
.023928577
.020659561
.023730285
.022402278
.022518696
.026317839
.024195329
.019705224
.023397991
.024961416
.022567863
.020954854
.022862656
.023913786
.022810989
.021037064
.022299903
.023261283
.022506528
.022231028
.023837036
.022315820
.022790114
.019597015
.025134875
.024215079
.024059620
.021865109
.019372222
.024433289
.021963318
.021892651
.021477398
.024263662
.023067615
.024021120
.022213819
.023518534
.023085490
.015438743
.018697635
.021327315
.023260407
.023001781
.021951026
.022677238
.025925754
.023173491
.022581195
.022719113
.021158730
.019483055
.022916823
.020246309
.022298986
.023627576
.020768812
.021995609
.023891661
.020650853
.025055417
.026438965
.022510112
.022008609
.024187537
.024324079
.024742665
.021328398
.023751576
.023365075
.026090797
.019301972
.023783035
.024700248
.015330034
.022351153
.025581586
.024116204
.023747785
.021199480
.022928739
.021484315
.024840207
.024529830
.022949948
.024702665
.020164851
.022127527
.021315648
.020524727
.022347736
.024823082
.020229809
.024304663
.023661618
.024532331
.024617414
.023433783
.023970911
.024461830
.019627056
.023712160
.020838896
.025578544
.026358173
.023694201
.024831873
.024311913
.026342381
.022747988
.023723368
.023849203
.022325987
.020738479
.022976948
.020239518
.017832547
.023725118
.020402851
.022859739
.023280366
.021683567
.017721505
.023489076
.021621107
.022955156
.023410158
.025797504
.022400195
.023169657
.021332107
.024514206
.023631118
.022623154
.021997068
.016475832
