.046722313
4.046835988
4.054494427
4.048230882
.033921854
.025750714
.030345962
.024581825
.020934025
.027091907
11.260021252
.033999876
.023760133
4.047437021
4.049500695
4.065310426
.032455695
4.042863434
.033484902
.026913613
.020698820
.020607487
11.256378201
4.067656174
.031858986
.026653834
.022657712
4.056565854
.030393232
.025722745
4.052805693
.030136504
4.057907217
11.249182089
.035201113
.022444924
.026268076
4.059120438
.045905907
.046234782
.022453803
.024499378
.023270657
.026545412
.019989901
4.049802258
4.048273646
.033648893
.024891105
4.058521536
.027222459
4.046464717
.031715676
4.053239711
.036154433
.026712542
4.063927725
8.062835277
4.053853464
.038833252
.030254096
.022999033
4.053064687
4.048195253
4.046934918
.044161060
.025652351
.028072900
.036713357
.024762535
.023537198
4.053743023
8.073604986
4.045134315
.030231251
.031180693
4.056624991
4.063023918
4.061417079
.030392828
.026351656
4.051223027
.028423738
.026289327
8.067462358
4.051329254
4.044697791
.040063291
.024583511
.023901194
.029196681
.024988078
.022615013
.021020221
.021587665
.023331246
.025198032
.024171135
.029986530
.022067189
.025162236
.032492050
.025774595
.023355489
4.046208751
.029953957
.022927518
4.056142555
.028111941
11.248395793
.031498715
.027284179
.026783595
.026448371
.023220965
8.050442449
.036765580
.022405903
.027069028
4.041425425
4.056008112
.033553963
.026693724
.029899966
4.055374909
.027560321
4.046169358
.028799221
.032397389
4.068834368
.031041429
.035164766
.022761176
.028308440
4.044972817
11.247424223
4.050242643
8.058454570
.037860716
.024681189
4.040347200
.044548914
.023106226
4.034254465
.029824482
4.057656634
.030140818
4.046886492
.032735774
.030021823
11.258195167
8.057628784
.044144900
4.040340441
.034777970
.023392866
4.044847655
.028794191
.025196933
.022211709
.020120624
4.055582889
4.052996008
.033828378
4.043892682
4.061157573
4.058580485
.032852372
.022014600
4.053844940
.031534017
.030661585
4.060323540
.031604133
.026529131
4.052026493
.033190825
.022610805
11.247020957
4.071619821
.032489973
.021190643
.020665892
.020542694
4.047307641
.043244605
4.043092332
.046519140
.024231516
.024033616
.021799661
.022547604
.021772539
.022920659
.026536089
.028680092
4.057864629
.027234786
.023351334
4.043720825
.027019844
11.246375538
.037687526
.021804619
.021108339
.021452437
.024177479
.024536284
4.057099585
.033512929
.038548008
.026138736
4.043836825
.031723315
.028550429
.030333753
4.057144863
.037204359
.023860366
.049895388
.030579485
.028484432
4.044855051
4.050040791
.032403184
4.055485055
.038626931
.026696565
4.039737221
.030582485
.021310755
4.049274557
4.049009088
.031924874
.027134662
4.074910662
4.055873667
.034697902
4.062126669
.029442175
4.052517975
.030968366
11.265460740
8.071693760
4.063625926
.033470131
.025578730
.022610691
4.048459856
4.048034798
.031875035
4.045477811
.030049331
4.054584541
.029571407
4.053055483
.026756481
.025459948
.019997418
.026116526
8.068083992
4.047067072
4.059108211
.031824728
11.253160596
.034765981
.025760517
.020370555
.023537795
.020630911
.022775306
.022471452
.020654743
4.029122717
.026673203
4.047149614
.030221208
.025898173
.022946210
4.039102441
8.077444379
.031286634
4.049371183
.028894091
.021019509
4.048645733
.030746922
.027538934
.022972167
.028521075
.021447313
4.048145185
4.059737165
.030255994
4.068684249
.031574188
.026590873
4.055522161
4.066481008
.030291552
.024514771
.023764531
.022027616
4.052096935
4.058043039
.031504032
11.251762903
.034073913
11.235967474
.028601732
4.050622837
4.047776429
.042625972
.027330897
.025539358
.020072804
.023789745
.022809269
.022861615
.029856397
.024117446
4.040451653
4.050753033
4.053062817
.029958462
11.247439228
4.049097346
.037664727
.025557849
.026102838
4.048584238
.040505558
.024060278
.019438505
4.048579112
.035561577
.033259609
.027037085
11.244093266
4.063089597
4.052010811
.039418082
.027702088
.019809179
.023482827
.024690610
.022004967
4.053524260
4.049365006
4.049448743
.032842895
8.065222647
4.058641216
.031356141
.032413382
.024762935
.022622286
.024764061
4.043800504
.056219580
4.032153642
.036942481
.025901012
.022693955
.025984973
.022974089
.024134916
.022245816
4.048384522
.032485384
.025575545
.024253962
.026468697
.024273671
.022895586
.025991015
.024380424
.024896398
4.047605206
.032311003
4.059968631
.038049890
.025922013
.024330214
.022359778
8.073955418
.030644451
.027886158
4.054198036
.035338764
.029707631
4.045144421
.030422112
.028827395
.020835606
.025905679
.023294932
.042613615
4.060512606
4.057385603
4.053843570
.037411059
.032546548
.027589530
.029197742
.031481321
.023484099
.029837192
.028689254
.023919414
.025074309
4.057138186
.030429134
4.048559946
4.056887097
4.049419245
.036258095
4.044068489
.034386863
4.048641937
4.049937609
4.068675747
4.060037992
.029029436
4.064273393
.040410107
4.071350404
.030872855
4.086108890
.043528873
.026557246
4.047526528
4.058684796
.030593571
.032555130
.025351758
4.053125075
.034328543
.025625349
.021793861
.023155598
.034339502
.049470359
8.066078211
.025646315
.032671717
.020411740
11.241762198
.032472379
.022533376
.025503394
4.049648505
.029486858
4.047281720
.027847185
4.049858821
8.071108415
.032523562
4.032645140
.030784354
11.262450508
.026773808
4.045762387
.033234619
4.065342355
11.257946516
.027734420
4.057046678
.026213385
4.056726988
4.044372085
.034772746
4.047364985
.034045749
4.056215747
.035484520
.028515688
.030741211
4.056007502
11.259948299
4.058206510
.041301725
.026488928
.024223507
4.041878366
.033051617
.030124189
4.055391918
.029270189
8.068033463
4.051778352
4.049410388
8.055815358
.026628017
.031579121
.026023214
4.054948706
8.059692112
15.270164753
4.066473735
