.921682455
4.879403811
.885673773
.912180378
.892741709
.898017706
.868632769
4.904291409
.901534262
.896392091
.922724836
.905437696
.877062001
.887853914
.923210678
.899216886
4.908741454
.889943530
4.902020370
.887674971
4.895416056
.882836455
.884853934
4.892840945
4.878447580
.887400742
4.890398072
.921677042
.912031391
4.886358425
.898066916
.892934640
.910998383
.884038977
.913619505
.908986271
.900324973
4.866769378
.904749846
.888375426
.912579592
.902265718
.888902362
.876106616
.888992675
4.889393178
.915019755
.910353808
4.891318708
.891543966
.885609122
.906259373
.892148678
4.894007359
.870250356
.905772859
.888315361
.865180667
.898201084
.892123514
4.885579144
4.893767403
.886801721
4.896143128
.894681963
.899062858
.880174129
4.899125537
.892289292
.898053778
.894526811
.883584879
4.908886020
.910971815
.901407964
.881383231
.885707822
4.904007782
.906660345
.907695745
.894892122
.888966031
.892272486
.890301778
.907711203
.875421502
.905443849
.901991127
.885437308
.897240012
.912056240
.886509386
.903826363
16.102292718
.905431056
16.102896330
.897573660
.936560941
4.917193582
.890353971
4.891509435
.888380812
.881796496
.890214920
.917633786
.910616964
4.883234148
.889675536
.892370746
.885811704
.888715442
.898814258
.885778890
.890795569
.887270519
.910885039
.884819398
.890689327
.893038960
.880075831
.885744728
.913911224
4.888404441
.912510741
.854596518
4.900929356
.908233240
.901181879
.890036128
.905921787
.873817282
4.902128417
.882082301
.882328096
4.887514963
.890507194
4.903129408
.899822952
.887560582
.888276451
.897333170
.877338684
.874920617
.905017674
.895102776
4.923459439
.911474184
.889739556
.895921504
4.882365806
.890953297
.879024544
.878285022
.898411082
.874577978
.887972963
.900513084
.901216138
.896669007
.894463377
12.085538098
4.892154126
.900940254
.884251577
.894880842
.908220603
4.915982176
.902254172
.897800377
.898374639
.893973589
.899299362
.877123077
.892066966
.900197850
.893658977
.890872464
.882657805
.911009684
.904658640
.879046948
.904931748
.906981193
.906809917
.895752844
.911260922
.899230727
.912292312
.901374338
4.891980014
.887476568
.920949046
.922115330
.882111642
.908069958
.891249620
.886730728
.898377004
.880357891
.912362434
.885302635
.896947572
.919051791
.880351016
.884811083
.911470205
.894627545
.898254731
.886780607
.904184004
.884103555
.916606486
.912600848
.865286199
.908202728
.874777109
.884758083
.905490193
.900142478
.899034868
.909974876
4.893095447
.883125079
4.904318995
4.889353823
.930886691
.886816014
.902147364
4.853757414
.889006404
.895516069
4.902601279
.922114395
.908408398
.903746531
.883118217
.874150050
.906031539
.895758634
.893929897
.883803910
4.902777962
.888560765
.888681639
4.884718412
.897354718
.887449587
.899659341
.908307745
.889426143
.912246940
.896355854
.899591949
.904871322
4.897316477
.891020519
.919971854
.905945174
4.878493237
.901239913
.882786137
.899240433
.903903860
4.921789987
8.910876605
.889580197
.903671179
.908894192
4.898158103
4.903109342
.887399485
.876295587
.889170183
4.900174527
.896995920
4.912326190
.917442150
.903325357
.907315320
4.899644397
.894555374
.907873058
.883326670
.886809329
4.894346275
.886939131
.888027590
.920761255
.898933532
.896592101
.902519535
.907212511
.890145017
.882235398
.894316093
.874006503
4.899741175
.876799154
.880175681
4.909194248
.907593379
.884644998
4.876664965
.902907260
.903712526
.902497527
.901398494
.904490568
.918469236
.908202070
.897948057
.893902666
.903446784
.918752972
.899773744
.858050824
.919774136
.891489026
4.879527403
.900311173
4.887277724
.888143450
.906141825
.902678108
.898133947
4.901339628
.899619002
.900960164
.906126773
.866848409
.893414367
.899146508
4.920250134
.890105950
.888326304
.906324972
.897351604
.873230494
.889825138
.892601562
.883295267
4.894153490
4.891943702
.883443397
.889695094
4.888229868
.885817930
.931846650
.881661512
.884220954
.885701187
.905662556
.904317853
.885059501
.891679371
.895990880
4.882042566
.909101737
8.910092980
.897932047
4.890404932
.905561919
.875275652
.885875439
4.918997103
.877155516
.904433714
.893574620
.903852171
.911916312
.882543971
.888828202
4.923139539
.892297072
.908211291
.889841799
.877221352
4.897668075
.909267486
.889078006
.920788646
.897619773
4.890054628
.893567655
.897977027
.868145268
4.852378365
.885941641
.894552234
4.895333138
.904657853
.904192958
.912345383
.892633628
4.889870037
4.901402067
.912112628
.903772504
.896723839
.909433976
.879772482
4.913684609
4.895639462
.896356379
.922146705
.899598378
.900715496
.892949510
.902233595
4.891603578
.880017929
.906092139
.889809411
.903457677
4.893411264
.889578045
.901228620
.893203156
.880768538
.890392041
.881218321
.910527407
.893922485
.897945791
.917256427
.889361683
.895189974
.906736631
.897672004
.898443527
.895303979
.913900251
.890439993
.879458693
.892505743
.907316511
.891467388
4.882173209
.887319178
4.911578816
.887228452
.917806163
.899912345
.881279465
.899145353
.865430740
.900501035
.864270240
4.898749009
.882305907
.904067703
4.882744992
4.897169534
.892463428
.872400926
.911950089
.880393935
4.885669227
.899479626
.887982317
.896226264
.914335424
4.876626248
.896448112
.897956285
.903920914
12.120209912
.897014871
.903258010
4.908931310
.902347719
.882786239
.890924063
.904113670
4.907217911
.896313953
.883998200
.878191195
.891930395
4.883229248
.922669777
12.116739939
.889069127
.877393019
.901960228
.893231416
4.921824693
.908276499
.911629786
.897857834
.883644726
.892694342
.880097648
12.090176487
.877697896
4.903213207
.892853446
.899725985
.889999652
.901222153
