.043083735
.020612926
.020114591
.023845774
.021274012
.025984950
.021748431
.022464808
.029899842
.026790411
.019385087
.019585713
.019845547
.020283757
.021622888
.018280623
.013419560
.013864936
.015786945
.014149313
.015952488
.019047376
.023677605
.025550114
.023269853
.020651133
.023931065
.024828027
.023184686
.022993602
.020621758
.022496017
.021707929
.022162598
.021342970
.023703230
.021286553
.022005723
.020233131
.019330753
.020841259
.021105219
.022919142
.024436900
.028283292
.021570720
.022345848
.022481724
.019493711
.023571521
.023974148
.021992014
.021435220
.020116589
.026471325
.022597058
.022167306
.021870805
.021870888
.022313724
.023811063
.025144944
.018013080
.021995556
.023013643
.019622878
.022488266
.021638429
.023541687
.019790628
.021589470
.022417266
.023492311
.025078194
.022259223
.021486761
.022788558
.019931838
.019650587
.020148380
.020845092
.021095426
.024178065
.023738521
.024787485
.019888213
.021594553
.021814388
.021346302
.020664216
.021554636
.021860472
.023085685
.021218343
.022283848
.023462270
.020308673
.022681809
.022512349
.018685249
.021560928
.022582474
.024557858
.027389870
.022341598
.022137639
.021626095
.019613878
.022897143
.022289348
.019010292
.023498061
.019219252
.021808846
.022379849
.024054148
.023203561
.023041060
.022753142
.020243797
.022075514
.028509625
.021544095
.020160922
.024551566
.023105810
.021756679
.020157463
.022243973
.021315552
.023826313
.020498006
.021806513
.022058014
.024009523
.022965851
.022053930
.025222111
.023527896
.018872791
.020116464
.025395070
.023302685
.025746780
.020731175
.020793258
.021453428
.023259019
.025169403
.022709683
.025392445
.021894638
.025840406
.021973597
.026888785
.022168139
.019109293
.024540150
.023212811
.023237018
.025137069
.021652929
.023145727
.022742850
.022272181
.023419561
.019632295
.019314877
.023530270
.019960047
.024287774
.020652216
.023783022
.027278704
.021566803
.022631058
.025784072
.025331820
.026198824
.023880064
.025141527
.020237464
.025116152
.027277787
.026783118
.022105181
.021104426
.021377969
.024450649
.029815756
.022078014
.020712550
.017586494
.023960564
.018583249
.021844888
.026494034
.021182427
.024325566
.022873726
.020958884
.020739050
.022410682
.021225969
.020157339
.019952796
.020668049
.023246811
.023459729
.022881267
.026367116
.020412715
.019686837
.021550720
.018349539
.024175773
.020047546
.019893796
.015051733
.014147021
.016012654
.022197722
.023527520
.020648424
.023376186
.020611674
.021074843
.022662058
.020131047
.021460761
.023301144
.023453103
.022408266
.020433548
.022795892
.021126385
.021263677
.025669238
.019422336
.023448561
.023660521
.020268506
.021036384
.022061222
.023304186
.019774337
.023496104
.023653437
.020880092
.022878309
.022651683
.021776888
.026553408
.024858567
.019705336
.019709462
.022877601
.022083222
.023474561
.025378862
.020918967
.023264478
.022692850
.022515266
.020385839
.021198635
.022255765
.025011651
.017971579
.021726846
.022364390
.023642021
.020996300
.020481924
.021837096
.019930505
.022566100
.022139931
.022550266
.021109551
.019728754
.018263122
.020439340
.020921634
.026403158
.023094060
.020370507
.021488970
.022520391
.020188381
.021092176
.023248102
.025911239
.021198301
.023862314
.023524395
.023478603
.021175552
.020649257
.021603512
.023922813
.025978656
.018000621
.020131380
.023311561
.022715392
.020356714
.018599999
.021445470
.020643091
.021191385
.021921972
.021231385
.020505090
.021388427
.020985384
.021759346
.023653812
.021555553
.021223593
.024346566
.020324631
.021730888
.023111518
.021026260
.019542711
.022252389
.025642779
.022692850
.021666512
.019172751
.024160857
.015881404
.021286552
.017641328
.021358385
.016384739
.021228677
.014742940
.014197854
.016262656
.021845811
.024612323
.022672149
.020108469
.022969316
.024715824
.022898870
.021603319
.024495506
.026200018
.020858605
.026596438
.025132636
.021778932
.022633729
.022417145
.028406434
.020314423
.025461373
.022112809
.024195812
.021927715
.022774470
.026795536
.022912347
.021938715
.019132781
.023174674
.023127756
.020964577
.023670010
.021981876
.019935405
.025962856
.022671248
.024750593
.020136526
.023582462
.022822083
.022683874
.019107979
.025963886
.022202742
.022070449
.020990736
.021209528
.025934512
.023374706
.021123525
.025240088
.018001842
.022774159
.014193656
.016927378
.025347380
.020286727
.023354867
.018826386
.022461487
.026260340
.022536238
.021499191
.022666362
.023435491
.020166350
.024569954
.023223989
.022396778
.019491013
.021346146
.023206363
.025128581
.026763422
.019220469
.023887825
.023994492
.018721549
.020162056
.022467151
.020242556
.021746855
.021693855
.023830906
.020999351
.022179690
.024136533
.020895016
.023545530
.023437279
.023594572
.018660547
.014417569
.013831566
.013443022
.024144240
.020071721
.021206643
.024275574
.022691024
.020823641
.023082527
.020360055
.024467699
.022654650
.024515574
.018803506
.021839479
.024363490
.021960979
.021667603
.021673520
.022978442
.024001989
.023168527
.024001822
.018925382
.022936525
.023280152
.023555236
.019236341
.020322429
.015993993
.021756812
.025090451
.020768348
.020526305
.018220086
.017576499
.021318851
.020264346
.020669097
.023392819
.023284359
.022686149
.023317984
.022911192
.022874775
.022119896
.022182730
.024841826
.018940839
.019502759
.020758181
.022736899
.019273424
.022445772
.022026062
.021850811
.024526740
.024251947
.022546857
.021607018
.021296350
.022677607
.021602268
.021990937
.022159687
.022103479
.021830103
