.041632614
.018659305
.022968517
.020693949
.018546344
.022156992
.021098711
.043615019
.026302819
.022856853
.020273076
.023332069
4.042196319
.029785199
.033567559
.025308680
.023928111
.020417357
.021417537
.021493157
.020572929
.020996358
.021651146
.022304600
.020555473
.023535180
.025414757
4.050051475
.034389501
.028300387
.020629509
.023913820
.021760597
.020422565
.021398997
4.037888955
.029721120
.025746191
.022816855
.024553900
.022053659
.021775512
.021729265
.019414678
.022806773
.020285450
4.046491683
4.051203692
.022656824
4.057039810
4.046413014
.031778948
.027545847
.023615965
.022236895
.023360129
.022641421
.020501679
.023066202
.019154449
4.046600868
.028599269
.032217303
4.041594927
.032495975
.023418005
.022495265
.041999586
.021343040
4.042889769
.031817168
.029050402
.021875504
.022496902
4.034745417
4.044193396
.031877302
.025948452
4.042867151
.031916392
.024210487
4.045088901
.024627350
.023129760
.024227865
.024184232
.024158186
.020531898
.020690591
.021514691
8.068562008
.030528654
.025449158
4.041811921
4.051943616
.035037594
4.042505998
.030164133
.023786330
.021419550
.020866080
.023882181
4.056567505
.028839532
.019934199
.021058102
8.073626807
4.054624552
.025155988
.018471215
4.044765676
.029854587
.028219139
.018405120
4.040885500
.026351860
4.044933678
.029572788
4.061923679
.032232078
.022786414
4.058847608
.028681135
.023037624
.020859374
.020003811
.021026487
.027372702
.021511112
.019104198
.018161328
.020721976
.020566532
.021137131
.021086581
.021644509
4.058227877
.030385678
.025269632
4.036545068
4.056254245
.026120279
.022916103
.022094712
11.254763657
.034947226
.024181920
.018176114
.018561428
.022828899
.020357523
.023680043
.021855651
.019500261
.023644712
.022482974
15.273853658
.031751536
.022213494
.019264991
.024505009
.022932908
.020768956
.022916489
.028199222
.021452948
4.043413213
.031038832
4.054122678
.027580075
.024486506
.021451072
.029058744
.023775427
.018038366
.021810801
.029445519
.023312806
.046254177
.022715123
.023255714
.023802473
4.056964695
4.049395204
.033005151
.025063394
.025655661
.021849853
.020476537
.027306314
.026229467
4.040789847
.034909264
.028634039
.020926988
.026842986
.023148863
4.040239340
.025809770
4.056519212
.028496640
.026713840
.020589682
.024755967
.018284626
.020128646
.022966374
4.050714484
.023613108
.023150738
.018829468
.023858525
.027794564
4.044253352
.028006183
.022812765
.021621064
.023117567
.023715251
.018712990
.017844802
.024794766
.021666655
.022918533
.020654985
.023682787
.026216715
.020915904
.022239376
.023314516
.020764920
.020772962
.025017012
.021522714
.021719164
.020963995
.023863317
.020086431
.022064847
.017646144
.019776253
.021736208
4.055758326
.027433747
.023726846
.025842517
8.062666349
.032708137
.034054164
.040252480
.024576107
.024788765
.025592621
.027568497
.022411524
.026613176
.024658879
.019140530
.022040360
.054836189
.026737190
.021272246
.023914801
.022428645
.022207529
.031413608
.026103836
.020830098
.020006746
.023251871
.021300448
.019875902
.023093825
.029082522
.024612556
.023081285
.020263230
.027707757
.020693838
4.043769411
.028724605
.027490224
.022177494
.022333542
.021892685
.022806599
.021674945
.025516306
.020582322
.023933380
4.052310554
.027299165
11.246689912
.029201999
4.068409283
.028922786
.021802263
.018654800
.024743876
4.034376335
4.061034793
4.054926304
.025743203
.031915726
.022555330
.022720891
4.038810169
4.049297043
.030652142
.026556139
4.038857204
.030647601
.022946196
.024165827
.021712566
.022979733
.019726910
.023051390
4.049655870
.031499447
4.043626995
.034952619
.028570498
.019828647
.021242878
.019683249
.019188814
.021769559
.022315778
4.039904484
.035925908
.023385430
.024483160
4.051321971
.031948709
4.040491188
.027392143
.024629605
.028383987
.022971531
4.043931497
4.049436033
.033160837
.024608105
.022847826
.021749403
.024642771
.022852952
.032496067
.021301042
.019171109
.024503609
.021344457
.028897513
.026405216
.026682832
.021745111
.020986302
4.028285112
.027601886
.021885649
.023801464
.019825380
.021463870
.037909647
.023081112
.019522972
.022338718
.021515244
.020454152
4.039345391
.032439361
.024400737
4.038218176
11.248636494
.036153786
.022697373
.024871680
.018271012
.020460860
.019473391
.018083310
.021414206
.018987489
.019473766
.020320989
.025122173
.019509306
.020779683
.017857733
.019989333
.017326583
.023646719
.019941793
.027942501
.018250429
4.059592258
.034631750
.026464089
.018836328
4.040478939
.026953365
.022776204
.020881514
.019649718
.021115464
.019931793
.023124194
.020381362
.019818672
4.055390389
.030178472
.019714842
4.046523667
.030163307
.021608449
.023113235
4.051957955
4.039885666
.026253387
.021618115
.019207566
.021025593
.020062081
.020222451
.019007863
4.037782523
.027972042
.023681885
.020968219
4.023183230
.033544742
.024017916
.019874837
.021421163
.020576564
.018668416
.021123798
.018811037
.018479505
4.050510875
.027346270
.021918231
.020535316
.020395695
.020586898
.019640968
.020643063
.019673718
.020481817
.021932230
.020911555
.022010145
.020809724
.018789162
.017270127
.022414382
.019799256
.044467991
.025191660
4.048963785
.028808152
.033610046
.021182057
.024193094
.021192766
.020608299
.020305669
.022244401
4.041912455
.028782432
.022886527
.020711584
4.045751622
4.044534698
.029780506
.028726952
.014521332
4.054055798
.040997913
.021238067
4.047560581
.027313166
.025638274
.018663074
4.037477036
.028416461
.021007507
.018657733
.018977570
.025741682
.020482544
.022283979
.025046008
4.051728974
4.043600603
.025135575
.020615364
.018315676
.017528752
