.685581609
.469224683
.477192898
.465813910
.473843894
.467682119
.455346125
.468195852
.433714768
.443920569
.451745069
.434407856
.438407183
.438085580
.439017880
.440454116
.441912128
.427397391
.420350460
.443253858
.444605730
.436583710
.441481698
.442098088
.439515920
.441406725
.440794595
.441085450
.441379662
.438183916
.437957580
.439407577
.442014456
.440637886
.441493212
.443403461
.468578423
.449444772
.466568238
.461718003
.457076114
.451778472
.455171162
.429652180
.432339815
.442659900
.437726294
.437031196
.441512161
.457460660
.461166431
.464419735
.457745007
.451822191
.461648365
.459702395
.450878859
.467994991
.446787771
.438588123
.458573693
.467586187
.466457518
.453224193
.454283809
.463084696
.471409476
.461171275
.467032750
.464874482
.453684462
.427047459
.431601812
.442083004
.423282479
.427772745
.427359580
.424429190
.431832079
.428915972
.429666384
.426826714
.431357795
.434434293
.424246018
.437666310
.431307241
.421744689
.429789958
.425024203
.426596689
.429475323
.433071188
.434506961
.434098874
.436950505
.441538414
.445431379
.436447293
.440924568
.445215286
.438085989
.443236281
.433456344
.435380405
.445222054
.438669742
.433340061
.441016431
.435795845
.440960344
.443098324
.448042901
.440472176
.452091064
.442247601
.453561318
.461023035
.461412319
.480987485
.451813967
.451985818
.461304976
.452327736
.458460303
.455476549
.474611479
.477578484
.477719343
.462410869
.479407871
.467774705
.450364090
.459478580
.458986690
.453969189
.479763460
.454609436
.459763921
.466401324
.456123397
.442645849
.461075816
.454234824
.447221181
.448196768
.475276666
.442656226
.466486473
.459623657
.470195954
.474466200
.469545699
.461036635
.461116254
.450909736
.472497357
.469897372
.472322963
.457925919
.472706469
.465998778
.457318829
.463639750
.461177571
.462658302
.463667668
.480551484
.479525417
.449639952
.469333369
.454619223
.467919480
.445197280
.460938582
.476327427
.463615342
.474948110
.471277557
.464293720
.464255716
.450125689
.456858532
.470516547
.459678637
.456842561
.480292881
.464744174
.461995539
.468404700
.485837217
.458506929
.478219632
.456495084
.455699616
.466791391
.470536940
.466792691
.462205265
.461054201
.461045843
.453402972
.468032897
.456565532
.466430768
.462191091
.475055783
.472548831
.477297622
.465758566
.451999697
.466207359
.473386805
.468455228
.458526077
.468001102
.484273015
.459197434
.478783968
.495308918
.453061670
.452240846
.450556748
.455171078
.469758921
.468864563
.473933562
.462818667
.470977006
.444342570
.463869988
.460865270
.464720778
.453852202
.448055841
.484829782
.462779940
.468964414
.481081403
.453642773
.473684284
.462404721
.478237741
.471747813
.466380215
.469499133
.454767225
.459454550
.464733654
.464187433
.460305901
.462086352
.470118712
.460442524
.457758068
.488425811
.463305827
.454352450
.455573666
.458879502
.466637496
.469163230
.474150030
.458165311
.461543090
.467720891
.460525184
.462140150
.460303272
.485248667
.472384211
.463293669
.452616645
.459473264
.463481782
.461082060
.463327483
.479864274
.474619034
.449770285
.471027756
.468086229
.474697331
.464829804
.463971576
.457501136
.456562646
.472724915
.452427132
.466819685
.471909032
.465401152
.466423417
.474767252
.458373131
.470047607
.482681057
.459269114
.450130166
.451707069
.464616167
.475713560
.451492308
.467834779
.474853564
.460422255
.454425470
.466288711
.458245958
.464892585
.472394825
.464552427
.466623046
.461718460
.457789467
.458310751
.454885919
.466134504
.477264416
.469008120
.464640113
.462600263
.464421464
.466138373
.456706799
.467532469
.458834770
.447838728
.457978817
.464105632
.458395040
.482378051
.468903792
.492808046
.455454514
.458078051
.456937633
.474128062
.465140020
.464907277
.480013862
.464872276
.463154839
.478890610
.459993707
.449034605
.451887109
.462604315
.467805454
.457975829
.483504635
.460761054
.469320344
.478432338
.460782538
.476242262
.474013246
.456664718
.449442641
.460988327
.476175570
.459938248
.446745958
.471176024
.467865668
.470825430
.466484591
.457928248
.456398148
.469418819
.463766075
.452536195
.451112830
.475340119
.463646691
.455756120
.489995235
.459768350
.459738733
.458400149
.452867948
.463765242
.485065906
.459950093
.478794349
.469020108
.459173013
.476591508
.459067620
.459170589
.468381334
.447542821
.461468186
.452973728
.469939319
.454746922
.465958762
.455382746
.463872691
.460876290
.445483259
.473164389
.461826973
.473274680
.445740918
.446783007
.455790597
.459949488
.452774402
.451972653
.458199938
.451728340
.475768258
.468153028
.460108227
.455505197
.470167465
.449088036
.455778083
.472067501
.456183804
.447214508
.455502468
.461216655
.477137343
.440544356
.458975453
.458611363
.469721145
.473049674
.459512596
.454682018
.456894698
.455544516
.472366973
.455214705
.476086094
.471882990
.461253069
.463600453
.470246407
.469888478
.464538117
.435252613
.467023266
.485758051
.461129106
.458442904
.441437164
.475829596
.477882770
.473345381
.456729282
.468788851
.447929882
.474821820
.454894590
.466934565
.481331411
.469713044
.462854202
.455530480
.459138246
.453723496
.481276204
.473289298
.469700459
.455480656
.461907722
.481849563
.448035228
.472736010
.467975327
.473789464
.460969775
.471649390
.471994727
.463029586
.473742863
.467749573
.470769846
.453270762
.459562755
.471302288
.469759231
.476286268
.448223784
.451558974
.457935826
.481119699
.484561638
.483452019
.475842274
.491875045
.469559693
.464541288
.467270999
.473415342
.474310275
.466727531
