.038456229
.013432022
.017144569
.018018446
.021420118
.019276656
.022272036
.022914371
.020317200
.023678080
.020048865
.022663370
.022415328
.020552284
.021980911
.019895157
.022759745
.016975902
.020339367
.021501827
.022902370
.025712458
.021761868
.022870579
.020882325
.020339741
.024212039
.018559447
.025180749
.019962616
.023911497
.024050289
.021431992
.023326996
.026783002
.021254117
.021464659
.024088955
.025075166
.026321042
.026218667
.022593453
.021802868
.022245660
.024489831
.019714948
.024056997
.022539369
.023453996
.026440792
.018398987
.020637116
.022142619
.016522276
.021792410
.023845330
.024039747
.016152275
.018286113
.019953198
.020468575
.019087280
.021465201
.021126534
.020748408
.022452660
.023300912
.027330918
.022179828
.023882164
.022311828
.022155286
.025548083
.021026367
.022666828
.024925082
.027262418
.025427332
.023138412
.023110746
.020655742
.023792538
.022004452
.025516124
.022941286
.021497493
.023321537
.021443826
.025298040
.022068618
.023668788
.024860456
.022814828
.018457363
.020846325
.025727624
.021209575
.019490323
.021935493
.023789538
.020171199
.021343117
.019910990
.023230245
.020818450
.021469993
.024292621
.026840834
.025569957
.023377954
.025027873
.023981329
.020487116
.022072535
.019490864
.020408074
.023719662
.023740913
.020289698
.022316493
.020038532
.020991449
.023580620
.022752077
.022452993
.025197623
.020338240
.019397198
.023533412
.020657533
.025374123
.022590993
.021831159
.019212905
.021367867
.021251575
.024050288
.024620080
.025849374
.021932243
.017751903
.019807864
.023887829
.024787581
.023969079
.022379827
.019500406
.020227407
.023126412
.026088708
.022010785
.023323244
.022789327
.020514990
.021472201
.020123281
.025062289
.023835579
.024963914
.018660362
.019064322
.021643200
.019777114
.021181699
.022302368
.019641323
.020896408
.019062697
.020780282
.021298825
.021012033
.022762993
.022709577
.021336866
.020002073
.022480785
.022455410
.021941535
.022706868
.022444118
.021180366
.020751574
.024929913
.020102198
.019127780
.020707990
.022334951
.022449910
.021764784
.024612121
.021822784
.022065409
.017875528
.025199914
.023963413
.019421031
.021832368
.020466449
.023905579
.021755868
.020369782
.022114076
.025138081
.020429531
.021444867
.021994117
.022925702
.021538784
.023789621
.023701245
.020829823
.022572910
.023009785
.021338033
.020770907
.025444747
.019663822
.016008316
.019875989
.020583282
.018750446
.021282574
.025559248
.019934489
.021178908
.017892944
.020274656
.021456241
.022454909
.021622283
.021042283
.021149657
.022554993
.023505453
.023079285
.021249616
.022815118
.018764863
.019838864
.019550822
.021183199
.021236825
.020041614
.022330951
.020862448
.025008621
.023652661
.018873363
.021840992
.021963492
.022045034
.023808453
.019998281
.022139159
.021143866
.019925697
.023446661
.023754411
.019927614
.019792780
.019115988
.026438498
.021674033
.019176987
.020404948
.020906032
.020841699
.022785785
.021918992
.021331574
.023046910
.025555247
.024213328
.019377821
.022018242
.019760655
.021058949
.024194245
.020428197
.024574746
.024369120
.021360199
.018300444
.020460031
.021574866
.022936618
.022551576
.024217787
.024006495
.021030531
.025120038
.025783080
.019384071
.022266409
.023070702
.022590743
.019681155
.021338116
.027045333
.021460949
.019533196
.014684398
.019977780
.028886377
.027048332
.022127826
.024445162
.021659825
.021027615
.019191362
.015134232
.016214608
.025775956
.021765241
.018941279
.022619117
.023760869
.021963199
.020450322
.021711033
.020936865
.027102124
.012447935
.011574934
.016490942
.017911444
.025294163
.021563574
.016749567
.022446742
.023197577
.021506866
.024482204
.024451162
.020546448
.023366201
.019870988
.020179280
.020976365
.022996409
.019220195
.023714994
.022737493
.024776538
.022490367
.021430157
.020675657
.022421950
.024937204
.019922196
.020125530
.022372451
.018784945
.023701535
.018879320
.052053453
.016777650
.019440196
.023835785
.019902363
.022199950
.024111703
.023914786
.022040158
.019485321
.023872244
.023808744
.023869035
.021496199
.022218866
.019287320
.024592829
.020199572
.021249949
.023301285
.027266665
.022229408
.020165406
.018534486
.020570489
.024441370
.023606202
.025284579
.019290320
.022489825
.021593490
.023887494
.021880116
.022693492
.022499491
.022347617
.021224407
.021709949
.023782035
.023172576
.023329201
.020350613
.024393828
.023173785
.022785200
.025526205
.023022993
.019525612
.023656493
.024422703
.021861533
.021672783
.023405160
.022144282
.022373741
.024193494
.023150492
.021723365
.018884778
.021986699
.023679285
.020765864
.022896576
.020146947
.021628240
.019575904
.022466742
.022001825
.018643069
.026058789
.021837698
.016316441
.022993409
.021022365
.018965195
.021394823
.020640989
.020198488
.022916658
.020588197
.026012580
.026399163
.021028906
.020318988
.020673530
.020889822
.021281948
.019918238
.023850160
.022870576
.022463074
.024690577
.018480069
.020751489
.020471781
.021875157
.022700867
.017775651
.022330074
.022190074
.019429570
.024671786
.021439615
.023204951
.022014783
.019698487
.023583868
.018526777
.025249829
.019209111
.017080358
.018716069
.019190736
.019233945
.027831874
.022431824
.027676916
.024089744
.019390487
.019732071
.022058365
.020099488
.021728365
.023334784
.019888362
.022486616
.024903536
.022146866
.022666241
.023318534
.022776741
.025175578
.025222995
.014517063
.014628938
.019237070
.022454491
.018379902
.022486033
.024419910
.020620738
.022774575
.023258992
.027001206
.022841783
