.896993297
.895521232
.907360034
.894336316
.882566849
.898723443
.880635835
.912230654
.919066689
.879918037
.888643672
.894736413
.893645099
.898595838
.877677455
.894208886
4.925431368
.887789592
.900593774
.880439777
4.892445878
4.917798035
.909063491
.890870858
.907204459
.911778530
.905001114
.886092114
.876387413
.891922225
.901169281
.917554479
.900845533
.885221882
.881323730
.906951047
.884786524
.909939732
.907716394
.898341714
.881332623
4.890193136
.899786076
.907098854
.883262361
.908593790
.886016497
.881516654
.899220729
.917838422
.893530010
.909080683
.907062203
.911785451
.885577933
.895156399
.880546240
.883100997
4.909988743
.892507166
.918626312
.879758686
.896798702
.894307822
.891886160
.867781103
.874087691
4.898342376
.893380280
.904773259
.905368297
.893386716
.896138911
.879178775
.892748315
.874290142
.887491710
.883374377
4.894635410
.897724558
.892089861
4.880086131
.898334860
.883608567
.895176344
.912463953
.900023284
.903626960
.895374571
4.871536731
.897034239
.897129652
4.884321620
.886018889
.861028398
.879218188
.871017961
.899176750
4.902690202
.883081788
4.898003006
.864030073
.877474646
.905402103
.863506873
4.896311960
.908895506
.852596342
.891504300
.912154445
.877739040
.880370891
.893513500
.898408668
.894174943
.867874428
.874287278
.893648271
.912196746
.903250595
.891656115
.896663458
.885870829
.885082281
.880551138
.898189615
.883579317
.880167416
4.888641426
.877051867
.889369289
.896939909
.878773221
.901424131
.888056131
.878399420
4.897536025
.890294167
.875110112
.885302079
.882294079
.887179889
.882516745
.890844188
.874187361
.882160019
.895523413
.857147783
.910019953
.899616244
.911639107
.861183505
.911515309
.868655044
.887035581
.880716572
.902690671
.897651645
.873641838
.877009987
.888143449
.868974672
.886448120
.854539824
.893844413
.899188243
.881560563
.883893109
.873888096
.900121651
.874497498
.889096834
.897368083
.893443788
.892265318
.904694791
.905585197
.898032777
4.905236696
.900761673
.889736031
.879585751
.890575737
.894371854
.896000466
4.890620674
.887427869
.916984222
.879910178
.879969872
.911108638
.896207699
.889883948
.897481459
.893607023
.874917956
.872086778
.886357283
.883802045
.895552270
.885365248
.893613960
.898090701
.889119372
.895837462
.892591554
.878390939
.897669567
.878274143
.896103029
.885549092
.910210020
.882889555
.878173727
.908711764
.875835860
.900349898
.871723802
.890401461
.890030806
.887130128
.913089150
4.901638963
.863045775
.886247502
.890034938
.869265314
.887503583
.908894904
.895522817
.885080102
.900555861
.866875239
.882202194
.864697481
.863853123
.869292572
.887871440
.882326496
.862600568
.877707602
4.884048875
.885644067
.905151621
4.902443910
.895329845
.896896858
12.068182547
.892664190
4.888849585
.883444412
.894712458
.883330047
.881715165
.904722712
.898127198
.875440087
.914168777
.891775343
.912871335
.910941936
.921816859
.903824305
.914406941
.878315945
.901499189
.910983870
.881022743
.896845896
.918786391
.901991386
.875098158
.893568744
.887116419
.889120747
.870547025
.895407443
.879739270
.880852339
.906065669
.908901650
.875338502
.897583944
.884389277
.883214412
.876896296
.883577594
.891194781
.876890319
.896729302
.908444093
.904720338
.874459772
.891438076
.889873938
.905853130
.898922146
.888508048
.890353790
.890712789
4.865194763
4.887735815
.893901965
.897358893
.883170917
.879790157
.869172587
.878826051
.897442292
.881953168
.897811730
.878813789
.903969876
.904042692
.890137356
.883646669
.876537186
.895601768
.896178704
.885968310
4.888559448
.876344632
.874272541
.885779570
.910812982
.881746238
.898541807
.890959530
.864737600
.881561735
.887571372
.903770054
.891184922
.900753048
.902912658
.920019205
.887864312
.897466680
4.899533466
.885144624
.887773936
4.901211174
.887773769
.881329375
.886791301
.895207364
.891968608
.898532504
.916347549
.905354183
.887365240
.878738086
.859570961
.890605963
.887896551
.902481250
.899069005
.907366266
.905183981
.906414098
.891745279
.880762083
.876281524
.897022413
.879582699
.877403454
.905833818
.884514074
.912792091
.895351078
.882150454
.879176291
.905389833
.887998880
.879229337
.890344735
.900254134
.878860907
.893767419
.880227293
.897352177
.897996310
4.891855479
.883313935
.909379424
.893240592
4.887337868
.868690714
.897854563
.885285588
.897070972
.880211597
.877169581
.915721995
4.887680697
.886518368
.902501639
.891427883
.873747988
.891200011
.890145571
.877545579
.889717348
.894350336
.876147035
.877735886
.900637818
.900160456
.893594511
.872906725
.887508692
.878631940
.901624558
.892726181
.880348892
4.919445086
.883300535
.884892572
.851791379
.874481559
.870890345
.860926649
.902271161
.891799186
.884759346
.853442158
.876448753
.880389207
.866717777
.906048029
4.883130439
.877200176
.894343608
.888129090
.899107444
.889673724
.889941260
.881935392
.901066558
.892206271
.897589959
.896892819
.881595526
.893106688
.877336124
.886680793
.911708016
4.889570270
.894454260
.906317540
.900366105
.886606855
4.861443816
.912745788
.889554741
.879958252
.891225913
.899972747
.921667026
4.897456324
.880848476
.880953227
.893415202
.901077542
.891222104
.883120428
.884038883
.878139924
.883701261
.914764470
.891072557
.891554541
.867460119
.874057973
.890184497
.889589846
.895445628
.874172259
.875463427
.888116948
.903267456
.895905589
.916992156
.899133690
.885212118
.896326660
.885620336
8.884446971
.893973432
4.880570699
4.901471834
.879826202
4.905875165
.895382577
.872097828
4.889064135
.890741086
.895674695
.877399201
.894320615
.873487615
4.884269027
.904378003
.891247234
.883577459
.898806930
.888261716
.882353655
.886383755
.876415553
.899287372
.896244064
.893196131
.899195808
.911088343
.884108664
.891164630
4.884053706
.883184425
.900576825
.902864159
.877217629
.867802346
.895052599
.889521160
.897986230
.882080209
.876121679
.875841719
.908349847
.895788944
4.896461438
4.900502254
.893108187
4.893506241
.884650337
.899024442
.905559968
4.893884119
.897807307
.873836311
.885004491
.873210510
.902564168
.902207175
.884042855
.874422520
.876855681
.869359805
.885505441
.863394445
.888347375
.883274545
.885709934
.872812349
.886861419
.893421001
.887930188
.888004817
.877242422
