.036637073
.015614763
.016497514
.018159057
.017628056
.017342764
.015673388
.016106389
.017619640
.016452930
.017465681
.018014099
.016317555
.020060017
.018388182
.017494099
.016590306
.019801641
.017638723
.016637139
.016737098
.016426306
.018929891
.020099850
.018055474
.019178724
.016025764
.018442807
.017295765
.018422057
.015656347
.015253721
.017261265
.017446681
.016780264
.015733805
.020477100
.015624429
.016214347
.020320433
.016642764
.016017181
.019551267
.017173848
.018026598
.018271932
.018151640
.018633307
.017408806
.017202556
.016949097
.016605306
.019426516
.015900263
.017300223
.019395391
.015049596
.016550681
.019723308
.016773722
.016527514
.015961846
.018748724
.018018391
.016027014
.016215388
.029039691
.015706554
.017704556
.017058431
.023100978
.016855306
.015382180
.018604640
.016150305
.017092889
.016345847
.016208639
.018180807
.016083097
.019957934
.017277264
.017296972
.017079222
.016990806
.018717724
.019744100
.018328474
.016649638
.018457891
.017871640
.016055930
.013604928
.015966347
.015591263
.016732805
.014826637
.016191639
.015086679
.015516263
.016758972
.016016305
.016563639
.018040932
.018870307
.015961721
.016606431
.016934056
.018464265
.016995515
.016300306
.019446224
.015976180
.017638431
.018145599
.017133056
.016935473
.016355430
.016249722
.016928056
.019230099
.018668682
.017795889
.018397099
.018675891
.017558640
.017861306
.017610682
.016599847
.016760222
.016968264
.016000888
.016703889
.017782973
.018125557
.018987432
.015436430
.018575557
.014741387
.016785555
.017141264
.016474014
.018741641
.017276597
.018652599
.016423764
.015480137
.017231972
.018226432
.018186474
.017980223
.017926723
.018974349
.018141598
.017362640
.017306264
.020367517
.015537721
.018104349
.017469723
.015419262
.017502223
.018149765
.016542472
.019293808
.016346972
.018081432
.017792348
.018807974
.018106723
.015577804
.015426554
.018561057
.020934059
.018074390
.017301390
.020975850
.014653429
.015258012
.023740187
.026234980
.026481938
.025901522
.018997307
.022155352
.019659057
.022833269
.021283934
.022502560
.023463228
.026268355
.025209812
.025244896
.024344604
.022659519
.023703520
.026833730
.026107021
.016839847
.017512848
.019008974
.018599723
.017597181
.016524555
.016983264
.017735597
.019027599
.018269848
.017210139
.016609847
.017695140
.016635221
.019885183
.017230181
.017232431
.016594055
.018488807
.032894110
.020960351
.023248978
.020953017
.014258261
.025517354
.022997602
.016740680
.023754894
.023297936
.016110680
.028361565
.027012730
.022819643
.018974848
.024180645
.025764355
.025933521
.022082518
.024429728
.024750479
.024314729
.023585477
.020607434
.022155143
.023268977
.017081264
.024408728
.031718067
.020277600
.018953807
.027923897
.021821059
.021645476
.018610682
.023294518
.020319183
.019596600
.021567226
.028332523
.024034269
.028074940
.018742723
.022880560
.024519020
.017285764
.016339305
.018251848
.019350432
.017238430
.019850932
.017678098
.015614179
.018811640
.016794222
.017458598
.018036889
.017404180
.019154057
.018708306
.024077644
.018145265
.017990181
.018277640
.015501513
.017601347
.017325972
.018188681
.015287387
.015367012
.017923265
.017283389
.017733140
.017113347
.017020306
.018542557
.017494722
.017535931
.015710263
.017936097
.025994521
.022137351
.015939846
.017923515
.020173725
.020372016
.022567601
.020312600
.020860267
.022717476
.022562018
.024087311
.027101814
.023228852
.022731227
.023150644
.023520561
.023502353
.023416436
.021478351
.020770725
.019490766
.015154679
.016057388
.017787014
.022775935
.023918769
.021160558
.024281561
.027942272
.022457685
.020398516
.024163728
.025470937
.023159186
.020741183
.019128932
.023383602
.022161643
.022141768
.023609893
.025602604
.024742270
.025148187
.022532851
.025790354
.018780265
.022863768
.026347521
.021947393
.022668310
.023558769
.024409454
.026769094
.025113300
.020630536
.019062484
.019127352
.023906628
.032101273
.016632017
.024627598
.018465251
.015416721
.018821175
.019544227
.015511544
.021774881
.014477147
.019400950
.021792838
.018385717
.031267981
.021524239
.014957975
.031681523
.016654139
.020532421
.017618210
.016350169
.021183690
.017423272
.020010098
.023804138
.022594883
.022702997
.019529188
.024165810
.024784291
.022034689
.024817121
.023429175
.023689191
.026923579
.028256238
.023273316
.025218790
.027298041
.019386869
.021417667
.022407735
.025327778
.025185126
.019681548
.021887745
.024483570
.025293408
.025066429
.023237736
.027388533
.018023628
.023156745
.023228321
.019330291
.024690092
.025567922
.024102817
.026161571
.023797264
.021861414
.024053739
.026581696
.021572401
.020343939
.024832994
.025940301
.025113883
.023813304
.020266656
.024469530
.015868842
.015630199
.017639708
.016773669
.016864952
.019077941
.018231441
.016067031
.017412730
.017578589
.017311241
.017954511
.016364167
.017675787
.018088372
.018069415
.017180295
.018603404
.017925847
.018109994
.017480099
.017781569
.016435411
.017665998
.015242404
.017352279
.018348054
.018425797
.017965009
.017892433
.017002563
.016954943
.016587312
.015373891
.016462658
.016825330
.017019144
.015379516
.016084820
.018089622
.015621159
.016126942
.015973831
.016501863
.016854119
.017969925
.020246408
.017135842
.019119269
.017306408
.018960994
.016942110
.018282352
.016518735
.014364700
.015446676
.016352086
.015164745
.016306215
.015763311
.019948854
.016135857
.018661273
.020588541
.018907874
.018137492
.017665914
.017035893
.019839115
.017362652
.019214760
.018193111
.018777887
