.037525330
.012411909
.017142891
.019095286
.019205945
.018378006
.024075541
4.040296718
.024928894
.029061295
11.245548211
.025048510
.022283799
.024814986
.025156710
.021799794
.022016235
.020929900
.016469023
.025285492
.025425565
.019857896
.017646311
4.043927489
.028869433
4.033561594
.030275954
4.049930000
.027972709
.024230154
.021395781
.027531283
.021356118
.019066038
.023944675
.023843850
.023891221
.020470725
.024245153
.020625839
.022315547
.023797353
.021065140
.021643430
.020175497
4.038980273
.026104056
.022641022
.021869080
.023846432
.020002011
.021617932
.024912061
.023994421
.023724066
.020997519
.036743639
.021180881
.020704083
.024259110
.022604109
.018442710
.027453289
.023950717
.020820533
.022506866
.024166659
.023682153
.014576082
.015858694
.030528810
.027081025
.028974259
.021523439
4.040104315
.026413366
4.039156344
.028765275
4.038440564
.027811471
.025473603
.022474952
.024804361
4.048909076
.024599834
.023056533
.022766930
.024261193
.020207578
.023844850
.022392250
.022263592
4.040967126
.023446045
4.043272288
.024136577
4.043327491
.020810826
.022707934
.022347003
4.041339431
.018530037
.021596600
.015635544
.019033166
.022983538
.016266080
.019846605
.022187598
.022521990
.022546946
.024645457
4.021722434
.016613430
.014312976
4.036070740
.017836130
.021370826
.019366475
.021493566
4.033364567
.015085085
.015182161
.015449891
.016585598
.028570372
.022066148
.020288697
.014157029
.022483368
.019599832
.022338253
.017124475
.019925058
.022803010
.019222610
.024729408
.020439812
.021572852
.026242421
.016766251
.019253108
.021751255
4.029202127
.018112901
.014470380
.018166980
.015057879
.017940747
.023673620
.026947048
.013159995
.017101266
.022104602
.024601707
.022976450
.020908893
.023904621
.021329236
.019288759
.019682982
.019503347
.014818164
.020465471
.021904595
.019624076
.022470371
.022084646
.020868483
.020940513
.028291813
.020676434
.020646148
.022826934
.016907383
.019807585
.026613856
.017446123
.021720919
4.042782570
.026374273
.017740946
.021471253
.012218410
.017427543
.021848646
.026326822
4.032839888
.030039550
.021605438
.020821201
.022097353
.023319765
.019521552
.015569867
.015655601
.017571559
.021623560
.014568500
.019662694
.023703656
.016480041
.021689507
.018596006
.017016198
.015551453
.027140056
.021957210
.022396051
.022089354
.019519553
.022678459
.019951560
.019201941
.014965472
.019435651
.015819323
.016642388
4.034623786
.021979207
.022188086
.031080035
.026229090
.018857001
.018715484
.019940562
.015135443
.018541932
4.048700413
.018998268
.021782616
.028123259
.020991463
.020666019
.021726834
.022439668
.021478836
.021577735
.018808885
.022309941
.025206393
.015573450
.020075372
.014932561
.025419440
.027849349
.018508354
.031928941
.024028239
.025138100
.017484530
.021732639
.019612959
.024373873
.022243402
.021951227
.017319984
.025398399
.023301095
.024275287
.017925083
.024014196
.023130841
.019087321
.020691570
.020721655
.018452763
.022134899
4.038168671
.022913919
.020274809
.024170826
.020480731
.021469090
.022657620
4.041912183
.025111933
.030062682
4.035667506
.019677374
.019193289
.021846171
4.050785035
.022922094
.019914379
4.044822492
.024440476
.025922981
.014511370
.017584044
.024512561
.017600502
.022939849
.014646619
.013538409
.019101006
.013953036
.016327457
.014918162
.022980267
.023472892
.018867965
.024950272
.017043043
.021572763
.022640308
.017422961
.020168052
.021659973
.024520355
.019710926
.020168177
.024330689
.018118673
.023161602
.024910149
.022020683
.020256553
.020485055
4.041555807
11.237699377
.015324050
.023699203
.021503779
.024121080
.018732770
.016745721
4.039527308
.013796381
.024005792
.026710718
.020428279
.021432700
4.030443342
.018669361
.023331795
.019039487
.019867741
.021880456
.020568284
.020097032
.025052885
.022628751
.019457906
.022457459
.022224458
.020964620
.019624990
.021530831
.023882257
.020819661
4.041219755
.023230092
.021645127
.020859040
.022553048
.021406543
.019144951
.019902454
.022717215
.020863416
.020885333
.019930163
.020006038
.026109313
.019517703
.020072414
.017706071
.021573794
.021597879
.019946830
.022793134
.022910134
.023681763
.020820710
.030568999
.021282879
.021114337
.025913773
.019491246
.024281100
.025398812
.019626040
.018715536
.021225671
.022987053
.019286746
.021306796
.022022841
.022882928
.020408168
.020669211
.023435098
.021810966
.020573419
.025176313
.019953792
.022466345
.025090480
.023866725
.013779808
.022585470
.020669336
.021749134
.020360628
.023066431
.021777467
.020324086
.024547979
.021447882
.023364892
.020618713
.023716935
.024328937
.020098586
.020288586
.022498137
.021205133
.026020654
.018786664
.020938465
.019879794
4.043950850
.015243360
.019744464
.023134312
.013948271
.014461982
.023410022
.015989822
.023726899
.023005938
.020584427
.023030105
4.044889552
.025104826
.020901181
.022917274
.020242637
.024436199
.016854788
.018151419
.015592991
.015176196
.021852936
.019389259
.023655196
.024873952
.020946017
.022081897
.023674071
.021299851
.025121996
11.231853317
4.028927023
.018794725
.014901871
4.021951835
.017050469
.022415873
.016714217
.015013124
.017060469
.020674447
.017861474
.019729526
4.049716080
.021549539
.026393692
4.047808289
.020088618
.018019355
.023073344
.024601186
.024012350
.020944831
.021823211
.020192493
.024489103
.023930142
.017541062
.022732134
.019381907
.024151976
.021959755
.024004851
.022102840
.020381371
.021243918
.023464348
.021602712
.023785099
4.035308916
.022634263
.020498083
.020161914
.019131117
.023236642
.020257957
.020533001
