.898380174
.909380376
.879992950
4.886062317
.874195473
.878855852
.892521061
.907654188
.877261556
.880678382
.862589054
.883035340
.886493970
4.894444534
.895050091
.906355847
.924863947
.885467470
.894333653
.863923344
.903571550
.895808122
4.895474509
.884800811
.878578746
.888159112
4.892279057
.889631574
.895926315
.888845205
.883249529
.907584063
.881710572
.912364852
.917416060
.917138574
.901846617
.882148835
.893377170
.899061965
.863557231
.880046934
.895282963
.896624241
.885150997
.882982192
.902374796
.900830410
.887661230
.895971226
.879457236
.903752628
.896263231
.885801795
.867538682
.908051195
.890552601
.897621712
.891654172
.892832139
.894802740
.875574311
.882322813
.912198293
.866824230
.892779613
.888520188
.881820195
.882395692
4.908464887
.907499991
.909551993
.892935089
4.892202342
.881504125
.879918448
.887654006
8.914786480
4.902000845
12.090774356
.891637613
.890660209
.887097280
.908070014
4.882794707
.877393574
.907353466
4.874652299
.886241015
.879752780
.877783650
.891023744
.890448759
.905965893
.885076412
.891252788
.893770795
.873412982
.885108710
.884992341
.903136340
.899104286
.889756221
.883486747
.886626372
.884045915
.894812967
.890641225
.902475239
.885582137
.881423406
.872981180
.898745883
.894029880
.862402614
.886346383
.894527460
.890732152
.876832378
.885107321
.882231712
.897006413
4.881976562
.895708985
.894725113
.870401427
.887677202
.904528962
.896611490
.891447202
.907005484
.895803880
.869746029
.900396352
.890083962
.901440829
.890288183
.908533726
.902130941
.877052633
.888594741
4.902115348
.904090715
.867138098
.905084788
.890813836
.890478170
4.899888804
.892555243
.894079514
.900307083
.892785109
4.894224994
.893465237
.884132203
4.884042163
.885611119
.887882637
.879073504
.890888735
.884408503
.881554773
.889232896
.883122505
.907775686
.900771840
.890756681
.890055713
4.898972305
.873687904
.905582826
.874155574
.895294461
.893219703
.869237619
4.890762877
.870578945
.894945571
4.903628566
.878273956
.901529215
.872355117
.906080685
.898326529
.889349333
.895620010
.879635482
.888755321
.884420180
4.897496042
.902462949
.885535320
.894344296
.904372671
4.871808009
4.889133277
.888968297
.887040670
.906220392
.915829939
.898391434
8.893911242
.902610733
.902575540
.890060092
.898714727
.883927708
.878024160
.878489140
.874747823
.897170425
.892560256
.867637434
.885571671
.905620285
.887759651
4.890693158
.881818430
.946840284
.882068302
.887182784
.882117083
.890550111
.894699395
.873942219
.868101862
.902339325
.885719892
.882844156
.911726143
.889901760
.897014498
.897562898
.906932726
.862366046
.865218827
.870180343
.869792472
4.887746968
.863329196
.892377451
.858158817
.877161123
.903614043
.903516225
.918782173
.906523974
.902604594
4.899957435
4.899588246
.897232151
.891864584
.878680850
.887681163
.896860360
.906150411
.897820168
.887557655
.874634432
.895189075
.895501952
4.891033976
.876043988
.889954241
.895783305
4.900064393
.922237836
.883168006
.892335226
.911679131
.909229621
.899118427
.889239708
.913616333
4.891498926
.897150404
.901580526
.884912941
.879293272
.888768485
.903392542
.895993470
.883056443
.898275353
.881187283
.888835420
.882694901
.898037040
.880752373
.889779514
.885127280
.884586361
.872304342
.900433395
.893942141
.883501518
.866294135
4.896330521
.889712797
.888891910
.895819433
4.884293773
.894561367
4.883093925
.881186478
.896859244
.898183869
.882175067
4.875927449
.896535718
.892077201
.875824892
.901620449
.883764174
4.895464234
.907264674
.873974226
.877691699
.872792656
.849505688
.895167738
.895855503
.894133002
.884966496
.887447191
.880412111
.892185507
.894949630
.887830263
4.872332736
.893901234
.875914922
4.883119044
.870833459
.903303532
.893134709
.889840706
.895234096
.894557525
.883266327
.892352924
.885701338
.881433360
.883792201
4.899982048
.877314602
.894310908
.881779745
4.862941235
.891502750
.883329195
.882830079
.901111315
.893109578
.908742984
.909107433
.880890906
.883247293
.892813203
.875389272
.888614391
.871622470
.913782221
.891872230
.892220835
.921804066
.867827027
.901600642
.881609681
.879537787
.877580411
.901361677
.882718191
4.864274757
.880475398
.891519304
.884987085
.905415133
.882381562
.875756278
.896830377
4.895382688
.876168975
.895021625
.899148464
.886334371
.892823780
.886321345
.884832126
.885460443
4.897495465
.900846858
.890819156
.878198086
.879889765
.914196878
.893690929
.889011326
.908293633
.897198070
.889256749
4.892267606
.888912162
.878881579
.914605801
.882624204
.910582131
.903157896
4.888649483
.897675147
.874430968
.904735032
.913072115
.896585149
.897283921
.888861583
.881529333
.886801987
4.917112892
.904991642
.877884405
.893821872
.894040127
.898574338
.895501965
.870836572
4.880098416
4.872152675
.901824410
.892234219
.904156044
.892842484
4.873168166
.883701037
.893457253
.894750600
.876500513
.884041825
.923706975
.911039069
.907690245
.888433456
.873020756
.868966452
.905911723
.887375779
.911567661
.891702666
.898209310
.884871610
.883788365
.901176220
.886843880
.922429929
4.891553437
.877238354
.885903405
.889393934
.897203738
.897914728
.884089684
4.914817003
.881079215
.892337807
.891225761
.909797412
.895708900
.907390270
.887528423
.887320400
.885801983
.895379017
.898767106
4.887425619
.901406601
.903179511
.891985185
.894546594
.903124831
.894161289
.885267691
.878662055
.887838506
.897161530
.909487383
.875120439
.887149832
.916327025
.888158112
.869100409
.891630765
.880260725
.898245663
.884107414
.921022078
.881494253
.886764594
.899744564
.899200482
.913366707
