4.070240271
.032811370
.026972246
.020398538
.028478286
.021460996
.020453163
.025975162
.022751954
.032756994
.022604662
.022692913
.027375953
.021704913
.023113662
.022060538
4.035685173
.039271282
4.047833504
.035872950
.028468577
4.041582356
4.055230554
4.054227095
.032492908
.023625994
.024560035
4.061724966
.033412325
12.092679714
4.038246889
.028012910
.024836911
15.269077699
15.276494270
4.051800972
.030437121
.023478788
.023865622
.020592497
4.045481805
.029013788
.026263371
4.050268596
.037218412
.031127037
.025540705
.019146789
.022843289
.026292663
4.043211013
.029912496
.023668497
.020847039
4.042291555
.037098537
.049163207
.024022833
.021153583
.053374796
.025736377
4.053343690
4.062671730
4.063646271
4.046370186
.025499127
4.052658854
.036780461
4.048512770
.031580628
.025508502
.024775585
.025020002
.024917086
4.045612270
.027087835
4.056945717
.031247718
.026150591
.026780009
.022011007
4.043609128
.033356841
.020179795
4.070445264
4.053337116
.038066382
4.039587150
.020567296
.019718295
.028978713
4.043680358
.035045006
.024647337
4.043313982
.031403214
.027938088
4.050079816
.048239179
4.038836166
.047873516
.026011800
.023506883
.022945591
4.049449161
.035033762
.047703057
.025637259
.046835269
.028353804
11.245459954
.031732930
.029731012
.022125301
.023367176
.021095467
.021652134
.023965052
8.064969139
.032414263
.022089217
.026004844
.021802050
.023237260
.023592843
4.056887496
.025073260
.031010055
8.072455432
.028641511
4.053515411
4.047718189
.034476742
.021696522
.021593146
.020277895
4.042512466
8.077914777
.034326059
.024202178
4.055775872
4.051163016
4.050645676
.035503184
4.055873052
8.071601333
4.051553632
.030862806
.029841014
4.049645464
8.063631079
.027203930
.028697180
.021309968
.025510096
.027463013
.021778803
.022896261
4.041828604
.044550781
4.058635191
4.046194625
.024021305
4.047536434
.033851727
.021703928
4.050158415
.031948934
.026305056
4.049039908
.029187849
.027878723
.019693593
.022741762
.024292804
.021084595
4.035410107
.032327268
.021797095
.021555636
.020998053
.029023766
.023473304
4.067924624
.026333972
24.218715282
4.052134713
.030341562
4.048581606
.036553940
.028550976
.024447682
.021980555
.021253179
.020111846
8.063194591
.036172961
.024802146
.022572917
4.049216860
.031264733
4.046404450
4.062188248
.027525369
.027409866
4.062494233
.037051409
4.046482783
.023990054
.025438634
.028043745
.021471779
4.069110785
.039369161
.025376252
.023810169
.021532484
.023455076
.027882484
.021119346
.021810656
.020762670
4.066300462
.028499910
.023618324
.023277357
4.049410421
.032770596
4.065548223
.035616080
4.054124152
.031707771
.022075389
.043654236
.025024265
.022779264
.023778224
4.051320850
.045983276
.030180476
.029577934
.018528469
.027314766
4.060406235
.035537855
4.045970789
8.071245273
.028128809
.030312352
.026305600
.024353724
4.038525976
.035058855
11.236495506
.032036728
.026116100
.025314516
.022172264
4.037097976
.034197855
4.043319646
4.053506527
.029127310
8.062848403
.034107272
8.075310384
.031170602
11.265074615
.033420187
.026317974
.026452224
4.056698954
.030630101
.030343643
4.049701241
4.052120502
.034097683
11.253354779
.032091560
4.039035915
4.048817259
.034804770
.027790058
.024464306
4.068176487
4.061662351
11.252411258
.032788766
4.058932794
4.051600168
.037131685
.038234978
4.048506958
8.076429949
8.077327491
4.051062210
.032927766
.027261972
4.051796460
.035017684
11.243161473
.033331306
.027733928
4.040689015
4.046209171
.034172473
.027081471
.021013885
8.071938346
4.065065001
.032610556
.030474056
.025969887
.022250969
.021870510
4.049571992
4.038536904
4.065871874
4.045477823
.028880389
.026584471
4.046220407
4.057313120
4.066294582
.033028390
4.051597392
.029549080
.031181082
4.048164500
.034536694
11.252581756
.032052977
8.068901165
4.066272173
4.065987813
.028659936
.028191268
.024337641
.022253348
4.048372663
4.059857042
.032449979
.023620849
.021258972
.023885390
.017720094
.019679762
.022635890
.019733763
.025476850
8.075060012
.035926273
4.050287827
4.045768406
.031103729
.025880475
.021387097
4.069747380
.030104311
.022297639
11.248613785
.038736741
4.057640352
.028832605
.025005311
4.038896941
.030840814
8.070593035
4.048604852
.035931527
15.263344843
.032724065
.023068391
.021397640
.023761268
.025077976
4.071321200
4.066732406
.033995358
.020041640
4.051144394
.029450813
4.046204761
.036333836
.025030030
.019123856
.027673241
.023742943
.021726357
.022657900
.024542735
11.241047192
.030044442
.025892271
11.252862799
.026392939
.035606821
4.046276901
8.064784570
.032461152
4.052492697
.031895651
.026490688
.023189978
.033950319
.027842231
.033507694
.025205979
.027130605
.022563643
.024060061
.038682865
.020930684
4.050590821
.032719318
4.046011567
.030603359
.024444229
4.057022542
.031632124
.028963162
4.032418261
4.063598831
.030131194
4.043445674
4.056181884
.028344234
.020961102
4.047902361
.028739151
4.064738036
15.272872628
4.063007307
4.057167968
.038209412
.024009691
.020190936
4.059210844
.031645572
4.053566255
.028577736
.027887444
.025144650
4.043152537
.031185239
.029484113
4.057113967
8.095374881
4.055911429
.032461242
.033703535
.028319280
4.062562223
4.061472654
.028451368
.023350279
4.043885502
.036552542
.050537223
.026116155
.025760653
.024324652
.027135322
.025214987
.022345983
.030212076
.021095357
4.062222909
4.042169984
.034727626
.028537994
22.469661323
.030915536
.024659362
4.053803132
.027890116
.024638530
4.043398078
4.065171771
4.054609924
4.043868163
4.073814573
.030910661
.030489703
.026245990
.021104733
.025956947
.040949233
.041823984
.022371744
.023803621
4.041375962
.044981056
4.047490200
.030662413
.020981651
11.246091134
.038438052
.027519662
.028186996
