.047906238
.020025387
4.043739767
.033107084
.021859381
.021413355
.024532828
.023316557
.021793188
.033672583
.023122515
4.055377644
.035803976
.046110678
.026413361
4.035012892
11.248751984
.035029773
4.057571434
.034322764
4.044033911
.045858567
.028162720
.021240972
.024289334
.021194483
.051951081
.022193711
.023134919
.028152017
4.051691084
.026283597
4.041126214
.037204721
.021402553
.024162484
.022997034
.023770987
.022069946
.028522893
.021763931
.019450818
.026940451
.022044119
4.048567983
4.050256635
8.080650461
.033952541
4.048288574
4.061456658
.041065981
.021798155
.020545014
.022667314
.031350400
.031013347
.024212161
4.059926857
4.072563752
4.064230598
.027092255
.024188946
.030595773
.022732415
.032130284
.025678695
.020469911
.018524452
.019783261
.017998389
.021161019
.026873361
.023483125
.024589808
.023149907
.022190014
.024034862
.022756423
4.059441096
.035476049
.028595174
4.054830229
4.058575981
.032422740
.025834447
4.055445651
.032047510
.026053674
.022530443
.022340431
.020211922
.021051948
.022401615
.025894255
.024014440
4.043499200
.028663337
.023873128
4.050401621
.028976403
4.045045075
.032893003
.024160066
.037066165
.026625677
.024517428
4.057204489
.041785661
.027372152
.026365990
.025064638
.020701711
.034642349
4.041009841
4.046005150
4.055151577
4.062356602
24.203770470
4.050570384
.029647623
.024435838
.023468012
4.052629422
.027875275
.024294327
.021559903
.030043112
4.049665438
.035465330
.028551037
.037852649
.028148690
4.047263546
.028828426
.053401484
.024054570
.020898762
.024093277
.022656516
.047104494
.023077133
.021129841
.021523165
.024805137
4.047817576
.025737992
.023689994
.021282504
4.048510853
4.052165650
4.060258811
.030823174
4.047516166
4.060675468
.032746592
.024674973
.024399062
.024119819
.021145340
.022100736
.024450936
4.044237277
4.062738299
.032268310
4.060216145
.031353622
4.057453371
4.059932192
.034013648
.022623684
4.041280132
.029507369
4.053593244
.025182212
.029048171
.021004968
.025305043
.025247627
4.050993539
4.050396745
.035225478
.033526928
.025964584
.023288164
.023820248
.022555482
.023440427
.052484211
.026295484
.027636507
.024652522
.024101520
4.057695778
.034626098
4.059170482
.027144128
.024180234
8.074629392
.037830150
4.045110884
.030941964
4.054940840
.028873883
.052345257
.024907718
.022892594
.021211339
.023855616
.023390708
.023882282
.022025654
.024505352
.025506663
.021274212
.023011342
4.045708455
.029384080
.028369685
.021792576
.020984343
.023168171
.020963885
.020730557
.025901322
.024517643
.022020571
4.040245446
.032735050
.023677578
.024687889
.023131256
.025097338
.018097988
.025192254
.024386812
.022529311
4.044742058
.034702133
.024680014
.019085092
.026387019
.025044799
.039733652
.024370396
.027368457
4.036421652
4.047609830
.028928424
.033080043
4.041481670
4.051865990
.028719220
.022073904
.022733598
.029456995
4.053394415
.035549991
.026948924
.025654702
4.040673896
.025604953
.022641100
.023143714
.021500166
.025545579
.020324358
.023581996
4.074502964
.029851654
.021541748
4.035127972
.030833842
.024251065
.021691203
.028774677
.023758326
.022172569
.025218128
.022010780
4.051826240
.030804550
4.054973340
.027821530
.025284335
.024161901
.023881657
.022718514
.053235780
.022795472
.019946866
4.046161194
.029862404
.026286063
.021204172
4.045875368
8.069633374
.033635531
.024079527
.034157854
4.061325829
.030480016
.024377730
.022005697
.021133549
.031392288
4.037106597
.032309976
.023573830
.022729139
.020829722
.035585365
8.049591927
.035047876
.030422517
.023910615
.023621204
4.038818018
.027959694
.022185109
.020234901
.023605204
.024220358
.023698827
.022064362
.024518601
4.049084090
.048179263
.038262267
.022976467
.025856073
.024142360
4.036467443
.032412016
.051781477
.026300979
.022999092
.025260836
4.059350329
.028089025
.053059492
.024417395
.027071755
.027172378
.020946427
.022448313
.021583747
.022839637
4.054790219
.027906154
4.047299253
.035136957
.021432959
4.047727870
.028676512
.027307042
.024797762
.023497373
.023234504
.019805993
.018822056
.021900199
.022540685
.018919929
.024501727
.025137880
.021824034
.022668516
.024487185
4.050061278
.028483516
.026211981
.020701350
4.051540080
4.061305704
.031429079
4.045310760
.027394529
.025799237
4.042423411
.031622279
.024056267
.023506349
.021544611
4.042076633
.027822229
.021472147
4.048297581
4.051304025
4.056757830
4.060656052
.032945383
4.050859740
.027578835
.025964834
.025024676
4.062622457
.033096686
.025899454
.022686409
.025908954
.023969052
4.044588206
.030344303
4.045352391
.034437499
.029558700
4.044105751
.028465614
.022295670
4.048369587
.032577770
4.059114014
4.028033158
.027761907
4.043209758
.031315873
.025207670
.027159378
.027207836
.023990654
4.043834786
.028219106
.021978989
4.037206969
.035923357
.030124232
.025299126
.025141588
.024224441
.026769595
.029287249
.023124672
.023915989
.025251627
.025604411
.025764242
.026879509
.022416812
11.239924320
.033416495
.021389126
4.047970322
.036459846
4.052133109
.027667076
.021087674
.025906655
.025245086
.022974884
.022063404
4.045173466
.031923068
.021562039
.023520831
4.047817659
4.055361665
.032346310
.024160317
4.063235538
.028974090
.023432792
.021599039
.026615098
.018658518
.025037173
.024506518
.024263356
.020706516
.025418707
.021206755
.025122380
4.064794671
.034129229
.025816324
.022147944
4.053727116
.032921755
.029176669
.030005943
.026706055
.020397980
.027163962
4.063934065
.034381640
4.038391527
4.060670885
.039215454
.020834389
4.043780121
4.049956072
.035643780
.025701618
.022176984
.024795179
4.044523146
4.054152107
.040393262
.029029796
.022433646
4.051555413
