4.048346564
.014475777
8.046767537
.022588929
.015688566
.021556605
.022159732
.021383885
.019936657
.021335548
.022344161
.020016246
.019121266
.010449362
.016234437
.018329418
.024812251
.016897442
.018265413
.018480637
.023779261
.022240110
.022394121
.020829969
4.045782523
.020233673
.023341517
.020243923
.025234358
.020245299
.021572559
.022822147
.023296055
.022530375
.023306305
.020925221
.018982210
.023000408
.017406057
.023873344
.021332416
.020239755
.019182973
.024224619
.015387331
.019144553
.025385741
.022493787
.021010434
.020328969
.022000170
.018547678
.016957398
.022030879
.022214684
.025826688
.017426848
.019927690
.023751250
.022076382
.023141081
.017526229
.017205998
.020994056
.019811015
.022776556
.019786513
4.038744157
.021242736
.020311088
4.037423686
.023617811
.027836063
.014019643
.012841769
.019944180
4.037143668
.019817794
.024177054
.020597973
.021185764
.019451976
.020320994
.026984582
.022569692
.021066629
.020562553
.022562692
.011455254
.028169246
.015989860
.020500964
.020331202
.021685713
.021835140
.022325714
.018435362
.019682157
.023250571
.021907311
.023203401
.019335549
.019842334
.023436583
.015756634
.027424109
.022031777
.021576996
.023192024
.019712074
.021962897
.021976105
.021417734
.025317462
.018828554
.026850736
.019205330
.018827428
.021171007
.023685057
.018236263
.014003220
.023714559
.028078735
.022382299
.022286209
.020534755
.021770882
.023003717
4.042686924
.023014797
.025667813
.022616769
.022546389
.021231508
.022137194
.021734958
.018783962
.023709636
.021442271
.023059341
.023170140
.018987977
.020015380
.027392472
.022406670
.023612253
.017277399
.022534971
.021745291
.020933194
.020545458
.019561223
.023551165
.017823020
.019661938
.026771293
.023863924
.022533424
4.041528661
.016932471
4.037333387
.017128754
4.033025041
.022474290
.023488175
.020483145
.021770604
.014963111
.019466635
.020974213
.022835778
.018847821
4.039969185
.023063518
.026475701
4.038116169
.019625416
.021404359
.020643174
.022968892
.021089576
.053951138
.021772456
.019036379
.020211619
.022451086
.022838387
.022719246
.015363762
.019112181
.017845884
.022796379
.020965884
.020560414
.023615446
.019485687
.024192608
.019589324
.019025041
.022004647
.022067322
.019717174
.027016482
4.045888766
.022742074
.028559350
.022269219
.012846713
.013548348
.013355864
.017603347
.019730714
.018084662
.022925057
.019606155
.021236373
.020107806
.022507209
.018630442
.020874825
.024954618
.026658429
.020941917
.026301089
.022571426
.024107797
.023239473
.023191883
.016197076
.019469012
.020473937
.021621133
.021288838
.020995673
.021004842
11.235216810
.024303156
.024028495
.025809399
.027384066
.025550364
4.042289115
.015969670
.016533579
.018605605
.016856830
.015656503
.015431932
.019203351
.015553448
.019531645
.035000123
.021032678
.021748149
.019004075
.022289887
.014784179
.016423439
.015670547
.020625666
.038441541
.017306140
.017655020
4.035649313
.024598320
.017802206
.020921955
.023902519
.021360347
.022164871
.020535445
.018393327
.024620281
4.035218880
11.252851423
.031101334
.022715918
.034713984
.028322003
.022756966
.023002541
.034132274
.022324667
.020737415
.020731748
.021329702
.023874581
.024656768
.024213209
.021323576
.017892246
.024616055
.020635819
.020134794
.019110075
.017861618
4.037703689
.017709305
.025403492
.022802855
.022936873
.016760638
.021103089
.025374029
.020905187
.020246933
.023216493
.020384119
.021969245
.021344412
.020889477
.024287427
.023755232
.024323015
.026504513
.021427882
.024902551
.022360422
.024563464
.026698705
.020945234
.023082142
.021064584
.023876665
.019262928
.023587085
.021191601
.025813171
.019567885
.026085124
.024500539
.016770181
.021251358
.022038671
.019718655
.023093477
.025347943
.025931729
.020813050
.019351190
.020112374
.027878528
.017911499
4.044043030
.017864409
4.037332679
.020348854
.026257056
.021343480
.023890175
.021170582
.014216873
.017228819
.020786855
.022184658
.019378676
.023877582
4.041427369
.023951703
.025057522
.023405640
.026717238
.021426382
.023603498
.022419928
.021093255
.024833833
4.036729521
.024035366
4.039842035
.019092136
4.034075059
.029998530
.022661607
.023383660
4.047830324
.024631658
4.030341721
.018214564
.023809300
.018133136
.022128079
.022358650
.020046721
.025580116
4.045555607
.025268742
4.034757772
.016394783
.026740186
4.039491146
.015270385
.017413459
.017359076
.017226558
.016507255
4.026857733
.018798265
.019777228
.017465590
.018117759
8.037311516
.014283255
.015187915
.015847419
.017873185
.014961635
.018086214
.014150612
.014257543
.016560930
.043218020
4.037750657
.020229100
.018683571
.016643604
.020703242
.017649982
.017528799
.015462122
.020277626
.018021379
.017571031
.018059384
.013770588
4.041267951
.023970146
.021683813
.021363854
.026520003
.023817742
.025589676
.023792656
.025097863
.022306258
.020534240
4.044660197
.021886330
.020249958
.019205160
4.044846935
.021330828
.020415176
.021153639
.022670156
.021928108
.020213942
.020115371
.018158423
.020594804
.020933220
.017897976
.024923374
4.041127017
.022428921
.020454509
.017889897
.018690539
.025708997
.040861365
.023171263
.023201464
.019108587
.022361653
.022837314
.022150502
.024891458
.021845294
.025320923
.021428784
.022482203
.017501654
.024399552
.018861905
.023497425
.020232986
.020282640
.022237728
.020789126
.023289690
.021553541
.025996947
.021459234
.022903379
.026564707
.020458091
.021017310
.020837907
.019092995
.022259384
.016472481
.022784054
.021353910
.020721166
.018695817
.019754071
.019387307
.018402963
.018337551
