.037483830
.013813639
.017186892
.022007815
.023062649
.021253605
.021706606
.020648229
.024537525
.022760982
.022023147
.022671398
.022496232
.023321899
.022265440
.023034316
.021971314
.022123314
.022726815
.025409651
.023342316
.024549400
.024576859
.018205977
.024073441
.024519025
.019055853
.019589437
.025398276
.023923900
.020168104
.021732439
.026388360
.019454853
.023831775
.019880604
.024992943
.021708855
.018401811
.026515694
.024883192
.020736730
.024581816
.022184689
.023697733
.023373107
.030139947
.016641934
.017654560
.023890941
.023777566
.020781354
.022296065
.024501691
.018938978
.013831389
.015196766
.019481519
.019532645
.026952986
.024104233
.021911647
.018242268
.018896311
.023323857
.020496646
.020179437
.023811565
.024482108
.023379357
.025685443
.021471064
.022799106
.026572610
.023890941
.021280147
.021344813
.024468775
.026444776
.019431895
.026064777
.018380768
.016366184
.030677281
.021342272
.021825522
.018665602
.023697441
.023170649
.023936066
.024378483
.024318608
.019266478
.022229439
.020630855
.023613648
.019543062
.023680148
.021917980
.020928937
.018825811
.022181772
.021553480
.018770810
.021127313
.022477690
.023560440
.020910646
.021802188
.022552606
.020601646
.022878315
.024583358
.021050604
.022662314
.022341314
.021555147
.018622811
.022660147
.022851231
.023029773
.024525024
.020032228
.023462816
.025759567
.022257481
.022124023
.018582019
.020827021
.021379396
.018425227
.028282737
.025003359
.023486649
.020161687
.024552941
.022854564
.024106066
.024880484
.020372062
.024024024
.026217151
.020679229
.023496649
.024641899
.023148314
.019811645
.020231854
.024951608
.023705524
.017906226
.016241725
.016124849
.018320602
.024741233
.022348856
.025742025
.017320767
.024743733
.026786277
.022063022
.021005729
.022587648
.022867690
.019789603
.024031149
.024545191
.017688893
.019496728
.023039356
.025192025
.023589440
.021581563
.020020812
.022159230
.025434234
.022638148
.024351441
.022617147
.024326274
.021545646
.020566146
.024758191
.021882313
.025613817
.021090855
.022145396
.024415649
.022798398
.020201686
.024900274
.028080028
.022819148
.022255022
.019863853
.018698269
.023856482
.025300150
.021381646
.020360271
.024920275
.024169149
.017907059
.018019227
.022619355
.020306270
.021802271
.024220857
.019077227
.020070228
.023511232
.018383559
.019677895
.021819980
.025209025
.023592981
.018471851
.021979980
.021216813
.020741229
.024152357
.021786521
.026248151
.022125063
.023322564
.024117732
.022935898
.023249939
.021644438
.026640901
.022260897
.023138023
.025952775
.025558025
.014551389
.019116477
.021913521
.015870807
.018764436
.016473100
.016687474
.014703014
.018328184
.023865024
.018819477
.029071986
.022641647
.020243603
.019853102
.021940855
.016636016
.022030313
.014909764
.015133682
.018120892
.018512184
.017002558
.018108143
.015289307
.017917351
.014679264
.021739896
.023924190
.017810142
.019848769
.021391229
.022292147
.024710274
.025240775
.023642814
.025059899
.038840371
.015118056
.018202559
.017585309
.029547904
.017364392
.015871557
.018575352
.019220060
.022369355
.018344184
.022542689
.025011066
.023634273
.021844438
.024662608
.022774189
.027488527
.021093437
.021357688
.020045520
.019168727
.023800898
.025419275
.023098105
.023061397
.014625764
.016765392
.018512810
.020982478
.021275729
.027009235
.025406733
.021845604
.018197435
.026059025
.021323979
.015666974
.023419898
.024211732
.022141730
.025257941
.023984899
.020929354
.016967058
.017881684
.018999310
.024441149
.018516851
.014782639
.017718851
.015482057
.017509600
.016661266
.017707351
.017833559
.018171517
.015774807
.014809806
.022481563
.016483183
.021966980
.021914562
.021960771
.024728774
.023038938
.023392106
.020194728
.024010481
.022551563
.024533190
.024543565
.023150480
.022657480
.024077940
.027515359
.019161727
.020222936
.018558476
.018780518
.027804026
.021248312
.023739689
.021155353
.028178736
.037942578
.015072931
.025597692
.022056521
.027162401
.022176313
.024392315
.022881272
.020934936
.023686773
.022286480
.021939229
.024547899
.019764019
.019082393
.018643726
.025869442
.023606981
.020052269
.023035022
.021902687
.021393896
.023939148
.024223274
.026368692
.021770980
.023633231
.023936648
.018364976
.022122730
.023563689
.020395269
.021657854
.025734691
.023537981
.024473315
.022844938
.023728065
.022173188
.025845442
.019043018
.015955223
.020030019
.022826855
.023956773
.020003894
.020031561
.020406894
.022597813
.022522230
.018524393
.023327147
.026156941
.023256064
.023915731
.021992604
.030945280
.025102649
.020893437
.023832648
.023054564
.022713563
.025057524
.020277686
.024730440
.023951106
.019565101
.023035063
.021288062
.020906520
.019119102
.019686019
.024777190
.023224355
.021585645
.021923813
.025680858
.020736728
.017138891
.024636648
.021498145
.023713898
.020926979
.022808730
.016121890
.026857942
.024209565
.021179520
.023057230
.026711650
.021014604
.020418103
.022289312
.020410269
.025736899
.022512438
.027038525
.023733856
.017642933
.023475481
.021040937
.019225060
.021671312
.023436938
.021098895
.024542148
.021781104
.024258522
.019784852
.018937102
.021860062
.024374023
.017190016
.020657144
.027884443
.022456312
.026324566
.021192645
.025658941
.022793688
.025460983
.023066313
.017787434
.015977765
.022648563
.018581060
.019930269
.024320189
.020371560
.018816935
.021899271
.023015772
.023692564
.023836272
.019318476
.023255480
.013416346
.016861515
.018794560
.021605187
.018366517
.024964148
.020297811
.021230937
