.032134411
.007724818
.011239923
.015282606
.013993368
.014227085
.016405431
.015466855
.015309947
.014800736
.011414310
.016368338
.015702088
.014770880
.013738162
.015251479
.014447481
.015865010
.015430018
.015595051
.014688621
.016607074
.014272665
.016900984
.015944580
.015920753
.014711242
.015275698
.014297742
.015339262
.014729614
.013051775
.014147952
.014745734
.014455236
.012488774
.014314278
.014235919
.015822420
.015995079
.015437824
.015883736
.015503388
.014779972
.008262237
.015133118
.015666509
.015992875
.015025524
.014059965
.009519338
.014303346
.015961342
.014989571
.015016772
.017760424
.013137962
.015582156
.015543412
.017211747
.015420987
.015355922
.015030969
.016064186
.013977992
.015779134
.015775801
.015083278
.012808681
.011800827
.014132492
.014456974
.016501225
.015726305
.014881112
.016188475
.016643522
.013195973
.014676067
.022956085
.016381500
.014272338
.015712340
.016467602
.015366804
.015865288
.014639058
.014026840
.014593987
.014440692
.016797716
.015422717
.015647453
.013806289
.015767339
.014407180
.013907971
.014867689
.015482183
.016332057
.014059076
.018642196
.013918986
.013075819
.016281112
.013899505
.015748307
.015052101
.013987692
.014791872
.015446671
.014198866
.015746036
.014688371
.015611568
.017042644
.018261477
.014804719
.016159790
.016093097
.014054721
.014960690
.013002425
.014285380
.013870561
.014819207
.014302057
.013655202
.013990275
.013870070
.014387179
.016372868
.015071212
.016798873
.014131488
.015210374
.012809274
.013308844
.014047539
.015911036
.014568859
.016038991
.013443970
.012417161
.015996784
.014881318
.015992087
.014475952
.009461013
.009422640
.015264311
.017670761
.016868415
.015838683
.013885717
.015569313
.008685349
.017841606
.016575337
.017106298
.014544793
.015445613
.016041147
.015628987
.016242269
.013684722
.014807209
.016668522
.015018915
.012416486
.012515110
.014163675
.012895383
.013262433
.014105801
.015183792
.015617372
.015110459
.013761346
.017111575
.015588958
.018884773
.014543755
.013756384
.014467881
.014312840
.014945627
.013862964
.013756672
.012040635
.014095672
.015302002
.013493506
.015661877
.014359501
.015897001
.013800668
.013399918
.014866960
.010802917
.015018123
.012353116
.012656575
.015498541
.012034615
.011200613
.013175118
.012116521
.011699311
.009831551
.011615893
.011695853
.013822738
.012968151
.014191859
.011839382
.016774503
.013502561
.012671514
.015544785
.013694855
.013404092
.013138715
.012979421
.013093881
.012211581
.011163944
.013010118
.012437111
.014600179
.012805574
.012978284
.013680293
.013054827
.012613266
.012094259
.016458197
.013937744
.014032870
.013617406
.013714824
.011836697
.012353706
.011105976
.011308063
.012854297
.014354489
.014186236
.006200825
.014801069
.014782735
.013913052
.007111175
.014517105
.014553939
.013342027
.014354090
.013184190
.014341256
.007895956
.013162981
.012629345
.012578077
.014255990
.014660374
.013328677
.013474556
.013280260
.013320994
.012508558
.012552184
.020173413
.015682844
.013738338
.012454389
.011573889
.011797187
.011353883
.011709101
.012805671
.008302720
.016689857
.013521631
.013626759
.014088106
.013406961
.014802668
.013976728
.010745261
.010988370
.013527488
.013057641
.013230104
.014379888
.012350036
.013057724
.015808208
.013404590
.012692151
.015444654
.014292493
.013519927
.014547542
.013522949
.013358402
.013725663
.013636578
.013568034
.014955705
.013257606
.012350263
.012656440
.016451113
.012400514
.012444641
.015633210
.014508630
.014172472
.013395277
.013817960
.013729790
.013110643
.014349312
.014065635
.014404377
.016445495
.012809483
.014793641
.013355087
.012590100
.015036401
.013273103
.014476317
.014597863
.015310641
.017124920
.011929050
.013369190
.013933482
.013585967
.015029193
.012776934
.014319539
.012979859
.012001903
.011644737
.013146467
.013223303
.013718074
.014128050
.013816370
.015527901
.013398203
.016043734
.010398740
.011740424
.012413827
.014232239
.014020146
.012037868
.013631605
.014128085
.014090251
.013399220
.013255755
.016256222
.012055425
.015520542
.013731293
.014203273
.012345814
.014362656
.016392498
.013267121
.014396007
.014485428
.013344124
.013154657
.015177793
.013829147
.012503891
.013246468
.013908750
.015221521
.014533071
.013951418
.014295064
.014011229
.013890473
.015559096
.014591758
.014164778
.011703074
.015334054
.013622932
.014825784
.016086639
.014222962
.013706062
.014021077
.015111689
.011948278
.013274721
.014764880
.014053219
.013997424
.014087262
.014500672
.013269442
.012899839
.015942039
.013203605
.013131143
.013929059
.013523384
.012325071
.012201940
.016495293
.012462662
.016384787
.012986607
.014999185
.011406409
.013463852
.016860328
.013561900
.014514201
.013554358
.007068306
.014217031
.013510951
.015120331
.014703142
.014475712
.014914362
.012545075
.013812480
.013688598
.014974670
.015407152
.011477058
.011168874
.015586508
.013862869
.015041395
.013846577
.013025905
.012721388
.015465502
.011450783
.012783568
.014553379
.012763234
.013795835
.013649036
.012677312
.013946731
.013673381
.015252765
.014192411
.012682740
.013073679
.014102823
.013126235
.012410150
.014913353
.016233279
.013397092
.015900779
.017236819
.012794090
.012864801
.013235485
.012610209
.012282146
.015223955
.015868513
.013683022
.012001404
.014407281
.013530840
.013719142
.015960824
.013922203
.011046438
.008748573
.012616450
.012784743
.013350020
.014273813
.013252663
.013929106
.013495651
.014458972
.012991618
.017179160
.013956166
.015943220
.012690734
.013991348
