.068503237
.046298489
.047968178
.046513666
.054897591
.052842784
4.065009970
.061240381
.072050808
.070952044
4.090410545
.057320084
.054329806
.046037503
.047875522
.046383916
.046309354
.044312544
4.095746109
.061497113
.047709669
4.075620895
.058868671
.047477660
.048927529
4.078420789
.063078836
4.082577433
.067679483
.046217432
4.080144140
4.067239120
.046115704
.046768637
.061917431
.057075036
.045360505
.046390062
.047487701
.051872487
.056553910
.045831182
.047862293
.047934688
.045900301
.041126609
8.073563602
.064671256
.045663489
.046240458
.047791349
.048264971
4.063148975
.056643026
.044818676
.042817437
.046522573
.046681098
.054389376
.048558911
.044306097
4.072372506
.049472511
.048050895
.061923779
.047233174
.045791271
.042528559
.046410889
.049858013
.050784059
.049084892
4.069980120
.052925941
.047999450
.045267158
4.071618715
.051580746
.057092212
4.065130339
.050512440
.051467194
4.066783495
.043995811
.052823591
.042207195
.046564476
8.081052158
.058155971
.044337755
4.079437901
.050329416
.043543632
.055322175
.048291323
4.062126733
.054349801
4.061904325
.052432039
.049858447
.047510588
.058135015
.052558399
.043292119
.053321794
4.068134359
.048433316
.042829008
.046259924
.042589637
4.072761802
.046746568
.046542331
.048844078
.047259324
.043995973
.045705340
.043275944
4.057385318
.051514010
.045847999
.048277685
.046744448
.046693098
.062667574
.063041682
.046617736
.049435175
4.064168346
.058145151
.050892971
.046857955
.046579816
.045190910
.050386726
.047931676
.046748065
.044697361
.047022999
4.068247650
.048978630
4.061619181
.048781993
.052329995
4.082794011
.043843462
.047148540
.051412577
4.076815184
.051525131
.046056047
.047148248
.045414062
.047369402
.044184997
.051100805
.050950205
.047908490
4.065460431
4.067522725
.051554918
4.069164110
.049264056
.048370334
6.098898358
.057476141
.050431268
4.062755586
.048919519
4.061474639
.049575569
4.063440869
.045834261
.042767494
4.062729306
.050998777
.044729893
.045643897
.044897310
4.068924186
.049868589
4.061785484
.058213691
.050249566
.049174851
4.063663343
.069252882
.051722217
.046512573
.052120339
.044896761
.048726864
.050107862
.050080553
.044037635
.043590711
4.062427384
.055925269
.046610000
8.078018364
.053900285
.051586006
.044659775
.046761526
.064866731
.046780200
.044573515
.044518517
.047916209
.052654850
4.074413438
.048201288
.046725284
.046660156
.046026634
.046828923
.050539869
4.064268881
.047044608
4.070119456
4.581175844
.051975844
.063783834
.046999618
.045793887
.047367952
.044740519
.045031545
.044720504
4.071603999
.048828436
.045999511
.044633712
.042852956
.046200515
.044307640
.045385437
11.262338323
.054273150
.042602655
.044586135
.048630342
.047514966
4.068645014
.051033614
.042358705
.045417769
.046068480
4.593661773
.049726046
.052446826
.045213529
8.065917404
4.066168839
.049493570
.048768646
.044760420
.048793193
.046262230
.049003663
4.073170358
.058392595
.044601338
4.072744378
.046194941
.047138203
.043081170
4.065629306
.047975861
.046863888
4.064182778
4.612664990
8.083690954
.052128087
.045943769
.044018311
.047829537
.044846778
.048856038
.047272051
.043175713
4.072538196
.053326082
.047411761
.043148681
.042129265
.048166420
.043681673
4.066565346
.045152164
.043519560
.042896541
.044280896
.040381813
4.064143636
.057067310
.045634737
.050290322
.046174693
.049400089
.051904290
.047471355
.041727176
.046431583
.060909038
.046599630
.045302338
.048463833
.046049128
4.084728829
.049831472
.050750401
.054061397
.044030690
4.058703140
4.072644131
.052437206
.045394652
.047085892
4.080654967
4.060726870
4.070428329
.053281491
.049628232
.047822768
4.052691359
.050942267
.043719426
.046777419
.052445746
4.085253227
.055514743
.048625379
.044123605
.045661245
8.115468565
.056132139
.046307382
4.068112754
.069131620
4.078841168
.062007729
.053031774
.044433514
.049899013
.051302391
.048433102
.048650794
4.095880570
4.091641797
.060461634
4.100628327
4.560037696
.058739623
.050408292
.050526353
.045407852
.050061500
.050629470
.047606785
.047622589
.048188753
.045356950
.049030034
.045152931
.049589548
.045425093
8.119654571
.050208337
.047796601
.048651593
.044311731
.050300002
4.081617846
4.062479494
.065536703
.051058198
4.080938466
.055706264
.049280111
.049152856
.045011678
4.072580577
.054528371
4.091515361
.069590651
4.086907114
.052714078
.046781307
.045619178
4.076227019
.059607750
.055668128
.048394906
.044149994
.045422425
.044807166
.049748617
4.781675306
.063148097
.046709443
.044268897
.047541878
4.080465604
.050502531
.050703719
.044142606
.049490285
.057838052
4.075136190
.062307226
4.082166386
.059269873
4.083087354
4.087626349
.052452372
.043740231
4.082302054
.047469355
.043351982
.047632623
4.627759788
.056535223
.047166487
.044061689
.042073888
.042364921
.056470031
.045471807
.047536595
4.085632118
4.071148302
.067550645
.056975232
.054810894
4.070491462
.068917684
.048393394
4.069324752
.065204530
4.078428458
.047549044
11.832437007
4.094324894
.054659347
.046552636
4.079980613
.048676155
.046042275
.044735927
4.506494960
4.077419195
4.070681527
.047598275
.047120279
.050819600
.055242585
.043234243
8.083783822
.045509021
.050658955
.050703540
4.068195525
.044956348
4.068016159
4.554335482
.054510177
.047968831
.044014644
4.058961551
.057894241
4.062536969
.078975461
.053886398
.053014650
.050412998
.041500274
4.064548220
4.061543086
.045509842
.048200787
11.265972586
4.547269903
.048290663
.044047454
.043959082
4.063509499
4.054856805
.043451056
4.065149737
.046849826
.041882813
.048760311
4.062831420
4.064539507
.047719878
.045493298
.047721479
.049747508
.047721807
