4.111260605
8.123121005
.065341923
.053191744
.058470076
.048693069
.052664295
.049911315
4.083434321
4.088323096
.056806657
.045193345
.047642418
4.090634300
4.099589196
.060636306
.046950360
8.095169878
.054458055
.051812251
11.267317764
4.088632965
.060720134
.050626713
.055096924
11.294613953
4.089256294
4.088233702
4.093300078
4.088319572
.057750394
.056771467
.051170590
.052606650
.044132568
4.093381197
.050512263
4.091114948
4.076398537
.053435047
.051672095
15.324779910
11.306294881
.061552822
4.079304988
4.116197759
4.096940393
4.088280824
8.120390971
.069962824
4.097693628
4.084418143
.051609093
4.080609347
4.096185711
.061293387
.052099231
4.079651864
4.102584212
.062890595
.049544248
.049173614
.043068746
.048690851
11.288679148
4.081038275
8.112146834
.062802968
4.087320980
4.096057000
8.104094625
.060791041
.047046808
.048003333
.045765025
11.291646058
.059884226
4.097819587
.056880523
8.087379148
.064578556
.046127825
4.068065979
.064946233
.046164326
8.117138172
.058830823
11.293064095
.059720471
4.095512569
11.293062286
8.114996162
4.090432124
.049678992
.076201529
.051767379
.042850205
.045743116
.050583092
.043758888
.052193681
4.083231365
8.103376313
.064693589
.048643860
4.083571589
.056940580
.050222452
4.105758074
.051373450
4.082767232
.061915544
.045467886
.048904007
8.094528007
8.117725896
.055424651
4.082001926
4.097341783
4.104615639
.060639370
.050933576
8.111876994
.068201483
.049588415
4.080782143
.057076569
4.079535112
.063239146
.051824933
.050848490
.049769254
4.081229155
.057646042
.043606219
4.086755965
.059718222
15.319950252
.062590004
.046937263
.050142930
.049376411
.046029865
.048177838
.045890528
.049834089
.044960004
.045200176
.046260913
.049614333
.051317044
.046771884
.046859053
.050015761
4.085183092
.056281382
.050564441
8.109432056
4.096308673
15.306316106
.053493892
.047436152
.068113273
.045698773
.047893080
.046400792
4.073186904
.057369493
.049526539
.044683496
.056340925
4.081597124
.060412947
4.093485474
.058594233
.056367967
8.099077536
4.079638739
.062669423
.045344555
4.093210842
.052822125
.043670553
15.300483371
.054313372
.043266710
.048020416
15.324610249
4.096206711
4.094772175
.054112909
8.119098427
.060929534
4.089655347
15.311969066
4.097009554
.052858423
8.113559810
4.102793043
.053538498
.055275995
4.086535495
4.087925893
4.095382341
.055357655
.043998495
.048927256
.044510083
4.079712376
4.093562518
8.093236092
4.094707590
.058183473
4.079456026
.057084319
4.077825983
.057195781
.046919471
8.123230206
8.104072249
.076133690
4.083976685
.063632073
4.073602915
.058033135
.046306581
.046720883
.048420219
4.082800488
4.105708959
.054104867
8.112253920
.063247354
4.092199250
.056322250
.055889324
.053048326
.044014119
4.077392172
.057538119
.044878389
19.331766540
.064819496
4.076667392
4.094359874
4.090220056
.054550048
.045680204
.044046991
4.089487235
.056884959
.047517402
.046284160
.044998838
.043614732
.049533461
.049952388
.062986007
.045963184
.048497787
.044909345
.041055921
4.110188204
.057405670
4.076802914
.063759660
4.093198175
.056720435
.046845427
.048165796
.048415969
4.091889141
.050232683
4.079863453
4.095370649
.060060564
.047018974
4.061287261
.063579197
4.088470469
4.093300678
.049499539
.045003338
4.084622577
.052137858
4.091585716
4.088537595
4.083358711
4.085849233
.070576171
.052050022
.046488169
4.093228176
.053322805
4.082538606
11.285485318
.057757247
8.095412885
.055193742
.052919782
4.078834442
4.096689163
.064343413
11.294504353
4.101659534
.054041145
.074246184
8.111226282
.080914290
8.103399702
12.145098768
.058739580
.048035365
.051566705
.050266663
8.112868870
4.097283110
.049788734
4.079669891
4.092581209
.060777162
.048320584
.051046404
4.080934158
8.121306014
.064675664
.048644126
4.084552392
.068807470
.055280405
8.099222785
.057502287
.046424242
4.090239917
.056789087
.049827475
.045657216
.047096157
.046691168
4.086669289
.055681978
4.072093774
8.110810814
4.097420470
.056304553
.051144168
.048520207
4.094203246
.050178909
.043257747
.048584945
4.073618297
.059078650
.049872363
4.082456155
11.297196139
.057103442
11.275728111
.054895557
.046554868
.048166829
4.098498258
4.095504056
4.096353387
4.088004050
.057191989
4.065966497
.053078881
.045129718
4.072137685
.057282669
.047213274
4.078660850
8.118375194
.049673293
4.074451294
.063115090
4.092332608
4.079171940
.063626775
4.094751759
4.097903359
.055630163
11.284021297
24.259106816
.064624536
.051548765
.046636008
4.072134018
4.079778836
.061445978
.048066203
4.073454629
.060263252
.079921696
.058334182
.051327264
8.114362696
.057313934
.053685469
.050365217
.046766166
.051835242
.076328186
4.074925063
.060626686
.047518614
.047398420
4.085115084
4.079901026
.059573401
4.093289689
8.119508231
.060860052
.047392140
.048060601
.080193557
4.089894273
.069108078
.052007591
8.105370656
4.092570114
4.087764557
.051909132
4.090774164
4.071371918
.056385958
4.071807247
4.092748602
4.095812850
4.092821741
4.086945353
.055618690
16.150771952
8.123092406
.054617487
.048849255
4.083805140
.060440447
4.092885463
.056967296
4.090984242
4.094992055
.058456694
.052593468
15.316138102
.059657359
.053885417
.041511219
15.327013648
.064420208
.050663902
.046374524
4.090707386
.051817715
.074446426
.071647135
4.078666651
15.322693186
.062676002
.050636083
.046694560
4.094478997
4.089227953
.057141977
.045642893
.046653181
.047796356
4.081513421
8.113170362
4.103597683
4.071382070
.060317689
.049930235
4.087710124
.054597191
.049668256
.048187013
.046631514
4.080060805
.055530057
.049070667
.044825036
.049505909
.049087001
.054587940
4.089602191
8.094169846
.061198134
4.088975767
4.098111121
.051921186
.048754016
4.095388570
4.072715350
.066832360
.048883472
11.267762302
4.099722676
.058303240
