.039848865
.015766662
.020777786
.026661118
.025381035
.023068994
.028142743
.020319453
.023382952
.024438661
.022345369
.023224327
.023877952
.022334994
.021211661
.017782204
.016862204
.019191870
.018781829
.018100120
.019117120
.017430579
.017120121
.018880537
.018120537
.017790995
.018853912
.018235912
.016887746
.017711371
.019086870
.016515412
.019139704
.018000120
.016820037
.018836370
.018132412
.019610370
.017868079
.017921161
.019284411
.016703413
.016407704
.015870412
.016351162
.018361912
.018576662
.018719745
.017306246
.017689037
.018923078
.016273996
.017227871
.020009537
.018047787
.017683704
.018635579
.017573662
.016596620
.033742907
.017403996
.016913495
.016687620
.018108328
.018177537
.017455370
.017726412
.018767578
.016981953
.018375329
.020110703
.016834745
.016612496
.018333287
.018307078
.017654787
.017962412
.018741828
.017412370
.019084370
.019636411
.015700496
.017817621
.019679828
.018224871
.018659161
.019955453
.017583120
.016995287
.017685287
.018058995
.018807246
.018171620
.019328161
.020053412
.017608537
.018675537
.019394994
.017136954
.017639246
.018527912
.016428413
.018087370
.017945412
.017896329
.017951037
.042504155
.015788620
.018873286
.019806453
.018053204
.020006078
.019413037
.016637870
.018498579
.019418620
.018859412
.017721703
.017875537
.018827162
.017680412
.017458953
.019116911
.018507078
.017442203
.018622620
.017328495
.017893079
.019388620
.022413994
.018016755
.017840047
.018579840
.018892591
.017075087
.018317298
.016976127
.016571501
.018731037
.019325496
.016170032
.019939665
.018895078
.016898700
.018185536
.017946119
.019859196
.018490570
.017649943
.018845653
.018118068
.018343778
.017932277
.017527853
.016994644
.017438353
.018721313
.018768688
.017883854
.018541188
.018170812
.017702349
.017742557
.018822808
.017498473
.017393432
.019676684
.017573098
.019823554
.020113179
.017333887
.018785513
.017911470
.018172179
.016912094
.018006304
.017679592
.017728759
.016956509
.020350886
.017645134
.018174968
.016950842
.016097800
.018687382
.018427549
.019985716
.018921424
.017171423
.017046465
.017422257
.017430005
.016896547
.017369506
.017705172
.018441964
.024389008
.017902505
.017042547
.018731713
.017553879
.017113755
.017432463
.015766129
.016525170
.016394587
.018557338
.017141504
.016302420
.018107046
.018311878
.016964587
.017142920
.017788421
.016913544
.016420752
.016678752
.018821211
.019294045
.022343045
.025422213
.020660837
.024171545
.017314419
.016921544
.030739504
.026762378
.024007170
.025611337
.024163753
.022541711
.024311920
.027980670
.024963003
.023964503
.021251211
.022471211
.022339877
.021231169
.020304002
.017839418
.026110253
.027084878
.026375919
.025517836
.023900044
.025447419
.022422669
.021994586
.024591919
.022683543
.023093877
.023770044
.022299877
.023798127
.024722377
.022208210
.027228336
.021879293
.023424335
.024133751
.026431960
.024510793
.023516002
.027685086
.025812876
.024502127
.025130752
.025070626
.024215501
.023980168
.022743834
.026218669
.025208585
.020087501
.024480960
.023467585
.024684043
.025878419
.020821001
.022601543
.025499544
.025437168
.025334876
.024653043
.028780544
.021156543
.023077459
.021846001
.020229168
.022862377
.022342002
.022775835
.024941335
.023084627
.021368918
.023749293
.021834168
.021290959
.024481501
.025833335
.023516960
.026813293
.026492710
.021705293
.023884084
.025465126
.020640917
.024598126
.022670626
.020857042
.022029085
.022284376
.024157543
.024063877
.024984543
.023347043
.023767293
.026043376
.023331085
.024625293
.026904085
.023844168
.025689793
.022096668
.026906460
.019332168
.022009543
.025768168
.022556418
.022934085
.022550460
.022137751
.023364043
.023144835
.023104335
.023118377
.024249252
.025044294
.020083251
.023803460
.025628127
.021352084
.024445918
.023941709
.025113876
.025344835
.022989585
.023465418
.021669210
.021363376
.022609710
.033788669
.022243251
.022414668
.023576293
.025270793
.022138585
.024985418
.023292127
.024557002
.026678710
.024031918
.021449293
.020755501
.026403627
.017511418
.017107918
.022425085
.022325502
.022208127
.024529376
.021283918
.022100043
.023657001
.022116084
.026257585
.028278377
.024474210
.024366251
.025876877
.022047543
.020710042
.024046293
.026907377
.024172627
.021474293
.020780918
.024676334
.024090126
.021276959
.021639877
.022659793
.023964585
.023865876
.022369293
.024469001
.023555293
.023893543
.024123335
.019902418
.021054043
.023880543
.021451001
.022796835
.025070876
.024365669
.022305418
.021293126
.022881210
.023272293
.022327960
.025188252
.023686460
.024720627
.027005835
.024683627
.023370918
.023631668
.021169543
.025723252
.021561626
.020830876
.022842668
.025455168
.021916293
.025159168
.026162543
.022754335
.024996502
.022344459
.024169293
.024914418
.022120960
.027884710
.023041168
.023378085
.023148710
.024443793
.022417959
.023232126
.022220585
.022490293
.024428835
.021077418
.027743544
.026333585
.027074626
.024661460
.027275710
.022586001
.020536959
.024611668
.026706793
.025075543
.023476210
.021885585
.021871877
.019894501
.023659584
.025836043
.021812084
.024207501
.025084460
.020775376
.020976709
.022777501
.023528835
.025027126
.024233376
.023166918
.022598459
.024045668
.023214876
.024518251
.023885460
.024204002
.024681918
.021425126
.023865668
.025473293
.024609210
.025265544
.023338793
.024989418
.026773043
.025133960
.023092376
.026341335
.025493835
.023684627
.025438585
.023770959
.020175918
.017443126
.022229126
.023215835
.024520209
.022809377
.023157876
