.040873226
.014098700
.015130533
.019895197
.023177570
.023461111
.023575194
.025546277
.024657236
.020832321
.023172861
.026189193
.023612695
.025330444
.025960276
.025030027
.023660069
.019969071
.021322279
.024475902
.018490406
.026699443
.022807153
.024466235
.022213445
.019765739
.023873945
.026460151
.021406779
.021727362
.021231821
.022272862
.026484443
.020521530
.024042611
.024474944
.022571945
.023387778
.022362278
.024822360
.024086153
.025255985
.024268277
.022923945
.023862028
.023016528
.025271444
.024246110
.024309444
.025872068
.023900777
.027879234
.021349279
.021322487
.023976402
.026319318
.024446360
.021177904
.024116361
.026619443
.026154985
.021048738
.018497739
.015170824
.022967528
.026855984
.020654363
.025048485
.023513236
.025706026
.024901069
.022147237
.020282488
.020495238
.023461070
.026742067
.025568068
.025233444
.025939484
.021958987
.020496697
.023981569
.023659195
.027042234
.025037152
.019468530
.028909066
.018671989
.022632779
.022238195
.023441361
.024616194
.026101276
.022507195
.022481237
.021054779
.014629450
.017899864
.019244030
.022979987
.024629819
.022503237
.022183029
.023517278
.023972361
.020943946
.022908111
.021515195
.022378029
.022101528
.020818488
.020701363
.023476444
.021714737
.021066612
.019935072
.021373363
.020933404
.023304736
.027238693
.019630446
.021829612
.020552113
.023048361
.025309943
.026356442
.021251070
.020993155
.022219070
.045559973
.022359154
.022633153
.023229195
.027539109
.023414319
.023351070
.026130527
.023730361
.021860696
.024085777
.022421653
.022962987
.020557696
.021846695
.026371735
.022740945
.021945570
.022724778
.021185363
.014726241
.014568533
.017075824
.018375031
.020624113
.025095569
.026444609
.022376112
.019829405
.021080071
.023494487
.022010195
.025381193
.024718777
.019364614
.020076947
.023472695
.021588654
.023728069
.023516486
.022388237
.025197611
.023538278
.025094569
.026009818
.022837654
.027895359
.024173653
.021583362
.023178695
.025843568
.021853487
.025925276
.023016862
.023041862
.022665820
.021774113
.022659695
.022184779
.019714655
.024375069
.021791279
.022702987
.024327569
.025742110
.023145611
.027401442
.023134195
.024938235
.024292360
.025006652
.026169443
.024510860
.024432860
.024857818
.024809402
.022304945
.023254028
.026371443
.023261403
.023538819
.021597237
.024965694
.020924863
.024361152
.024130569
.028126858
.017955531
.017031074
.017638865
.019185238
.016729740
.021784028
.025330944
.020479197
.024626319
.025845943
.028357150
.022973945
.019029072
.024101319
.020895946
.023996111
.022545903
.027768609
.017183115
.013758992
.015242158
.017957953
.016249663
.018111917
.019302337
.022019468
.022782553
.021524092
.024024848
.022367038
.024121666
.021771912
.022567455
.024053665
.027476005
.022578371
.022022568
.020689650
.022145569
.024874405
.020359066
.022684694
.022126360
.025177563
.020773601
.020531059
.024734354
.022901561
.020923184
.022276727
.022932929
.023902597
.023332096
.022621763
.018648761
.024070013
.025982682
.022354299
.020864716
.022616425
.024010175
.025486384
.023598092
.025716842
.023659504
.023105754
.025133047
.024025588
.019821504
.023501922
.022302421
.024791752
.017789835
.017557751
.020223377
.022266419
.020460710
.029054336
.021839750
.023365459
.023310291
.023299958
.022926750
.023753500
.024418875
.025710623
.023578499
.020713707
.026072873
.026331665
.026567706
.019123165
.019629456
.020440706
.020337456
.023650664
.018375998
.020232623
.024373414
.025265496
.022385955
.026024371
.026047580
.022304955
.019243997
.023679580
.024933704
.025268870
.024598245
.023810996
.018898580
.025694162
.022405621
.021170995
.028113994
.022412162
.020106496
.026840745
.021120829
.022365704
.029324035
.024459119
.025670870
.022274120
.020883954
.024235328
.028040577
.023457786
.020311037
.022082995
.022948869
.022627203
.027172535
.060561944
.018406079
.020658245
.024225120
.024853703
.021301828
.026842868
.065640359
.020100662
.022607870
.022241745
.020133162
.019064787
.020603453
.023884702
.020804495
.023440994
.023439161
.021216203
.021348661
.023688244
.021858369
.024613286
.023490619
.026338494
.022469245
.021616662
.026856409
.017025329
.028373034
.025668910
.024481327
.024326869
.023032119
.024085994
.025109702
.026045993
.023626244
.024530994
.023929036
.023134119
.024234452
.024908661
.023131077
.022476619
.021803953
.023566578
.020315286
.018510996
.022568911
.022286786
.021798369
.022180786
.023382328
.023171869
.021749953
.025278285
.022772161
.022682869
.025331077
.021544619
.024802827
.026316535
.022403952
.021983578
.021608494
.024363202
.022548369
.024312369
.025135327
.025883035
.023877619
.023276077
.024690285
.027415951
.019446870
.022326953
.020135703
.025227119
.024919035
.023357785
.022009410
.022882202
.022409036
.023458411
.024393368
.022844994
.022234744
.024396910
.018891870
.021285161
.021637619
.020977328
.023315785
.026126118
.022913911
.023521744
.024767368
.023332077
.021576369
.021771536
.023608327
.023456785
.023975743
.022464952
.020500537
.019570161
.019689662
.023711244
.020426786
.021786828
.026204576
.022072453
.024921118
.023634244
.020064787
.025123368
.021691036
.025415160
.025411494
.023924035
.021416911
.026818784
.022594410
.021986994
.022349161
.024461785
.024115910
.022702994
.023496327
.023150161
.022290452
.023764035
.021992661
.026130160
.026029994
.024421952
.023590702
.024679619
.023595702
.024384619
.021381787
.020469869
.021079161
.025680743
.021154577
.024908119
.022682661
.024834535
.024303285
.022051744
