.043515391
.022948950
.028675467
4.057432554
.038827292
4.045048837
.029322470
.023884911
.023925202
.022223113
.024562330
.021821654
.024703330
.022897991
.021893446
.023016616
.025736125
.023059658
.027585880
.023261908
.050911373
.024525287
.027758381
.030995642
.028130050
.020165481
.032395647
4.056498717
.034175737
.031945396
.026047336
.031057769
.035554492
.031582895
.036618537
.056932812
.024933707
.027395548
.019619148
.026765172
.024905040
.024296829
.027869925
.026267586
.024234037
.022520740
.025236208
.032538649
4.051416081
.034179112
.022671365
.024954040
.024414580
.025811918
.026389378
4.060450961
.037678832
.025469083
.023474911
.026772630
.022553283
.028769844
.022862533
.021166944
.043000016
.033106651
.027329590
.035615282
.030686350
.030728891
.025644625
4.046680337
.035117197
4.057248931
.029398264
.029083638
.020609568
.028792054
.029528014
.054522263
.022623075
.018601228
.028714469
.019700690
.022242282
.029385805
.028311801
.022291657
.026337295
.027125839
4.048070116
.032886109
.029839432
.024788164
.025334167
.023186826
4.050860059
.040259632
.026856963
.024757581
.026712796
.021055153
.026417295
.023963453
.023612577
.023729370
.023796995
.028076342
.023764495
.024119954
.023393743
.025707835
.028298301
.027016839
.024569623
.029016137
4.039775993
.036596454
.027932634
.032190689
.028642510
.034374029
.020514943
.026732796
.021693321
.021142402
.039820881
.026774796
.025851459
.022650741
.028021342
.025294374
.023981578
.025675626
.020138232
.029145553
4.048986648
.026533086
.028010633
.030086057
.023971495
.029551930
.022001697
.026494920
.020986944
.029751514
.025724917
.027806299
.022141239
.024889915
.032695399
4.060782915
.034729488
.030024473
.030365640
.025154957
.028506676
.023043450
.021858363
.023947494
.023292242
.026427752
.026260128
.025505000
.024011078
.026327752
.024916247
.024688539
.024655206
.021939280
.023855495
.029592596
.025997002
.022439574
.025105832
.023484160
.025677333
.027132797
.025971918
.021764613
.023795911
.026993046
.031784978
.023032533
.019156521
.022112447
.021657695
.034519112
.030290181
.036588410
.029953889
.030488433
.025345874
.025808626
4.059422203
.026862296
.027419714
.023923203
4.037796996
.021786821
.024418996
.032841273
.028470884
.025802375
4.043110485
.041212220
.026725713
.031254520
.023890371
.021842947
.026300545
.030505351
.022019490
.021735822
.019718899
.025743460
.022324865
.028602845
.030212433
.019082521
.026263087
.022031822
.022702909
.029152637
.023966787
.021469529
.029213221
.029126680
.024009037
.022664033
.022766741
.031325145
.021700988
.023714745
.027936050
.030548934
.032350023
.021480779
.025598042
.028475594
.019293397
.021350570
.025501084
.025658793
.021815197
.030167350
4.051177587
.026526254
.030102766
.029925307
.025273333
.022862825
.026953505
.022965701
.028270176
.023222701
.023985787
.021745030
.024258788
.022936409
.025424125
4.051450059
.033499402
.024391580
.023851703
.025700585
.029168512
.026888005
.022367073
.025539251
.027732382
.023372410
.022126031
.026556671
.025890168
.027978300
4.069600885
.034817614
4.024300804
.021011069
.026853921
.027322464
.022325490
.028251009
.021535862
.025183791
4.051101790
.038704585
.029362263
.022109823
.023411326
.020615609
.024069787
.025888335
.022824658
.023443202
4.047374968
.033039233
.025609626
.023809203
.025768292
4.051312342
4.060116359
.031606353
.030636850
.022130072
.028504259
.022180364
.021092569
.022120281
.023629285
.026477794
.026602962
.026055294
4.053114572
.029095636
.030540266
.029963180
.022574449
4.057302573
.025658750
.026158002
.032727315
.030724517
.026760795
.026925379
4.048239661
.033048192
.028168926
.024611623
.020799694
.020519609
.026646797
.020676277
.024706581
.024183997
.025721752
.027273757
.028744178
.028015843
.024492206
.022196365
.026267795
.025497834
.021310612
.029799599
.022703616
.028282469
.025539876
.024911249
.022295073
.021748739
.023838412
.028388927
.026660838
.024066788
.028600636
.025897377
.020904569
.022590492
.029505139
.021576405
.022479449
.054047385
.036739994
.026192252
.026777129
.025391791
.023597576
.020105149
.026415044
.022908283
.024395621
.020505275
.021764613
.026603628
.020283483
.026551795
.025311374
4.055265092
.035518721
.026717743
.023516871
.023745098
.019871702
.016017873
.026591901
.024390766
.019714132
.019744139
.023277017
.017801854
4.061543135
.031893324
.031195952
.030012978
.027904689
.023357009
.026791267
.020567190
.020838812
.026028026
.017685754
.026652366
.025041060
.020925969
.021139213
.020587537
.029844642
.026903764
.023492103
4.034664577
.020798611
.020344982
4.034984906
.029015818
.022869564
.026572496
.022708393
.023190270
.021015909
.024232051
.029439441
4.027609082
4.034701235
.027658818
.039354249
.027750722
4.042743790
.033065041
.028057878
.026853615
.025267404
.027377821
.027476890
.022197860
4.054701750
.030007368
.026540524
4.057285564
.037941696
.030190974
.026950678
4.047454386
.040937348
.027195444
.024663165
.026403546
.021335794
.020600268
4.065782365
.032305239
4.034657581
.033833453
.026992357
4.057715743
.032451148
.024210067
.025849600
.022142537
4.049963421
.028520482
.027214184
.024324160
.022551202
4.055462402
.028936871
.026189362
.029811661
.022177731
.025521445
.027324850
.020297659
.019988713
.024441230
.019625777
.023770793
4.041148064
.033360801
.024863360
.024280374
4.044173659
.034306187
.029428772
4.059303874
.038012507
.024441188
.027126115
.024253069
.024275375
.022369114
4.060539861
.038672492
.022509935
.020667866
.027657424
.025323537
.022203632
.025172843
.018721163
