.066201606
.036939328
.040694456
.040327539
.039610580
.036876869
.042299124
.038881704
.039480955
.037593745
.041874832
.039176288
.042379124
.037984161
.044298793
.039531996
.038223162
.048863714
.040882873
.042837875
.040749289
.042112457
.040733497
.051042049
.039461330
.040742831
.039853289
.039731372
.040661414
.041817915
.040437205
.040349747
.039843705
.037407827
.039138079
.040024205
.038828454
.040219497
.041440998
.041729207
.056940722
.039402121
.042093624
.041146956
.039272579
.041816165
.041725831
.040881581
.041633082
.037185036
.038037870
.042905542
.039445413
.042012415
.038738537
.038233703
.042635249
.039856622
.040469206
.039868747
.037646703
.042229749
.039456663
.039279329
.039665664
.039993206
.037606869
.038334120
.039597914
.038269621
.037928703
.038390745
.040245830
.038813163
.039052705
.038701329
.039753872
.039491038
.038663371
.040109622
.038134620
.039241038
.039911038
.039167996
.040491497
.039212413
.037959328
.038878621
.039263121
.037097828
.038547745
.039768997
.038691579
.038897204
.034592992
.038614538
.041942541
.040910372
.040816164
.039072830
.039435163
.041632332
.040100539
.040417498
.041083498
.041166748
.038851746
.042846833
.039939289
.039261830
.040533622
.040881664
.040260497
.040759581
.039246122
.041148039
.042059332
.039533996
.039080205
.041027998
.039976580
.050732132
.046734628
.039790747
.040433456
.041378415
.040284539
.041931791
.040113622
.042093166
.042505458
.039327079
.039965081
.039930497
.040742206
.038530745
.040291039
.038117245
.040807789
.037889869
.038178703
.039103621
.038870704
.037961662
.039450163
.039976289
.040777081
.038907288
.040357456
.037963161
.039429038
.037514662
.039838663
.039067746
.039298580
.040932498
.038148661
.038364495
.039794163
.039911580
.039703455
.038767912
.038792204
.039657622
.037705287
.038583371
.038052245
.040784706
.038299704
.039319079
.037705550
.039996349
.042342775
.038796638
.039327430
.039258389
.038589450
.039956577
.038912865
.039659493
.050707651
.037856321
.039469617
.037491054
.039768309
.040272727
.044103279
.039609267
.040157226
.039623965
.041415092
.037978334
.038701877
.039470296
.039949963
.038034417
.038667659
.036764573
.041611290
.039233952
.040629538
.041802458
.041432119
.037703484
.043531745
.041996617
.049713006
.039690862
.040163614
.039655107
.038440355
.040774068
.041884736
.040975735
.038563606
.041162481
.038172310
.040881731
.037926601
.040071771
.037800434
.039780728
.036052761
.039562642
.039612142
.039679475
.036942888
.039840058
.039258558
.040755849
.039755057
.039717265
.037934971
.040187890
.036494260
.041602766
.036929218
.038959971
.038553845
.041437349
.038200386
.041307432
.038596427
.042321140
.040096345
.040598763
.037662384
.041345930
.037419883
.039387760
.037265591
.040478720
.041249054
.038957635
.040098220
.040362303
.039839052
.040792261
.039294885
.040723636
.038277966
.040279927
.040202885
.041061137
.037224840
.038839841
.036996756
.042394304
.038919341
.043346763
.039201384
.040937886
.038137216
.042770347
.038273132
.039690842
.037295256
.039377426
.039382842
.038695633
.039421342
.041677511
.039478592
.040898968
.035765170
.040100967
.037960840
.041210177
.039100591
.039350883
.037876464
.040432510
.038807258
.041664595
.038941549
.040339676
.037460339
.040337134
.037060338
.040818468
.041208094
.041667677
.040552718
.037453797
.041392135
.040555635
.039016299
.040458801
.040496967
.040530800
.039383341
.038301256
.040625260
.038467173
.041898177
.040814968
.040208842
.040941760
.039865384
.042146844
.041131718
.037667339
.040311675
.034217709
.040976218
.039819883
.041325427
.038721340
.038708382
.042925262
.042935637
.038587882
.037609339
.038182714
.040792342
.038285256
.040875218
.040227133
.042129136
.040105966
.040363717
.039706591
.042151303
.041032051
.037557422
.043897763
.038485756
.038997215
.039359924
.039921342
.038269507
.038899632
.039170549
.041411927
.035552586
.040158009
.049596479
.038257340
.041531427
.040398218
.036951838
.040313425
.038399090
.039901841
.038956132
.039141549
.039729134
.040624843
.040471134
.041383051
.036371379
.040210508
.039639091
.066785833
.040187175
.039959175
.042320512
.039440882
.041202259
.039320091
.038024006
.038041798
.041590885
.037595756
.040792301
.037397089
.039577716
.037518214
.040208675
.036568171
.039439674
.039618716
.040544342
.038037422
.038674465
.037371505
.037835214
.038110423
.038441882
.039233132
.040482384
.037782131
.038417090
.038929465
.038867341
.039537007
.039846841
.041616260
.040004092
.038417256
.037715047
.041587135
.041512760
.038661257
.037422839
.040307426
.037814880
.039565050
.037322630
.040527009
.037721463
.038110881
.040389634
.040302717
.037164004
.040225592
.038679799
.040475509
.039251424
.039202633
.037018755
.040898677
.035806836
.039545174
.037285088
.039535132
.037407797
.043474846
.042300803
.037518505
.041033551
.038744715
.038024631
.038476882
.039021257
.039508882
.040513926
.039842883
.039218424
.038823965
.038089298
.038931924
.039512924
.039603675
.041235301
.039299591
.039871508
.040452759
.037595672
.039493841
.037708506
.041378760
.038966216
.040609967
.037741589
.040300092
.038687424
.042133303
.040013967
.040257717
.039426882
.041374426
.039710842
.040958010
.038266048
.038864257
.040878592
.041300510
.038787673
.043539846
.038815215
.041400969
.039467174
.040388384
.040495425
.038697007
.039853925
.041271093
.038110923
.041475344
.037948423
.041338635
.039220174
.038693965
.039849342
.039003507
.039259715
.041456302
.040135092
.040369759
