.046235399
.020291524
.021877236
.021940278
.021506653
.022842406
.034148485
.021750445
.019842022
.028253799
.023285533
.019809647
.026119208
.021210360
.020785775
.034674694
.025696624
.020866942
.023740076
.027854756
.023548992
.024613038
.022693449
.024832164
.022430157
.021568071
.021096985
.020835360
.021837238
.023922244
.020314733
.019308480
.023607952
.020326858
.022830616
.021491612
.022054072
.017438890
.023196742
.021081235
.019950899
.028924511
.023586410
.027047838
.044934186
.028255382
.024768663
.023730827
.023003324
4.035258324
.029006509
.022097487
.019759273
.024891581
.020075066
.020255774
.021158111
.021906822
.021980697
.019004312
.021446486
.020798568
.021984656
.021678737
.025586417
.021912447
.018593603
.021130528
.021105610
.020102690
.020670568
.021921738
4.024766825
.034829738
.026768087
.026068127
.020042232
.027127130
.021668570
.024367746
.022998534
.022734448
.021268277
.023377701
.022394823
.022856158
.022659407
.027016838
.029851056
.027092255
.022673198
.021934654
.020190857
.024615539
.018697895
.027117630
.025470083
.020643276
.026349669
.021302819
.027727799
.018093976
4.044480204
.024474121
.027614715
.026965420
.023711035
.044495687
.029632513
.027271006
.020143149
.021793654
.023061576
.021266944
.024314621
.022180864
.020968402
.023633952
.026618546
.021835779
.020552734
.021562154
.023098534
.021755904
.023545744
.025230707
.025028290
.023701119
.023763911
.029576763
.023532493
.020389650
.026697003
.022448240
.021462945
.021163319
.022206322
.021087444
.023855702
.026108460
.022525490
.023129325
.022622740
4.052097760
.025956376
.028114842
.034433361
4.075694925
.024424704
.032533606
.032239479
.029852972
.024946164
.025204124
.023569160
.022229697
.022684615
.024729330
.023912869
.022170197
.027789631
.023166533
.024915914
.023525576
.029081345
.038524500
.026002709
.024059245
.020998943
.026546919
.022195072
.019444522
.029097553
.021070735
.023057075
.021874237
.024849539
.024749455
.021882071
.026855462
.019691730
.022208405
.021959238
.020715234
.024049286
.024764705
.026297251
.025772167
.022953074
.024006536
.024320412
.022676865
.021978737
.021359653
.019736522
.022058572
.021839738
.027428506
.018928853
4.047866168
.029640221
.026406918
.023184950
.021212735
.027424297
.022580073
.051708751
.020533150
.022968032
.022890615
.024320412
.024476621
.023697160
.021434069
.026924295
.020749525
.024623496
.021255777
.021700695
.023894078
.023778952
.023390076
.023956244
.022858241
.025634416
.059080775
.024161245
.029320762
.023620034
.022929033
.027690590
.021439986
.023535660
.025719500
.025618042
4.051509252
.030376431
.025148665
.026456919
.021717071
.022256030
.023817911
.025807000
.022558532
.045451022
.025555125
.025030789
4.055638484
.031996895
.033250566
.025715958
.026019375
.025442999
.027014587
4.056108513
.027439255
.034288111
.022007571
.024844539
.025698750
.024591955
4.055322206
.030472432
.026886211
.022519531
.026830961
.023809035
.026561377
.028285258
.022564115
.025716499
.026392376
.026910170
.025774583
.022224072
.018746436
.025571207
.023286409
.020698609
.024962789
.026898836
.027383963
4.060422239
.031304395
.032480815
.023396994
.025967376
.022259698
.023292785
.021762071
.023353660
.022101530
.022335657
.026423170
.027564257
.026360003
.024521997
.021707404
.029545430
.026338336
.023333659
.021846072
.025340125
.024406080
4.048482745
4.048948142
.034865488
.028428426
.024438830
.022816075
.022844616
.025506958
.024035995
.020162358
.021520945
.017473849
.024075996
.030417974
.026433669
.024512414
.026428711
.022224781
.020100398
.025049082
.023042742
.025034957
.024114203
.022446574
.028133300
.023301284
.018820937
.024504788
.024235079
.026549670
.024239620
.022178281
.024499538
.027268297
.026681087
.023653202
.024721581
.026913504
.026000835
.025293124
.022701115
.021544903
.022591615
.025562917
.024586705
.022465948
.023551951
.018641394
.021533820
.015935468
.033580776
.028111925
.031265810
.025581750
.021328903
.025663750
.024283662
.025653042
.022966575
.022738574
.023292785
.025183124
.021273944
.025755375
.024173578
.027323048
.024162079
.022018197
.022007030
.020677984
.022715740
.026704337
.018841936
4.040202720
.028986428
.021199736
.029088511
.026144668
4.049101689
.032468188
.031305268
.022437573
.026649837
.018609935
4.048862172
.029827221
.027086297
.023640701
.022505531
.020897401
.022361865
.024731497
.021927238
.022144280
.024323996
.019539397
.026013584
.025719375
.020913651
.028523259
.020226107
.022347197
.023526660
.023802577
.021839654
.024242037
.021934196
.020010357
.021315736
11.244459373
.026946003
.033559900
4.065157545
.027488964
.051707459
.036724161
4.046042037
.029586514
.024298455
4.045811772
.035694534
.025264625
.024534455
.024073621
.023124367
.022454324
.027609466
4.045103451
.025659334
.028487218
.024524372
.027849133
.028861011
.024517372
.024808540
.023463035
.022514615
.025779251
.022001905
.027924050
.021760697
.022205072
.026535129
.025593875
.025371208
.021057527
.026607921
.030857185
.020048982
.024155912
.028277509
.021610695
.025026790
.024412747
.028673718
.018347393
4.035223199
.033570401
.031612645
.024410038
.023257284
.023678743
.023041742
.025812250
.020288650
.024816998
.019631772
.021965613
.022273780
.026806587
.029337720
.025988376
.028925260
4.040039065
.019180979
.030954684
.027752257
.025238957
4.053481883
.027964216
.026700295
.026802962
.018382018
.015930135
.035157073
4.045006422
.029552346
.024134662
.025221040
.022658532
.022526781
.019807523
.026137418
.024540121
.026670378
.026971755
