.054652099
.017309227
.017053598
.024105291
.018018239
4.054066302
.025861693
.022232429
.023130401
.020647529
.020253315
.022416306
.019446803
.021268497
.029187245
.024223418
.023524115
.025035431
.023365446
.017661399
4.027120634
.016603383
.021001952
.029352997
.027851558
.023412197
.022137761
.023737828
.022868647
.021586586
.022241762
.021997009
.023737452
.024133916
.023594075
.023991456
.036678571
.018024280
.017989696
.022075052
.019196548
.021018576
.025826193
.021974966
.021749588
.019668598
.019484969
.023200653
.024586007
.021341124
.020602570
.025508813
.022279930
.020092770
.021472876
.020084270
.021205787
.022434474
.023340738
.021220371
.022630477
4.044912993
.025494563
.020126604
.024609508
.024118875
.023729702
.029377706
.023331404
.019276716
.025112307
.022714103
.021839672
.025189433
.024432630
.022888060
.019139372
.025572552
.019047672
.018582376
.022930549
.016866398
4.027091450
.027578049
.028421019
.022451984
.023751753
.025533820
.020791294
.022528527
.021244634
.022551861
.021184014
.022412240
.024692772
4.046817487
4.036160683
.016737668
.017656223
.017155882
4.042874900
.016711502
.018015438
.037164435
.017445596
.021828120
.017410345
.039930101
.020182179
.017112049
.023604813
.026090226
4.023053167
.018831450
.022013665
.029510986
.025515510
.023014097
.020924273
.028295718
.021229278
.023079681
.025040586
.021218737
.022001748
.026273604
.022419546
.024406076
.025193921
.021933497
.020611769
.024510994
.021560574
.025006918
.025589136
.020851814
.022902428
.021240528
8.061803118
.030527460
.029988452
.020595727
.025229338
.023603397
.020965982
.023118723
.015648027
.019858132
.021909414
.019585337
.020072345
.025927266
.028173258
.023083223
.021723161
.023370644
.021181652
.023200975
.026752778
.039880017
.025656137
.020627311
.020014260
.023032139
.022942679
.024749331
.022683425
.024751331
.023385435
.023969653
.019334166
.025370173
.022483630
.018147273
.026103935
.021395739
.020758646
.021229569
.021673327
.026252729
.030286540
.022817719
.023279892
.024358326
.022759426
.024234990
.018406861
.016435956
.016385914
.023581063
.020507684
.022282919
.025426841
.021934705
.022595174
.022036748
.021549741
.025867681
.026917447
.025033752
4.053715988
.024877708
.023407395
4.050572108
.033866302
.018036313
.017753809
.101038147
4.039496381
.032348580
.032447999
.025784705
.018992659
.020587513
.023213672
.028604129
.029053551
4.051303517
.029781962
.021426720
.020007532
.022697362
.020550376
.022621197
.026041079
.021168176
.023003369
.023263415
.019774074
.017609211
.017158871
.025852703
.016807074
.016618154
.027773065
.017147704
.016424903
.016845367
.016316443
.031846374
.021779938
.022418406
.024745564
.022722118
.022583951
.022527200
.022259779
.025213655
.020428170
.023934345
.021829357
.020452295
.021008220
.023021541
.020751592
.024070181
.024077681
.023623550
.021984943
.020876886
4.023888222
.030986950
.027946739
.028379870
.016039441
.020011374
.022703080
.019823829
.019266322
4.046650325
.018451393
.030524777
.029960061
.018598229
.022418368
.025031489
.024812278
.024889654
.021501896
.027524609
.023056418
.022188614
.021898485
.022850916
.020924388
.026479010
.024716027
.021382311
.023509217
.017705258
.020864720
.018793898
.023864514
.021057140
.022072113
.019936707
.023831054
.021204767
.023263171
.025153575
.028966338
.022858040
.043536758
.021395186
.023214421
.023899348
.024820361
.026213048
.022754497
.025112157
.017065665
.019493826
.019276238
.019949874
.023071336
.023027752
.022573953
.021681191
.032330304
.022672163
.027036768
.019953124
.025018281
.026336924
.028315954
.025921377
.022855041
.024906987
.023504092
.021394687
.022250990
.022340200
.022581996
.022660288
.026888974
.022486410
.021979486
.026372467
.021161558
.021879360
.024007558
.020681384
.023200713
.023140920
.019202988
.021706566
.026028420
.017865510
.023084002
.027837321
.022596537
.022327449
.025439828
.021979903
.018639063
.026092713
.021782484
.018181306
.023549676
.022661955
.019531451
.024764152
.021998862
.020299587
.024004849
.022055112
.021541064
.024752943
.019352282
.020423339
.026214048
.022476161
.022476077
.025723666
.019631911
.024043517
.027369606
.020935513
.020715509
.020074708
.020320795
.021462126
.018782047
.040562095
.040390217
.026836490
.021138080
.021815714
.035314398
.037309550
.023844325
.039732333
.024986090
.031448679
.034899934
.031639306
.033301871
.035214439
.032254440
.036446330
.023937243
.017837493
.027304206
.027341373
.017235026
.016921939
.022217261
.034459553
.040910099
.037195341
4.045125716
.021826339
.022444681
.034492470
.030784127
.033220703
.032434817
.032707196
.015680256
.015415085
.016674603
.022820769
.036021866
.028513680
4.049326651
.037324883
.020625906
.021002911
.040644262
.041887196
.034396969
.024177829
.042492246
.040859182
.019198387
.034561721
.037441969
.016787895
.032142855
.035489026
.016615101
.026832699
.017829993
.019173803
.043742888
.017009899
.024645044
.037408051
.034615222
.037453677
.036042242
.033147327
.042313869
.028805601
.017272277
.038987823
.035571860
.033970379
.035821530
.028944644
.036969795
.027104411
.031042631
.022297179
.018372251
.034259759
.038128644
.027988423
.034298635
.036014783
.033107784
.028157968
.034906434
.024056703
.030715210
.037967226
.042257409
.037746390
.036950545
.030134619
.034129965
.039686041
.040218006
.025500347
.033041867
.034729640
.025981771
.026822616
.017165318
.036548707
.035741112
4.055267775
.041504483
.016721145
.024290539
.023466820
.037509762
.029707072
.022850395
.036629332
