.497185161
.489999717
.471795563
.506254804
.496415170
.506412178
.485443920
.519914993
.512908422
.506808093
.464325788
.507791377
.467221100
.503241703
.491262460
.512361217
.486193249
.489083935
.483416353
.477180483
.495834634
.489371432
.479881546
.505221897
.504242987
4.497944105
.499607605
.482789691
.487192199
.493872107
.491648248
.474975666
.492829281
.491200419
.516664852
.498011701
.493924065
.490501049
.500129643
.487990485
.500020803
.504337579
.490672633
.495111778
.496994090
.478660356
.493186310
.504219494
.506156462
.482587000
.506210947
.474499672
.482368298
.508311397
.496071519
.482033570
4.495887019
.509310816
.503026494
.496692255
.499174695
.481720503
.486699714
.477549996
.506323599
.471853793
.497750793
.482663843
.522600389
.506681190
.500219810
.508729570
.483918528
.514847522
.501123577
.497337533
.517061094
.503094067
.489235120
.509182720
.512434521
.483134807
.485082997
.501370715
4.492374885
.491225106
.516426279
.507856903
.503168699
.494636948
.501031719
.488898046
.451521991
.505136263
.495109610
.510972915
.484827294
.488532382
.494636282
.491232940
.502110918
.498971531
.488352217
.478020193
.489228168
.476444292
.514119634
.497887000
.483579514
.476884496
.493051088
.497769251
.514060301
.500589115
.510089720
.469245038
.529699872
.505729500
.492623244
.515357344
.500916641
.482770249
.498105764
.473147575
.483773616
.518847011
.469860005
.494309862
.447552908
.476573463
.487130886
.489541484
.498683839
.460738952
.495907896
.514505176
.493594429
.498274555
.511600753
.517213295
.469098341
.473622767
.482248202
.467154930
.474003662
.476537028
.507745946
.494974813
.476868107
.520249825
.497261268
.497355188
.498976233
.516704879
.518829712
.521263196
.516975762
.507838867
.496429651
.458156896
.485334672
.517037334
.498353177
.519563072
.512225934
.500495518
.492449535
.513776527
.506176261
.519362515
.496771611
.517921933
.487842401
.513722000
.499822897
.497490796
.501003351
.525563428
.485155059
.513588797
.480810535
.498928335
.495326290
.484726255
.485421040
.486010002
.507622066
.510579341
.521341047
.504675961
.507670246
.493077053
.517375230
.517248902
.464115024
.472319571
.514803359
.510420545
.505367495
.494848317
.482389493
.513794524
.513576669
.491482299
.494551647
.510272669
.492969439
.513107199
.482788818
.520206801
.467417023
.512602636
.506965709
.488555283
.493243394
.505626153
.497382469
.502965714
.506682377
.496801343
.492746166
.511013050
.497359963
.494868698
.515650020
.528831013
.497722235
.500816590
.467958263
.485804068
.475935537
.486620888
.471079877
.486376734
.485570459
.504170564
.500798044
.516800604
.500747238
.491928261
.510965286
.495688269
.480809951
.463086475
.470998896
.522177081
.502015230
.504187819
.508818344
.486525217
.488010893
.519167123
.501897688
.515523919
.518097859
.509556004
.510401195
.495031155
.520983275
4.488696351
.478775713
.487846474
.499220896
.509971871
.511284785
.508851006
.490406476
.509425805
.502006374
.477057095
.521168661
.484372615
.500623694
.489791784
.493123217
.520497259
.497407312
.526665145
.480580805
.498993297
.529567029
.487067866
.511690736
.492749308
.491744488
.496995037
.508303984
.485928929
.510592068
.477518861
.503257934
.486168804
.498272020
.488834916
.494173181
.437824044
.498450243
4.497456678
.501823378
.519441381
.498866022
.496140052
.494714790
.486195923
.489847070
.497800499
.479799234
4.501551134
.503644834
.518839118
.499551813
.486411251
.497042061
.477998599
.508745500
.499831738
.504524387
.478653854
.487647575
.486613533
.499973518
.487229737
.457716527
.482378605
.499493155
.484458856
.499852893
.500089641
.503387056
.481337775
.499261918
.473587335
.498180178
.512309187
.496173172
4.498648833
.500967305
.505926999
.512243659
.502156078
.509218885
.490280374
.520612038
.513590422
.515600208
.511782426
.526579282
.483513411
.493277437
.503991555
.523437419
.495552260
.503836226
.460689764
.510472697
.503985826
.498476671
.496040570
4.520141762
.492541154
.511705248
.501497162
.508805097
.541053873
.488840497
.488090109
.489302764
.485594921
.506971741
.497266437
.505490279
.498998683
.518396194
.478893180
.499329015
.501439461
.494263787
.484255064
.494578388
.506915315
.494138156
.497357911
.485111856
.508245780
.509272636
.494077949
.491143911
.481007055
.513066283
.511359829
.500471028
.499851493
.498520177
.491481345
.502733657
.512141105
.481328960
.485298101
.506388959
.478927023
.485547540
.496719692
.502019823
.502749677
.506488733
.491577405
.503680932
.503912965
.510674784
.488771133
.511480177
.504983188
.489757627
.494021282
.499310833
.505790195
.504041493
.494545805
.470025195
.494616443
.465017307
.496695800
.519449513
.487353100
.478900573
.488413544
.518667356
.513204752
.509614979
.523810963
.510825012
.490398736
.486837266
.501380911
.510572270
4.507436067
.487849020
.488289343
.498650741
.500827617
.500865759
.481272938
.508314980
.518500421
.513827037
.512386663
.484198709
.510973636
.497782377
.517033887
.512544650
.476007486
.510072568
.461555895
.510027489
.468747451
.518776113
.486985625
.497221038
.482349995
.516951200
.504727663
.495701579
.487067750
.494745567
.504509569
.506721134
.504327817
.509835658
.514882024
.504002769
.507260844
.476134041
.494988068
.505105297
.495408825
.488326239
.510271698
.482658368
.501523813
.502990399
.514581417
.506703437
.499351631
.513601572
.491997065
.503653529
.503113733
.484849263
.492048191
.512951093
.504528208
.488705850
.512666608
.503809911
.505338043
.498952081
.483802792
.487207678
.502027646
