.042938901
.025545417
.023314307
.027933354
.027233759
.026442711
.025068685
.048251342
.025761234
.032363859
.024689718
.025759356
.028783552
.027700413
4.040510707
.038018425
.025996314
.022695231
.023772285
4.058027062
.030150388
.023047740
.023968243
.028942909
.023958451
11.248793865
.036776100
.025917857
.053946058
4.054123257
.029444801
.024406744
.026920815
.028119832
.021618981
4.066109600
.032459543
.030117587
.027582601
.028975774
.023221842
.026257259
.029658654
.024976287
4.046098157
.033555677
.023222418
8.078547673
.036870057
.029136325
8.063886967
.031452302
.026830147
.025277568
.028839534
.024584483
.021838720
.024273665
.028434637
.025205738
4.059099124
.038099057
4.046476246
.033062664
.028083159
4.051674218
.038822317
.030053569
.024021188
.027783262
.024650422
.022682589
.028223657
.023549375
11.250242096
4.058823114
.027936321
.032149663
.025267795
.028637475
.028731938
.026320170
.023431801
.025330837
.025880693
.038864055
.027122322
.028131447
.029904810
.020594386
.031513126
.026122113
8.064302307
.040524020
.027666830
.026389528
.022097563
.030111346
.026140685
.032221515
.026289025
.024209980
.023524328
.027258229
.025431238
.026689164
8.071617672
.039879265
.031922986
.028380178
.023973627
4.065025694
.031781600
.026795610
.028516594
.023593981
.027075994
4.050430981
.035045597
.047866631
.026928511
.033161287
.031575686
.026764296
.031234130
4.044189026
.036386776
.026282565
.027840499
.024417620
.029144963
4.057667583
.031103962
.029000219
.028608536
.030756068
.038609151
.035311484
.024688152
.026647404
.024788188
4.049639679
4.054275985
.038217204
.032871584
.029134946
.025837322
4.051906397
.038759497
.031497166
4.066984461
.036725787
.024731592
.025624785
.024486191
.021366598
4.044489837
.029179679
4.049332065
.033849959
.025806225
.022899785
.020016760
.024035170
.021246515
.028843779
.025532991
.020861414
.030839110
4.045522224
.031683884
4.047671852
.033647170
.032295424
4.062533735
.034513609
.026666865
.023564981
.033108617
4.042713070
.027626675
.027885117
4.051901256
4.065463192
.035937889
4.054377343
4.056225246
.035423695
.026596262
.028410658
.023417942
.024626401
.044650002
.044700958
.032429129
.024530198
.029876377
.026847733
4.049379841
.035490812
.046487675
4.053582447
.036520255
4.066711281
.041308702
4.058574126
4.056234767
.033159927
.024958615
.047001920
.031917132
.025720095
.027501737
.021930721
.021412203
.024522222
.024948569
.023240471
.022436987
.020994773
.036083992
.045176562
.026789979
.030019904
4.060369614
.040372598
.027445565
4.062886777
.031393876
.027244956
.022603971
.021800907
.026376592
4.048699370
.033227492
.030949526
.030164047
.022530920
11.251008178
.034721647
.028834623
.027076267
11.254989501
11.250454175
.039083901
.028958073
.027720276
.024828234
.023772803
4.056827990
4.045684877
.038849125
4.050425081
11.249097268
.039049861
.038142207
.026830613
.025672791
.029175136
4.055900453
.037716787
.031459390
.034060541
.030011936
.024824095
.028508178
4.049172160
4.067190749
.037904627
4.058931184
.032920822
.025584887
.024874043
4.043717647
.034006451
.025050893
4.050852148
.034752587
.032077984
.024138269
4.052356629
4.049895332
.040568937
.028247561
.025843744
.024876950
.024928873
.027143707
.024686007
.020248089
.024335878
4.047455075
4.068923612
.030932790
.028430335
.023503269
.023625659
.019267043
4.051102134
.033640689
.026993646
.026486621
.024892285
.021004731
.025081518
.029703253
.021345316
4.047896878
.027684820
.034713664
.026418695
.032975393
.031627963
.025604794
.028404871
4.058930090
.031607168
.024907161
.024586201
.027458455
.025979343
4.065902259
.033317936
4.044188770
.037560287
.027398906
.022973822
.024934622
4.058087519
.030648167
.028838637
.021454913
.019543619
.024325750
.027000978
.026008138
.026464657
.024584159
4.046011510
4.064807290
.033322608
4.063108628
4.059551743
.036361136
.023903464
.022285878
.025206802
.031048276
.026471385
.020397797
.023396107
.027031958
.025713496
.026479054
.027404342
.024186379
.022443233
4.053111501
.040304787
.027777769
4.050735046
.044689823
.029990978
4.060236161
.031960153
.025676870
.029106528
.025733418
.029609552
.025502430
.023338021
.021888831
.027116475
.020600579
8.065579000
.037472209
.028091645
.027384677
.044716327
.029065995
.029740833
.025250290
.028883305
.036146960
.025992303
4.058818231
.031692422
.030097005
.025764232
.026476283
.031658667
.026033767
.028854551
.047185773
.026923674
.026504911
.021685492
.022884065
4.054327943
4.064333372
.035142788
.028540594
.023878778
.024639961
.024837237
.026868876
.020184880
.024077304
.027109824
.028419537
.049008411
.027453419
.037128043
.036655525
.028560063
4.070353667
.029482932
.029773261
.041363508
.026230470
4.061549863
.041160440
.031010004
.024427112
.032388765
4.058854224
.037984696
.026827797
.023874541
4.051715084
4.062103018
.039509568
.033262238
.022474085
4.058013344
.030439538
.031285984
4.054194867
.036362014
.026243306
.021658179
.024039817
.022476867
.025246055
.025744743
.027390537
4.061160176
.031761637
.024005357
.029589194
11.252831374
.040553053
.031705631
.028566648
.030980915
.022271136
.029187768
.027060872
.028474302
.022724943
.026602189
.022897048
.044475145
.027969024
.026484795
.024937226
.024739534
4.043728737
.038608949
.035461927
.028653194
.023373070
.023134373
.026972857
.022336231
.026337235
.026608728
4.052824585
.039146808
.026080953
.024642147
.022840045
.029375785
.024666567
.029159883
.029952733
4.060578211
.030351025
.035108519
4.053044658
.047931785
.036821635
.031699360
.027540833
.027785374
4.053556146
.034862475
.026550880
.021225849
4.048794890
