.062056672
.018796597
.021053349
.018403305
.023752225
.025246019
.027125895
.026566311
.024003143
.023562475
.029744813
.023248058
.018109263
.024631976
.040177362
.026207311
.026139935
.022705266
.028111520
.026312810
.025764684
.024918809
.023501100
.025006935
.025282600
.029678229
.022624307
.024215100
.023386808
.027821353
.026321643
.024741726
.021731390
.026211518
.024510975
.021290515
.024235725
.026949186
.027025643
.017798220
.027503728
.026832977
.023243849
.023082891
.021720515
.026660851
.024406058
.025178642
.026599101
.023414641
.027449852
.016080261
.018384221
.024226558
.023599891
.025428101
.023604516
.023788683
.028286144
.022079515
.025864101
.024829308
.028540144
.026301268
.023219974
.026426393
.023504766
.023797724
.025724517
.027804269
.027234352
.020525889
.022461724
.027213102
.027729894
.024318933
.024944350
.024074099
.024725892
.023912016
.027340060
.027614185
.023167974
.020071846
.023683849
.027982394
.027305769
.023862850
.028558519
.027292893
.027772935
.027955769
.022759890
.025214351
.023035641
.021044306
.021820514
.018560596
.018956929
.023414099
.032025605
.027609477
.027085309
.024128350
.025858850
.028328686
.026255892
.024215850
.024985434
.025761017
.023781974
.023336057
.024946142
.025355809
.026252642
.025443142
.024791142
.024817600
.022662432
.025831975
.024079808
.026608976
.026873226
.027346351
.032124438
.021077097
.025010808
.025340975
.031501854
.025043850
.022486557
.021172514
.038268276
.020402472
.022905890
.024961351
.023278057
.021024639
.016816428
.030857104
.022358932
.027957852
.026990893
.020829014
.024639267
.023603099
.024039224
.025111059
.025554226
.025780309
.026282101
.022662140
.025651475
.024465267
.024105099
.025579892
.024588642
.025562767
.026921143
.023945641
.023703016
.025061684
.023065890
.022473681
.018660179
.018701721
.022213515
.022494348
.021658347
.023058891
.024831058
.021187972
.022262889
.023322599
.022214557
.023237099
.024320725
.023726933
.023276807
.019841055
.022131556
.026133434
.031165520
.019073555
.019985638
.025438017
.021696265
.026657643
.027355935
.023932516
.026713560
.022836557
.025578558
.023327474
.026323851
.023564100
.021413889
.023967433
.023400224
.023910266
.022364556
.020307347
.022992640
.021648139
.021082097
.023320890
.025727476
.022050598
.022507723
.026504893
.022868599
.025069183
.024570809
.030522604
.022921099
.026200976
.021615139
.019605221
.021082473
.029166269
.024323808
.024729141
.025919059
.017845761
.036956525
.018193263
.027808727
.017389011
.030755646
.026949476
.022829848
.019582888
.023566683
.023035515
.027224143
.025247767
.024519725
.024770725
.022542640
.018500845
.022792891
.024717600
.024496808
.023493808
.028354685
.019182972
.024802891
.026458518
.023407265
.024533766
.021978223
.023246307
.021763848
.025110725
.024460933
.028416644
.023873891
.025672976
.023293849
.021026431
.022836849
.023284391
.025356850
.018510595
.030199853
.028420394
.024439349
.017430928
.018429346
.022648681
.025182517
.028032269
.026300684
.029152019
.021024472
.023089474
.024767725
.022506140
.022426682
.022187306
.024767600
.024952475
.025639142
.023761891
.024583975
.023055973
.022444140
.026129267
.027971561
.022793724
.023447099
.029733562
.024540308
.023677224
.024876641
.022421599
.027200602
.026117601
.024507641
.023613599
.028337352
.025395767
.026565310
.025573934
.023079307
.027973893
.025115809
.028624186
.023891308
.022017765
.025770517
.024455016
.022551390
.026402976
.026401476
.023301724
.025030892
.025923018
.030658562
.025266642
.025080517
.023171599
.023081308
.026497393
.034562315
.023325932
.022093389
.022028056
.025607642
.024015683
.023147474
.023815099
.025571937
.026882797
.025648043
.024292623
.023940413
.024546081
.023989288
.024984708
.024532525
.025683195
.025549903
.021159391
.023512022
.022305978
.020982682
.023861638
.025702892
.026190810
.026258102
.024983349
.026605936
.021989426
.019622205
.026247885
.027355595
.023933922
.025812467
.028352098
.018379242
.021454079
.022455247
.021954246
.021638287
.023818999
.024022125
.024040624
.025339497
.025498288
.046810488
.023332494
.023475869
.023229202
.025425496
.023187365
.024582492
.024793034
.025150284
.021612197
.015458188
.018263525
.028084203
.019460984
.023341738
.024986449
.043825389
.019395108
.025723325
.026212156
.025929865
.025237781
.023999154
.022398193
.023357070
.025854323
.023861902
.024249319
.022514318
.021113274
.022048567
.024173819
.026383030
.024454693
.021517565
.021719024
.023107775
.027723906
.022080524
.023305151
.024498235
.027678196
.025093985
.027239321
.022906274
.022045607
.022457066
.023914149
.026797319
.022823607
.023303191
.026352860
.022542565
.025003526
.022238440
.024468650
.024413025
.027091111
.024306317
.026727402
.017062184
.026886652
.018519102
.029846322
.030583489
.023995233
.024311108
.023619690
.024061399
.020651187
.021699355
.024713233
.025042233
.023077023
.023688232
.027722986
.023894523
.027243027
.028529695
.016451724
.017587142
.016544933
.016710725
.016497891
.018665143
.016634558
.029520904
.025280858
.023468690
.026258901
.026302610
.026048109
.026235068
.021690105
.021204979
.023563356
.023897440
.017314058
.018796602
.015327514
.016778100
5.043888515
.021236645
.021654646
.017554309
.022060313
.017760184
.029039403
.021361812
.028294402
.027099235
.025857692
.024170773
.029166903
.024520357
.025867858
.027337819
.022671563
.028549527
.028625944
.018119517
.020669854
.024155940
.023515189
.027480527
.025137316
.023815689
.021714563
.023010856
.022456147
