.723455133
.530604628
.498299574
.496766933
.480383342
.505506891
.475200792
.491694446
.488053854
.487386126
.483127257
.454130266
.489497155
.511578198
.463046113
.477803332
.464351692
.446878751
.473469035
.473214642
.478511071
.488676932
.473385687
4.440325527
.472302944
.479022609
.478309411
5.191166797
.493564530
.487965656
.489517038
.473380125
.518700417
.478212203
.514474541
.517431996
.502441381
.516057927
.487063930
.499194418
.513303323
4.497555684
.509681674
4.482993053
.511248007
.503273458
.450182826
.502944202
.517727601
.497492370
.487610247
.496998445
.523253619
.476998927
.509931740
4.520044086
.500837893
.507014072
.507956024
.480735903
.491752359
.485514738
4.487960281
.480112059
.495896373
.493093661
.507099167
.485250616
.474783523
.504643511
.483519368
.503866169
.512632006
.489857218
11.692399126
.490230255
.507870538
.506759289
.487750939
.526277933
4.492131915
.472758537
.506842943
.496606145
.501186542
.494676767
.497954185
4.505094762
.495509108
.487352035
.495357244
.465765946
.476574514
.493407403
.458623917
.461910897
.484499802
.480771846
.482068426
.507069037
.492282974
.525330229
.504032295
.494112127
.473800535
.503432299
.481021782
.509326123
.498059638
.508968222
.496335818
.492849139
.497522902
.493806000
.484642117
8.506216844
.475985409
.487690924
.511146790
.479763995
4.492301729
.493926492
.500673992
.491380879
.498667536
.500976494
4.500672786
.494021816
4.487797751
.495357149
.496119622
.512024492
.506131087
.493977716
.487688202
.490675472
.510381947
.494145391
.503276560
.488907514
.464184378
.474069600
.494374228
.504908361
.509771141
.476237324
.484785471
.499825493
.493862265
.491819775
.481993133
.493609691
.498520194
4.506645873
.487996286
.506340473
.493667353
.489494826
.513192410
.512071104
.484610548
.503717773
.513489277
4.514419536
.493508133
.477371616
.500036442
.481643593
.487204834
4.485065951
.476168087
.492180112
.494376873
.486630515
.496938989
.487364789
.504898645
4.493232723
.509304252
.496608201
.521536091
.493103825
.493278158
.478230082
.486730401
.501553337
.493508453
.487811789
.507716911
.477850112
.474842846
.492685683
.508005464
.485618407
.490596050
.484513430
.494576913
.493642040
4.481932058
.495115021
