.040634544
.017669792
.020359168
.025470335
.021536460
.023460501
.024749709
.022106834
.024952085
.023329460
.023769085
.022265168
.022255251
.024321626
.023453293
.023970751
.024377502
.024240085
.024138876
.023854460
.023453210
.025204377
.023002293
.023402835
.026215335
.025761335
.023100293
.023015232
.024713362
.022512690
.024001402
.024562528
.025592615
.021931938
.022536133
.024673263
.021308506
.021941632
.026629976
.023274802
.023229802
.025223794
.022460540
.023944209
.025154003
.021987955
.026855172
.023688583
.026256371
.023810742
.029216083
.018640068
.022175282
.024391868
.024142242
.025387365
.022383109
.023477027
.025771905
.022120025
.025009445
.023953152
.024306610
.025559191
.026725484
.024790065
.025074440
.025522774
.022608313
.025136521
.026184188
.025191562
.024990353
.025794270
.023128269
.026330313
.025358393
.027180311
.023784808
.023594600
.025448518
.023923350
.025507185
.024123473
.024462766
.024005515
.020497346
.022900889
.022979015
.023432056
.025070180
.026391473
.025056473
.023975138
.023076430
.024032305
.026733973
.023286053
.022201845
.020676302
.025493555
.023440803
.025481971
.025485055
.022641719
.024719929
.024941387
.025512845
.024985928
.021915802
.024096303
.022813469
.026655845
.025026802
.023760469
.024558177
.025881845
.024327927
.026372928
.022655301
.023893302
.022793593
.023503385
.024895719
.021136426
.023588343
.025019635
.023139301
.025677886
.022776260
.022376885
.025750219
.023557968
.023971843
.023866301
.025198302
.026800678
.022573384
.022565259
.024155760
.026606219
.022638509
.022067175
.022889217
.025042510
.023748176
.021597175
.026137677
.025829093
.023563551
.023085800
.026796344
.025343760
.023897926
.022212175
.024914718
.025527968
.036916015
.021541925
.022167008
.023648342
.025090717
.023766675
.021146091
.023023051
.025360551
.023898426
.023899926
.026253885
.022756758
.022213842
.022866551
.021900133
.024040718
.028679719
.024712009
.025342135
.027795094
.023130300
.024290759
.023246717
.022736758
.028975010
.024686718
.025158676
.029475886
.024690135
.023417592
.020345632
.027882885
.022922175
.023748759
.019954508
.020169008
.023704259
.024085259
.025598676
.026322843
.024410759
.022281966
.021816050
.028922803
.026115218
.022856841
.022495175
.021680049
.024425426
.027619760
.027603176
.021284383
.021311591
.020626091
.029358594
.035817805
.020325924
.017188131
.028156844
.021629425
.022806842
.017271382
.026817218
.028629427
.026693176
.023153134
.022838759
.021609841
.022916509
.023795551
.022828883
.021926966
.024442384
.024416384
.022876300
.027086301
.026590802
.018614299
.021579258
.022249217
.023712092
.022026550
.024229884
.022392758
.023191384
.026426176
.027540052
.022093341
.024095092
.024336675
.021921883
.024192217
.016072964
.020626300
.025502676
.027684427
.020892300
.026332384
.024633092
.022817675
.026342677
.024252342
.026986551
.048474060
.020762466
.020200007
.024606384
.017065131
.017905714
.021089008
.025808093
.036079097
.022658300
.023314842
.024047884
.025632260
.023267925
.021610841
.017454881
.027168885
.029693927
.022896258
.025261010
.025394676
.023409884
.019999007
.025424468
.022140050
.024532968
.023845717
.022278008
.025495176
.025930885
.026467176
.023253717
.026882927
.028345635
.025343343
.022719383
.028183552
.036086554
.039337181
.035609888
.018582632
.017611632
.019667007
.022756550
.020784591
.024306592
.023867717
.023509550
.027516594
.024499009
.025749343
.022600633
.022665050
.028767511
.019638757
.039607556
.039235056
.037790888
.023497175
.021998716
.027813343
.024798926
.024434050
.024074092
.016009506
.040335848
.035356555
.018507590
.020156091
.028953219
.023591759
.024910718
.025335010
.023052175
.025684218
.023844217
.021246508
.027965843
.021665466
.022145217
.025854551
.021739633
.023148425
.024377759
.023956884
.026168676
.027980427
.022817550
.026032259
.022574592
.022585842
.039597431
.020591716
.020288465
.025082634
.026936968
.023233092
.026485677
.022024508
.029939719
.023321383
.022732592
.024707343
.025338134
.026224468
.021342633
.021877675
.030401553
.023154008
.016165006
.020375716
.018558257
.021911925
.021948925
.024499717
.022846009
.021817758
.022508508
.021702466
.021888300
.023322925
.023501134
.025645343
.020546758
.023145550
.025681092
.024994009
.024898468
.023426467
.017640173
.025636509
.023965009
.024779217
.022304591
.023388967
.024437842
.024830634
.025168634
.026240801
.024485384
.024745176
.023116634
.023958801
.025652843
.023546300
.025765927
.024774384
.024755384
.023891259
.024695884
.022605634
.023652134
.021822967
.022827925
.022637425
.023510217
.054372978
.019658966
.022575883
.026403010
.022233175
.020861799
.022277383
.021399633
.023778217
.027436260
.024731384
.022792675
.025947093
.023408967
.025900468
.025192259
.028004635
.024268342
.022560467
.020012841
.024659509
.027398802
.025526843
.024494217
.024963718
.024265217
.024507218
.024305176
.028103386
.021842568
.022613070
.022966571
.025379287
.021893484
.024477284
.024976869
.023002562
.024459395
.026853484
.028597821
.024105060
.025869982
.025132188
.026386970
.022036503
.023740715
.022911839
.026721929
.025376801
.023836298
.026763587
.024659459
.025049751
.022870372
.023706291
.025864794
.023828665
.022337408
.020449696
.025152661
.016597649
.024001618
.030089835
.015526814
.019825441
.019187774
.023814488
.026655075
.021634611
.019291149
.018632690
.021164360
.021243982
.020589314
.019083854
.019269646
.019689522
.018159479
.019548105
.018985228
.019246102
.019454520
.018925144
