.038520352
.018243889
4.043496750
.027875382
.021357357
.018984818
.021739614
.021265439
.019782247
.023896191
.021325482
.020365924
.024754288
.021931866
.021902700
.023686104
4.044943650
.024657746
.020038460
.019814790
.020447467
4.035231404
.025274381
.025468342
.020055585
.019797664
.019861415
.021619986
.023552769
.023737896
.020444300
.021107769
.025444259
.018955691
.019882082
.022021035
.020382341
.023025385
.023994901
.018945484
.021531568
4.023853589
.027551419
.022061452
.021191188
.027503293
.020920134
.019567570
.021804690
.020877409
.020220108
.024549917
.021518459
.023589196
.023939075
.019442640
.022983078
.025257652
.021985356
.020993717
4.037733088
.030028180
.019641433
.024638516
.022681777
.019770397
4.052019030
.021422807
.023297422
.023920016
.020948426
.017241990
.019251148
.020747131
.019309440
.019574361
.019338899
.018976560
.017029195
.021587061
.019503069
.018462093
.018748014
.018955852
.017552620
.017223657
.016813358
.016736440
.023711096
.016103096
.017907626
.018223923
.017177197
.019291857
.016224307
.024900449
.018374050
.027137860
.021386642
.023772806
.025474292
4.031465143
.026946108
.026228971
.022752747
.024149062
.027913749
.021587062
.016066138
.020947676
.025029451
.023563844
.025299122
.024283690
.023068461
.024045852
.021332891
.021511102
.023387383
.019363358
.021212097
.025087869
.021511019
.018853725
.022860207
.022344532
.023726055
.025225163
.017928002
.021080886
4.047430787
.023776764
.025298039
.019961285
.025137369
.021912650
.020275332
.024825240
.021920108
.019420859
.025034493
.021843941
.023779556
.022073278
.023803181
.023026293
.024440858
.020398001
4.067054610
.074540470
.016637022
.020963635
.020991344
.020761173
.025013201
.026157928
.022832916
.023375049
.024360940
.021131638
.023953684
.021767898
.020337917
.018271216
.023808264
.021069220
.022517952
8.045452268
.021183222
.023451092
.021215056
.017213073
.019455569
.018539595
.020767756
.020751715
.017750707
.019982952
.022494951
.021823899
.025618919
.021977902
.021510103
.024865240
.023498718
.022394659
.030202703
.029337896
.051373174
.020096912
.018304883
.027865650
.025677538
.020743892
.024066684
.023319466
.021990842
.021113121
.020338569
.021754047
.023113940
.021842006
.021318458
.023723865
.022164148
.019060563
.024497056
.021896019
.018311886
.022104898
.022703156
.019891541
.023612637
.022352036
.019176407
.023886100
.023700014
.021057933
.022904218
.019763296
.020937772
.019427791
.019880882
.025101376
.028599095
.022289298
.021686039
.025402137
.022731388
.021229074
.022807264
.019928262
.021882875
.024983343
.016603881
.018996668
.021030199
.015970579
.021952339
.019360007
.024093875
.022593852
.020911450
.021699796
.024251252
.024751469
4.058695747
.023245077
.019385266
.024754018
.024182550
.023619834
.019330099
.026441671
.018723756
.019868441
4.041260256
.026157084
.023609168
.022466275
.023481500
.031058454
.022091394
.023554876
.026012041
.027251601
.024762062
.022432941
.028443870
.020982460
.024088926
.023997258
.032543061
.021573011
.023398832
.025272696
4.040497255
.019591813
.028311286
.025859288
.023211371
.020492244
.020431243
.022007143
.021291923
.021016961
4.045132126
.024089843
.021581219
.017025897
.016806227
.019206348
.031377626
4.040335801
.027182018
.022980159
.026441880
.026228044
.023760255
.020487702
.025926748
.021202089
.023181162
.027367395
.019545729
.023683295
.020554037
.021041420
.022108270
.025404948
.021172338
.031576213
.017392111
.019785149
.023736129
4.033819614
.017467029
.024009426
.019997444
.017268526
.016774685
.016531181
.018482337
.020287407
.016976438
.017073397
.020675747
.024647602
.029335593
.025888746
.020780040
.026947097
.016644808
.016565931
.019032804
.016035714
.016548139
.017418070
.016271635
.015518165
.016922729
.018187916
.016856478
.017246067
.016513222
.016328761
.017573531
.016438179
.015751626
.016895770
.017686699
.016828519
.015986506
.016813769
.017699532
.016429804
.016500305
.017872785
.018319084
.016801602
.025258528
.018339126
.020966210
.021506343
.029360178
.025399198
.024435848
.024733770
.024177136
.023294289
.019987694
.018536004
.024223595
.023787839
.024523809
.020505369
.019993111
.016834811
.016497014
.016534223
.015791252
.016224093
.016567931
.015718127
.016813811
.018279167
.031406252
.016153841
.018996804
.016255010
.016000339
.016141758
.016510514
.015804419
.016069298
.015642208
.022693654
.015560998
.016541514
.016638807
.018437003
.017093898
.017510488
.017090273
.016187634
.017457612
.017140107
.016722017
.015832753
.018432836
.016472430
.016159800
.018593963
.016609099
.019901560
.019611721
.016780511
4.037045268
.017353625
.019121401
.017800133
.017999093
.016940870
.015531641
.016593660
4.038580970
.016677755
.018554617
.018684828
.022215048
.016208706
.016412502
.016779591
.015765992
.014924896
.016711006
.016428877
.015672908
.020150519
.019479050
.015692825
.027346046
.019989141
.015316027
.017400935
.016659966
.015876036
.017614439
.017870985
.016279793
.017473978
.016513463
.018221074
.018990877
.032100579
.030701016
.018650330
.017597313
.016121249
.017719275
.018147406
.016941178
.016803469
.016257752
.016093415
.017873985
.015538365
.025885527
.023639075
.023310444
.022725686
.022781353
.023278152
.030258594
.022121176
.025752107
.023213526
.018344909
.023358196
4.018690301
4.034739311
.024138375
.025547147
.020069729
.023235528
.024156626
.022010800
.022306346
.026537954
4.041583519
.025441937
.025092932
.017985863
.020443734
.020708572
.023715327
.020723197
.022058051
.023584867
.024636633
