1.104873667
4.045869823
.032239622
.024556121
.020593477
.020922530
.022021000
.024295576
.025434303
4.040353048
.028170337
.031662805
.029372828
.029258113
.024346639
.023935654
.025443332
4.038299042
.030007103
.027940308
11.243232908
.032463091
.039759732
.031237129
.029044381
.029247267
.023563282
.022511597
8.067581114
.030070831
.028784802
4.047851945
.039797898
.029018222
4.041226311
.035245674
.034256197
4.060770524
.034135178
.030041930
4.060538898
4.056890161
.031789874
.025238256
.026827625
11.243425395
.027184120
.026674346
.031840505
4.061226428
.029168907
.029899733
.039492105
.030629833
.026875289
.096936098
.028120135
.033033341
11.253662715
4.046278820
4.061302230
.032899338
4.044276180
4.066675195
4.043296123
.028943030
.019535113
.021978002
.023566482
.027518765
.025596647
.030498967
.020761745
.036368024
.024518930
.020984499
.022387679
.019276306
4.043163437
.031245188
.038828257
.029953815
4.053112010
.033874353
.024160302
.050263476
.026900465
.023101502
.023266882
4.052941827
4.060941299
.036141845
.028722803
.021703024
.021329886
4.043036830
.031780192
.024747913
.037592796
.029384897
.021009492
.025618230
4.061534628
.030870732
4.047642111
.027479739
4.050692339
.029795477
.023281347
4.057993349
.028014830
4.052101416
.030864959
.024248327
.024635173
.026198932
.025372988
.022406767
.021662201
.019676595
.020894885
.021827290
.023039954
.023064287
.020250530
.025149480
.021516571
.020181485
.023337504
4.056903042
.029261939
4.054340735
.034319222
.021123217
4.045398458
.027432081
.026858682
.046422924
.031619941
4.057537111
8.069946114
.035810383
.024356297
.020817277
.024721892
.023106051
.020200550
.021403460
.024937605
.044148679
4.063990121
.029694566
.029442476
.022150994
.023839579
.022702258
4.043045032
.031748532
.025848003
.021271468
4.055169968
11.260931680
.031744141
.024616085
.023009794
.022574824
.019625499
.019345867
11.251988947
.039095392
.027284776
4.052740954
.035239962
.025298184
.023244135
4.038414937
.033101950
.043068678
4.060559617
.034281268
.041507302
.026536800
.079122308
.020962343
.021496772
.035734336
.030756267
.020645917
.022638877
11.245708691
.033496653
.027783902
4.057842676
.033975909
4.036185372
.038244374
.025910273
.023948730
.018826535
.023813476
.028165821
.044692204
.032717902
.026975691
.027943067
.026935313
.022427043
.022612268
.022043925
.021909580
.021898995
.022502756
.023558015
.021253897
.025616820
4.061971870
.029076197
.025608312
.022017792
.028563360
.024230401
8.070675023
4.056118834
.032182925
4.044817514
.028621365
.034211977
.030997531
.045826880
.035793670
.035477392
.028132417
.022185689
.020853698
.024893050
.028577497
.022768615
4.067266475
.032045560
.026333933
.024419349
.028646428
.027526955
.023283917
.025475525
.024387804
.023214785
4.057663037
.029151264
.025517487
.028241142
.027427112
.026305514
24.217330216
4.044694522
.033834471
.025700590
.024211835
4.051447998
.029407094
.029889969
.022143619
.024685427
.024641257
.025454578
.021913806
.024742471
4.048325684
.038459756
.029229195
.023925145
.026798814
4.048999821
.032025438
11.256479202
.037822696
.025914942
.026421695
.021041473
.028036420
.041756210
.027834862
.024893270
.027968624
11.246645827
.031008807
.023005730
.021792039
.027192680
.026864110
.045878818
4.049409151
.030736364
11.255364168
.033367512
4.042136417
.046940360
.031781408
.025755339
.029154511
.022554891
.024267499
.025973691
.042729806
.027218746
4.057568957
.036461097
.027753754
.023189231
.024651567
.020014704
.042022504
.028690699
.034067991
.039464718
.028515350
4.055823678
.031451106
.031006317
.024971168
.022313645
.023291397
4.044498252
.034449362
.025286307
.023899191
4.053651593
.041705875
.025804009
.022497266
.022294874
.027587414
.024208124
.022446348
4.039035787
.027979495
.024017820
4.041602565
.032598687
.021995230
.021817090
.024257050
.020988018
.018569601
.023195834
4.034890488
.029707979
.024910816
.025160504
.023137705
.022092031
.019852838
4.038578875
.030800657
.022284380
.025740346
.023743756
11.251356377
.034098942
.025074496
4.061881395
.032230114
.028499833
.024966987
.023273382
4.048612959
.030499256
4.047611538
.031584183
.022751713
.024005404
.026137046
4.057916635
.028157452
.029716502
.035382821
.028310048
.024692531
.033519869
.022966466
.029030569
.025365171
.024223948
.019276733
.021912459
.026023811
.029110492
.032430860
.026584484
.026411761
.024611232
.023172692
.027656909
.033538996
.028125283
.021601391
.023338790
.024283162
.023109395
.022515927
.022024802
.023929924
.025143383
.021660129
4.045410359
4.050663533
.028034611
.023761834
.026657453
.023839757
4.062956068
.032096050
4.059209935
.032649768
.023321436
.023088749
.022480781
.020242383
4.040793134
.033069721
.024962242
4.046914617
.030965919
.027508583
4.047536467
.035538098
.043866890
.027821627
.027042519
.021522182
.025129068
11.252127756
.036335092
.026444845
4.048733945
.034648242
.027166405
4.055187196
.032909721
.028776332
4.041710565
.032086569
4.064557233
4.052202500
.040897222
.028432660
.022524801
4.043630710
.025818863
4.055874754
.030159843
.026259858
.024601388
.023810199
.023439627
4.048347472
.029469912
.021109520
.022089350
4.053172616
.024180729
.039928219
4.053738647
.034325143
4.037404580
4.055896530
.025142444
.026928964
.025334960
4.049540130
.034628289
.022926110
.023033587
.024678033
.022657519
.025163191
.022862241
.024679700
4.042051037
.029912965
.028172082
.022076863
.026055127
.021998774
4.055434639
.032838205
.028088921
4.051550601
.031110837
.024736416
.019541505
.026689071
11.250460112
.032722888
.030862198
.022740637
.025267255
.024769465
.022093961
.024275300
