4.083345207
.034801558
.020830669
.022649966
.024047147
.025340996
.024674301
.021993646
.025443880
.024272528
.021714244
.022157277
.021629913
.020926551
.024599938
.023569302
.024632073
.023049604
.023301182
.026385581
.021268846
.026128962
.023924971
.021051609
.022045340
.043340338
.026418066
.027013103
.024471083
.023090053
.018755174
.022878138
.025943656
.023467968
.019908290
.022067438
.022441186
.020969489
.020671159
.022462312
.025471787
.020371622
.021750985
.019462170
.026718693
.021645235
.022791144
.021083075
.027455939
.019293882
.025269082
.021073409
.020842035
.022623812
.021488490
.020997536
.021573740
.023231726
.022220734
.028638849
.025853788
.024805965
.023092270
.021086412
.027465277
.019548842
.019961963
.020411918
.021282120
.022380820
.022554901
.024315971
4.037089408
.017764653
.016540080
.025977716
.019697473
.015173342
4.039402349
.033884372
.024805815
.023442617
.023134204
4.036476881
.017809788
.019269944
.021509804
.055899902
.026216130
.032406036
.027917972
.026994300
.022308525
.023189029
.019755428
.039964526
.035091252
.027310673
.026477043
.028440717
.020284928
.022802357
.020966015
.023265817
.023905487
.029796307
.023137980
.027739252
.018206166
.026553787
.019076670
.022392685
.025619534
.021043343
.023239936
.020935426
.023388437
.024794610
.032624561
4.034929174
.019929242
.020253035
4.036984550
.023020618
.024836832
.023823412
.024182577
.019794563
.022487447
.019257812
.023278782
.017113138
.048689197
.024319366
.017847430
.022590986
.029721592
.020746814
.024517575
4.098270388
.026331109
.069376594
.051906007
.038826349
.065352791
.033543999
.032423829
.046005613
.022281513
.030916743
.020121505
.024953267
.028811359
.026200061
.023003470
.021815342
.025430309
.024322680
.021772132
.021947674
.023895220
.019267918
.022040800
.027604229
.023816176
.027037724
.023219300
.025893472
.024031051
.029832772
.023372217
.026809805
.028159516
4.276514248
.026358127
.022309621
.028208461
.022130660
.019442656
.026402083
.018621863
.018727363
.021395659
.024031162
.023558868
.022673367
.022470367
.029398169
.020288738
.024797079
.021323822
.024368577
.027044205
.024990786
4.034864112
.042256254
.024082276
.021497313
.019465770
.017657643
.019124894
.028179237
.049432342
.021668313
.082704577
.016920016
.019748852
.018347225
.025198815
.041573830
.491491879
.028574066
.028551358
.023490185
.019275973
.025263561
.031276982
.023809436
.021708725
.026095354
.019963181
.043190175
.027996118
.025259372
.025786538
.027326118
.026486827
.021914252
.018807550
.019230299
.022777585
.033236356
4.043344568
.036568090
.025657530
.023884409
.026800236
.029781520
.022212286
.025721196
.029430313
.031132934
.030581018
.022419869
.024373865
.025109571
.027168692
.024195240
.024002866
.023645700
.022461743
.025979736
.016989296
.025096987
.024393531
.023734282
.023658116
.024270614
.023470824
.019900665
.023041658
.022753534
.022444243
.030929557
.019636790
.022274409
.021924535
.022617408
.024999611
.016079964
.024967528
.022188242
.019475331
.022770990
.018593916
.019950747
.019905914
.021728285
.023996613
.021943367
.022630156
.018680874
.024262611
.019659080
.022640699
.018893415
.021864742
.018072709
.021951074
.026843480
.021706242
.022046157
.023849653
.020957076
.022757906
.023509945
.018890539
.028957349
.019859829
.024359985
.019206538
.018914747
.019119872
.017744625
.018838206
.024830192
.023632153
.022060572
.030024845
.020096702
.022479488
.029942428
.019966869
.020857826
.020920741
4.051564546
.021029489
.026754891
.024181481
.023416233
.030523424
.022389819
.031385046
4.055311339
.024372853
.023934187
.028994757
.026612347
.027310094
.022865898
.025433016
.028740758
.038553815
4.036332414
.024391851
4.038053480
.021631814
.024890264
.021063691
.020889024
.022532604
.023331601
.018412948
.025771302
.020364775
.024241431
.023214559
.024893805
.019739819
.023328059
.020567774
.021661063
.018728030
.021099148
.018790321
.046829838
.022867254
.020530387
.020805970
.021698675
.019678973
.024395041
.019813514
.021081886
.016970275
.026807408
.022556005
.021437718
.031134683
.018587811
.016925441
.018803560
.029096315
.029027440
.020888219
.017749980
.020863761
4.044056525
.022042006
.024299289
.025742986
.021823710
.022424791
.025724070
.019083803
.017602683
.019774509
.023585870
.022897205
.021485377
.022141958
.021704335
.021012421
.022072667
.020341882
.023852285
.021131962
.021255003
.020948629
4.035850654
.017790349
.021682001
.020935462
.017717308
.018623721
4.031891232
.048644398
.042753087
.049940518
.030376092
.030399051
.021031920
.023933909
.024478615
.022710163
.020458089
.017688558
.020499047
4.126897516
.037216524
.020314755
.024117032
.027047021
.024343531
.023205244
.017545683
.020941752
.021134127
.022739079
.025564360
.018456721
.024291906
.017688390
.020391755
.019496134
.021481543
.020103714
.018765094
.022423663
.018364637
.019173093
.095458923
.022062373
.029456470
.029710594
.035834153
.018916260
.023915866
.022156040
4.022812258
.034409075
.023566867
.020032381
.025047362
.024823320
.030740673
.022672620
.022851453
.024749613
.022738703
.023964615
.022361122
.019074760
.031390461
.021213168
.022074206
.022894286
.029242345
.019772090
.019508383
.019433675
.023805200
.021141126
.029517469
.019032967
.022066665
.021953457
.019747549
.016912767
.017734139
.022930327
4.034719326
.019247009
.021174626
.017915555
.019969839
.020913210
.019260384
.024613113
.017859597
.017379849
.019075551
.020539337
.020440337
.018747468
.019310883
.017628014
.024653070
.017508432
.025495359
