.042534183
.023681828
.021411650
.026322118
.023951318
.022821063
.021424524
.018318041
.023407294
.025278860
4.050624289
4.072248264
.034819680
.024690837
.021135492
.021643850
.022464991
.020195188
.026745688
4.038131478
.033034028
.024944912
.023863613
.022205624
.020801752
.023314298
4.048604852
.025190487
4.061536356
.029830131
.021959590
.021263947
.025576725
.024212643
.023452501
4.045464095
4.066499534
.038554076
.023424887
4.045856278
4.060885412
4.057218605
.032519830
.039521947
4.050076286
.031011959
.031766186
.027486318
4.065943197
.029126351
4.042309630
4.062208431
.033648962
4.049783106
4.059486140
.032748906
.023852722
.027535400
.023242157
.024530159
4.051280642
.023992968
.026086444
11.262135089
.028404659
4.052998078
4.051216748
.034193362
.032634491
.022790242
.027092656
.021645025
.026891370
.025628782
8.063258512
.034393769
.042961055
11.257345104
.037417595
4.039675256
4.062416871
.029559857
4.054944150
.038089382
4.051381521
4.058359918
.030102933
4.052107472
4.053478678
.030422631
4.038576423
4.056098585
.029901562
.027466923
.025089492
.024571214
4.050093340
.037710340
4.048052814
.036118301
4.040755398
.045312123
.021243644
.022841973
.025964092
.020692159
.022660103
.027384052
4.051676178
.036851695
.026042091
.025577557
.026960825
4.056637904
.030309119
.027542188
4.057385827
11.265460022
.030947030
.026825351
.023069871
4.055762799
.037666138
4.048450417
8.067818768
4.056646677
.035836147
4.050620424
.032322825
.024500122
.026516651
4.051268740
.035685359
.046836392
.028883500
.027436708
.023562012
.024885093
.025742117
4.054048147
.035781846
4.059774659
.031575339
.025438876
.027761024
.022257451
.019214909
4.043605253
8.065214359
.045730780
.022671696
.029248245
.026921593
.022744279
.026555436
.023217601
4.052783915
.034210790
4.046150117
.030726417
.039042840
4.065668349
4.024259776
.030326135
.025357506
.028301185
4.054538190
.033026754
.026743963
.023127577
4.061939620
11.262319901
.034497569
11.274745146
.030110462
.023519700
.023552657
.024561258
.022592930
4.045027275
4.051441415
.033625838
.027427150
.023339203
4.047477425
.037885239
.041572777
.029313897
15.273294134
.034205568
.026497763
.040551216
4.050935890
.036752050
11.258102683
.039810388
.023051691
.024522869
.037639827
.029100590
4.044599499
4.056301238
4.062889993
.028441975
.025417623
.025480413
.030263685
4.048179400
.032672467
.022849177
4.065004615
.034952956
.026290465
47.534439160
11.259890899
.036150700
.043873786
.029683294
.027082174
.022709921
4.027581923
4.062420257
.033179697
.025740895
.026192555
4.045973779
4.050662137
.037472949
.025415570
.021935713
.025620692
.023954303
.024451170
4.056598666
.037564070
.026342385
.033294725
.028263562
4.043911600
.036631793
.028692720
.021589799
11.250152477
4.038793163
.034760074
.023019483
4.047727720
.043710922
.027044373
8.055134750
.037905854
.027720528
.020590524
.029560830
8.069520465
4.057844813
.034759634
.024014920
.022564692
.028542975
.021068424
.026666754
.029876329
4.060964168
.032440821
4.043432546
4.058978753
.033422345
.036063011
.027877599
.032115574
8.073567406
.043359520
.027574104
.049422025
4.054478252
.037379202
.024473266
.029352445
.023377740
11.258547811
4.053376054
.031566828
.029000158
.023174159
.025555250
.023120119
11.249803282
.031755684
.029169991
4.033840701
.043152526
.032134127
.030084153
4.059873901
.030392845
.039558069
4.065084211
.033125764
4.064150247
.041725174
.026958181
.027516675
.021808284
.021652826
.031048421
.028340204
.030307848
.022119278
.024078463
.020544671
4.056612311
.043132787
4.057024229
4.070882194
4.062315567
4.065147521
.032563125
.027407838
.027701668
.027344838
.043484286
.033564799
.030346664
.025136756
.025762292
4.037228534
.033976033
4.060262738
.036557133
.026396284
.025691080
.024198870
.021594431
.024717450
.042232328
.026666786
8.065159552
.037875556
4.041922261
.041492525
.024368503
4.046748659
.036240153
.025626201
.039582708
4.063216831
.034790540
.021408902
.024880540
.024694875
.027910890
8.053252653
.034046296
.025638325
.027900598
.026529360
.025739408
.023919048
.022525893
4.054011199
4.068388577
.034262544
.024158921
.023424885
4.053890033
.043092207
.027675725
.028578431
.026058149
4.072862823
4.058751329
.034888056
4.061938758
.032898055
4.054904611
.035744902
.045837607
4.055750305
.040092297
.025878001
.026203651
.024119947
4.045611455
.034858864
4.060865334
.033218243
.030175672
.023522820
.030716915
.022882531
.022815948
.022289158
.022689448
.024018526
15.276303556
.036759291
.024441722
.029403866
8.070810174
8.082552652
.035080840
4.050750031
4.067426206
4.055178970
4.062403470
.034145697
4.055112322
4.060055938
.032293004
.026025764
4.057428225
.036313305
.024605966
4.044796970
.034890847
.023478175
4.050491803
4.065680254
4.063348070
4.049847773
.034776803
.029586195
4.062834220
.032575853
.037170272
.030592442
.030629901
.023132196
.023124320
.024165112
.024906903
.022640988
4.063194627
.033791811
.032537104
.043706263
.032843521
.025187858
.022673318
.028749439
.026468275
.023011819
.020222237
.020394445
.026133400
.022165235
.024043734
.023019152
.021632486
.025059401
.029249522
.019208821
24.224599398
.032583895
.023101527
.024805734
.025067900
.022929151
.022415402
.023540776
.022355152
.033093320
4.057034637
4.056733526
.037128095
.027342956
.025465698
4.051429205
.033938403
.027430148
.024175145
4.057376158
.030557604
4.060846358
.032435271
.026178684
.024646475
4.072781207
4.056492235
.032323938
4.058987237
4.060115821
.036956690
.029758435
4.059943972
4.050524412
.032018020
.027896429
4.057761759
.035596610
8.061564540
4.055514533
.031049717
.024847375
.026891052
.024315830
4.054714326
4.057052672
.031882817
