1.327858974
4.909424691
.892783129
.893388025
.896750964
.902930694
.892874030
.891122348
.904213063
.895006992
.905166679
.916156389
.861546973
.878877836
.875796362
4.884085209
.909417633
.872291921
.898819951
.904337108
.920015761
.911895054
.902533910
.908575193
.895785005
.873149710
.874835956
.921616748
4.914075892
.910764394
.913046348
.930332791
.898190557
.900475040
.898371305
.897274504
.886133625
.877850344
.902275042
.911663726
.906429274
.902355913
.919757016
.917645212
.904169898
.912921877
.888114504
.911631276
.905679315
.900193698
.914776664
.892414982
4.891141842
.878948745
.874331309
.920095570
.870019461
.877727523
.879798910
.889752804
1.271380771
.834544488
.839343346
.826008130
.832908251
.844775099
1.012225527
.836947081
.902817624
.905711984
.881799151
.877952947
.903398350
.896275615
.874654690
.902455762
.894638609
.894544089
.868358031
.894855800
.897790467
.982268004
.886609625
.879171935
.879695447
.910328791
.896577929
.883447810
.867768628
.868347269
.901534252
.897299955
.905919051
.884620808
.907648342
.883051554
.908033726
.900532887
.877699913
.889872867
.909377544
.886436112
.886818479
.888750883
.899119734
.896517675
.880319604
.895617420
.861107057
.892882656
.871396853
.896270458
.893201484
.875172575
.888448677
.890551554
.889052030
.879167421
.891520310
.878380296
.899231059
.878985354
.896046049
.900592632
.891213293
.917395133
.903253259
.874845428
.882505675
.896326393
.897616890
.896077238
.903474375
.901216484
.875202278
.898886751
.901367835
.885524803
.902413776
.887934722
.886491122
.873171159
.906827375
.893043909
.896612472
.901245324
.896258581
.881605865
.895838454
.897021112
.897887134
.898685539
.906504767
.851106366
.834770308
.859069423
.849956800
.871368097
.826143293
.833837499
.832737122
.928030423
.903423888
.879530602
.919445134
.900092120
.919957786
.905199635
.898382422
.892524470
.893988181
.884773913
.913840642
.867529083
.874930482
.897407789
.909419820
.891483289
.888286457
.895560395
.905422001
.885859445
.901822569
.903462675
.888531030
.896272412
.897323288
.897681670
.905771923
.904927996
.906088609
.913254958
.893423748
.890301835
.900610637
.898569346
.887041980
.892728372
.897637652
4.903093377
.886597160
.899913489
.890427130
.895972866
.881988306
8.890836528
4.875596877
.907501699
.892847355
.892113326
.899123697
.890393678
.896836467
.899562384
.870464607
.885709915
.909875159
.871399133
.898891843
.888485565
.895656716
.890579713
.883857550
.916628711
.914624845
.876471531
.895635174
.880819580
.885332782
.905227827
.901117774
.900600928
.891982160
.902767570
.900326591
.906006006
.887224156
.895398069
.890430121
.895924965
.878609036
.898180077
.869201803
.886817471
.883924733
.898338307
.896199505
.902484441
.895418967
.899857778
4.868734190
.882640191
.875949148
.891699357
.876253400
.895553230
.893451733
.885397478
.883401562
.905420747
.894503678
.902694468
.902048754
.896776862
.897981554
.908190872
.903095397
.910148079
.902065054
.899662584
.893026060
.893306966
.867874465
.896285733
.897957104
.889576004
.891281242
.879855372
.892501788
.898220837
.891620873
.882868949
.901121253
.888050791
.892374060
.899612173
.886163141
.899725187
.891236552
.912428024
4.889234346
.890742074
.895581802
4.907879471
.883243533
.879208185
.883914053
.885899848
.904977160
.900052059
.888263628
.898207414
.904014026
.893614811
.901863475
.896942662
.900000194
.890984079
.896423771
.880713417
.911952591
.890623561
.902885435
.894722276
.871006510
.887227751
.893754312
.887453210
.891549738
.897632266
4.892644890
.910471785
.907689053
.890725130
.870508096
.901622498
.905885315
.892647907
.896315100
.903069768
.903830248
.909142207
.878400358
.896094090
.912106595
.880272050
.891617024
.901868139
.878686193
.899162385
.901731181
.903378977
.880132390
.896799786
.906794598
.905262539
.900359456
.903803959
.883050716
.888624152
.897687267
.910311069
4.901269133
.881226668
.878967343
.873783231
.898889831
.902994363
.916954671
.877920508
.878993761
.898545506
.891616546
.907544621
.877922535
.915390512
.910772340
.909403067
.892222031
.898956257
.919479947
.891073812
.909824058
.876434506
.894975645
.896645295
.877144522
4.881918882
.879010974
.902426308
.878374139
.869856260
.887349574
.891983268
.896575744
.890575796
.897303668
.882461600
.905724498
.905947478
.888905312
.887558665
.887491524
.877276689
.877715742
.892682231
.892745417
.883137433
.905601508
.908701654
.892786264
.889612465
.895902776
.884251600
.890152105
.897378127
.886159685
.901773717
.903951657
.885932851
.893372211
.899577729
.893853293
.905474136
.860886739
.903653852
.893621720
.905068104
.886589995
.888030629
.899291619
.876875355
.894879035
.887081848
.894981182
.889827271
.898120793
.892206543
.883248052
.884338266
.898505625
.892716679
.888361471
.901489647
.893925020
.871120775
.893186510
.887943627
.900750064
.900813772
.897300818
.899668654
.902045511
.879271182
.897093267
4.889656877
.906165761
.889425620
.902288573
.885391200
.895011890
.889745879
.872089924
.891638118
.906805653
.904312744
.889670268
.896136496
.885285378
.885110336
.908039669
.910190874
.904621898
.905324698
.909017110
.902773556
.908320624
.899610875
.899772114
.893217665
.886810579
.898458573
.910741580
.899649716
.876590399
.904198075
.889102107
.893472302
.903603264
.892810764
.892675558
.890296081
.911489126
.883247797
.892307834
.894705109
.895435891
.904934732
.898413844
.870820854
.893850966
.884927541
.887589012
.880827991
.906320100
.890579103
.893484599
.885284049
.895560162
.895310348
.896018084
.899411879
.893755390
.902028372
.889452063
.908727735
.904181167
.889411642
.887259983
.896552469
.919009404
.874951645
.882852511
.909896644
.901963466
.884123955
.893515964
.887519130
.882166826
.897726982
.888812624
.897235082
.897342085
.906832260
.894358914
.893349467
.895933372
.891249890
.918014483
.878074910
.900228834
.894918262
.885323396
.869184943
.889081323
.892302360
.902399481
.889802815
.883953005
.884991617
.913810147
.899718353
.904763442
.896846349
.888790601
.880072938
.872494888
.908650345
.885072898
.896303455
.889561711
.879692179
.914101225
.884602465
.906713845
.881195789
.878464986
.903776896
.878976513
4.908979314
.904054952
.907516268
.872747954
.903853957
.912400006
.919950311
.914292847
.893567343
.915212521
.920076304
4.901176230
.884276145
.896660049
.887328010
.885946681
.889506070
.877157569
.896595885
.899232414
.886174953
.897192718
.912943924
.873597064
.880916153
.871407389
.881587493
.868361208
.889177826
.903649839
.864602997
.868070425
.890510967
.862235178
.894919182
.889196647
.901131886
.885579739
.896891878
.894018054
.905891126
.899481425
.903691948
.884763980
.886619745
.891674383
.885947504
.886977889
.903102806
.905181862
.902723567
.886618902
.904587478
.894596604
.870522073
.880265996
.883582530
.881513038
.913989332
.889934020
.909150576
.898208158
.915498978
.910917118
.886567844
.887834986
.906565106
4.891302710
.886411261
.904516304
.937308393
.918228698
.916996410
.919943693
.897749800
.908600109
.886764454
.934368580
.906394276
.894037746
.914763114
.906412669
.894963097
.893151904
.898845435
.898033388
.911742879
.907550703
.915360903
.894732850
.883273581
.899337381
.893471833
.883876113
.884036075
.881344327
.878134165
4.882438850
.883895273
.908229347
.880491368
.863731689
