.129336370
.057186152
.065974160
.030404299
.026323980
.019638257
.017201475
.021985331
.022576662
.020301629
.019722882
.020103046
.020908168
.022396704
.023681407
.025173652
.019987505
.019613840
.020879419
.022591162
.022418954
.023422784
.025560692
.023847824
.030280632
.025084527
.026182023
.025539234
.022397163
.022454788
.020284046
.021782790
.020993543
.023965823
.023276326
.018935342
.027790642
.024847819
.019519507
.025469859
.018673802
.023594033
.024325614
.022529787
.017908888
4.035931655
.022400204
4.041364281
.021979039
.025270026
.023584949
.020624128
.023354450
.019247633
.018499302
.027122102
.020266921
.019620798
.020757294
.022923160
.021601249
.022247329
.025028402
.021685331
.026713396
.023093243
.021549291
.027539559
.021037501
.020730127
.020231837
.019597673
.022132580
.021857914
.045809652
.025339233
.022399662
.019235132
.019938588
.021601915
.025938272
.020817126
.023013034
.018812509
.023921947
.019562839
.023595281
.028211763
.021936205
.020382002
4.045781220
.019796964
.021724414
.023776948
.021137875
.017115515
.023894114
.020266420
.024488069
.020420211
.021273083
.021496957
.018502427
.021251707
.019397673
.021285332
.020090087
.020402252
.020710710
.026581061
.023173283
.024482028
.020702626
.018806092
.019362215
.028245388
.022953242
.020891833
4.049426859
.022080787
.021947788
.024190404
.019419423
.020320587
.027583390
.021888038
.032152497
.030495046
.022364536
.027005809
.043374910
.025498315
.028244512
.022824993
.030087756
.025221900
.020879708
.020067129
.027577515
4.044588734
.025835272
.020647876
.023366407
.020802667
.020985625
.020070711
.022606160
4.044886480
.024764527
.021122749
.021152332
.017483472
.020645001
.025239191
.022114662
.023659156
.025244441
.020388169
.027444391
.020242878
.019588880
.022598910
.022324620
4.040912740
.019940337
.022860200
.025264483
.025566065
4.091489787
.035168277
.025937189
.037161977
.025810648
.028131971
.023582365
.023109283
.019591839
.021561122
.028203388
.022962451
.020598543
.027732056
.024643193
4.024429968
.026385104
.037764141
.028228095
.024614735
.021458664
4.037663328
.022895575
.018933049
.023115950
.023543281
.021746122
.019140299
.020334502
.043851284
.031325166
.020230211
.024275278
.019597213
.019447631
4.043379761
.025567273
.023475740
.024260570
.022890159
.040452130
.021838038
.020917417
.021320790
.025238816
.019470172
.023559115
.022836117
.022464036
.025574106
.020734709
.028256220
.033441075
.024443819
.025067775
.019132215
.021845913
.020181837
4.036481995
.022049495
.024309069
.026531935
.061743754
.035212735
.024398319
.031395625
.036187814
.030036880
.039417593
.029187467
4.042072254
.026496477
4.042552710
.021598997
.024751401
.028829677
.021439748
.026437853
.030371712
.027482682
.024692818
.020526252
4.041680505
.025256275
.025304524
.023367366
.025585606
.032166121
.029311008
.024574985
.022201661
.022532535
.025378857
.028745428
.020551501
.022414910
.021955579
.024190695
.023311949
.022274994
.024273736
.022476494
.024295612
.026266729
.021603456
.023113991
.025289733
.029944422
.024192237
.026168646
.020509126
.020092628
.032554620
.025443940
.026471686
4.036991606
.025117942
.027041725
.022718535
.024284403
.022981783
.023094616
.022491994
4.054622243
.026502852
.031007418
.024344695
.025538398
.022960742
.023325532
.034356404
.029260925
.026124104
.033442867
.027536599
.021494081
.029445383
.035702816
.024946984
.035246026
.026468603
.024458944
4.049699762
.043638992
4.038129972
.033143326
.021960871
.022831326
.027795973
.023937072
.023116450
.023592115
.023548865
.018649884
.019736588
.024483902
.030147005
.025098192
.021321540
.023879905
.022066620
.020799333
.018320093
.030491711
.036205356
.023409282
.021318998
.022838867
.024710985
.024035946
.018744842
.021534331
.021400915
.018575176
.024442861
.019784171
.026102313
.022696243
.019656297
.021843455
.022973034
.024910442
.021117165
.021040000
.020696501
4.039060760
.024819817
.019805796
.022331953
.021636372
.019679088
.023065908
.028178471
.022105204
.026156771
.022854284
.023538531
.026318936
.023682864
4.039342717
.027477891
4.031466123
.023494739
.020444835
.021832329
.022265328
.023578281
.023497656
.024700568
.022429244
.021869871
.021886162
.024997192
.024711776
.020647542
.022972075
.027241016
.018891633
.023189366
.022963075
.020596709
.020140378
.026140104
.021765205
.023094825
.021124332
.021932829
.022729784
.026396770
4.044012739
.025209316
.023272157
.023386115
.020687251
.022919076
.020880583
.023865197
.019835421
.020993250
.022796659
.021783996
.019534963
.020134878
.022893617
.024809693
.024216570
.025223816
.019917421
.026034854
.021621122
.023286949
.020873166
.018301844
.020353794
4.039639882
.023465282
.019282215
.021179999
.026285728
.048940782
.030301014
.031408934
.024802413
.021768612
.019955647
.021102901
.026055584
.020551858
.064268499
.031654560
.035533990
.025156373
.041185383
.039713004
4.038943818
.021698861
.021477652
.025267748
.022462531
.022843907
.019648563
.026094876
.034820612
.022025196
.019655771
.022263697
.020125731
.022721324
.021505403
.025057414
.022313864
.018879977
.027447672
.020397691
.029588179
.027203296
.021134943
.023740076
.021492736
.019248271
.021447611
.020520232
.023350200
4.035789570
.024533704
.021319360
.021461069
.020187190
4.076705394
.027203337
.027494797
.023562492
.028021548
.020992693
.022705490
.024879413
.024136994
.025393790
.021180985
.022023946
.022822657
4.042785559
.019893606
.025520874
.022963615
.023261866
.022333571
.018904019
.025088081
.023541034
.026280126
.019501604
