.046975986
4.040008709
4.058554154
4.060559472
.031190851
4.051357060
.029557887
.028668384
4.061372507
4.054748735
4.065421936
4.058012329
4.059034249
4.058407047
4.044780630
4.059195432
.035404012
.030249986
.025340544
.023522661
.027125470
.025143002
.046103207
4.055053476
.020098604
.028714203
.023957031
.025704882
.028155530
4.058355247
.028557285
.027186068
.026030300
4.060036685
4.060732117
8.084156526
.038947743
4.059421777
.033698238
.029486208
.029198831
.030590632
4.046354274
.037736347
.028581491
4.054914444
.035729124
.027965070
.024235585
.025451844
.023211495
.023424789
4.051740125
.030063001
4.043744820
4.059630556
.045579443
11.253251932
4.054674743
.049101700
.027565146
.025907508
.024706247
.022154934
.040094247
.032480728
4.057695319
4.066061541
4.054160006
.037045060
4.068290505
.030282202
4.042388392
4.046117342
.038440028
.024625523
4.062069269
.037354768
4.042533082
4.061359549
.031823340
4.066869465
.034811660
.024378466
4.052736020
.032020464
.041426361
.051617338
.030242143
4.052244580
.033228553
4.052920008
4.055147537
.042575796
.029251709
11.229515592
11.255428703
.037832528
4.062217635
.032637419
4.068190094
8.080581185
4.052967402
.035969088
4.054151123
.038170408
.032490953
4.057274456
.032108364
15.293414194
.036263547
.028980529
.022621106
.026565037
4.044508073
.027378006
.029494035
4.074983206
.033915764
11.255327561
.033146544
.043771823
.030759961
.030612167
4.054393385
4.058077180
.039182244
11.248858425
.035652539
.032127606
.032055397
4.050927359
4.057310672
.031792510
4.058182195
.036924592
.027301062
8.077240646
.037459517
4.057245051
4.062470884
.039426881
8.069874387
.042515639
.025986749
4.057010838
.031774467
.033463952
.026730053
.025961291
.021791973
.023007285
4.055833610
.044853887
.034485962
4.044253309
.036494163
.032994686
4.063663513
.029276789
4.042725583
.036787704
.029183983
4.059313888
.033882571
.027453488
8.079408855
.030961393
4.057940768
.038818949
4.066460321
4.065351322
4.054732779
4.056920479
.038722279
24.220162164
4.056198080
.032057221
.025513083
4.053311241
.038089163
4.046002454
.027839531
.025048810
.025653905
.036730241
.028011325
.022595721
.020711436
4.049453629
4.073242583
.034296480
.032113440
4.060342377
.028860920
.025782778
4.053032573
4.084856953
11.251131039
.040439423
.025845427
.033323075
4.051002074
.033738124
.024337272
.023504839
4.055928463
.034423846
.040718036
.024646368
28.238946577
.042612586
4.056246385
.034187912
4.054196008
.031130140
.031571066
.033594400
.029293270
.025220394
.029833698
4.044838066
.027118474
.027645028
.023127934
15.286173366
11.259344622
.040504580
.028180440
.023821595
.025359629
4.057606656
.037545137
.026460357
.028703614
.022169016
.023189121
.022210517
.026038307
.024686820
4.057178504
4.053849090
4.064242242
.037019569
.022132115
.021569519
4.059746530
.038389669
4.059877759
4.065665848
.031321256
4.054409884
8.085210689
.034777760
.029804347
4.050711211
4.050672763
.042909490
15.272140476
4.064832757
4.065159639
.047656380
.025685631
.026943412
.024586563
.021994749
.021912913
.038475362
.020868429
.059454712
.025140993
.019260473
.021357609
4.052832483
.038803829
4.064211971
8.072638569
4.071653159
.033702504
4.051327979
.032433670
.029989899
4.051267457
.047256194
4.053930841
.036773007
.024034896
.021412621
4.051977136
.033423339
.025283427
4.061808839
.031133573
4.041260967
11.254331151
4.048240050
.031827298
4.062253235
.033054287
4.052360028
.041159699
.024799789
.024386279
.023427296
.020427970
4.044324164
4.062611136
8.074503001
15.267906476
.034429727
.021917736
.024250421
.025835421
4.051759460
.033435408
11.250666337
4.055894141
.036523572
4.054947658
4.060385382
.036634367
.030897842
.022495042
.037425220
.023783659
11.259637474
4.035845253
4.072791314
4.048734640
.031061316
.031974965
.024453767
.031420492
.021409729
.023985005
.022290336
4.052591325
.033988018
.025552755
.026769953
4.067406150
.030355797
4.063681509
.038578430
4.045657660
4.071398336
4.044182621
4.075809953
.056792015
.030181867
.027552237
.027237762
4.050101391
4.070271920
.029500904
.029894840
.027514807
4.065535106
8.087970285
.038850206
.033466229
.028601307
4.045631531
.041564231
4.050617898
8.075946759
.034227868
.028270918
.021007766
4.056418848
.038594442
.032488947
4.049918131
.028331377
.025778560
4.055688534
.040237652
.025264963
.024403898
.023153781
.020508294
4.060554330
4.055012433
8.081842950
.034491666
.026818087
.027456854
.027531106
.021033142
4.044784258
.051490392
4.064690369
.029477373
.027418526
4.054842694
.032972964
.024437111
4.054412232
.035232649
.029677834
.021625994
4.058604341
4.070426811
4.060125325
.032472617
.028778643
4.044787748
4.052171736
.035320693
4.047451986
.040551249
.023887929
.019380767
4.056655523
.031760639
4.063848839
.033607939
.029408577
.025215339
.025781938
4.075500769
8.079691128
.034930977
4.061859570
.035631662
4.050175493
.034134724
.027166030
.042326470
.027582032
.031437635
15.270450019
4.062519550
.039765194
.033972372
.025116634
.029560837
.026468254
.023168456
.023321044
4.061691472
11.265616719
.037413422
.027716912
15.273502081
11.269961865
.045069795
.030728117
.024526743
.022427436
.024133065
.026406585
4.047747028
.032428621
4.056980492
.027651572
.022871779
11.261043878
.036918032
4.056414438
.032416078
.024447281
.027934958
.033403688
4.053900376
4.048426190
4.059008099
4.062148601
.047779367
.026231705
.024464156
.022515730
.027848164
4.060454930
11.255455515
.033949870
4.058308221
.033716965
.027258091
.031876713
.026497696
.028371329
4.062353304
.032923002
4.046370918
.043934758
4.041437800
.030647445
4.060921052
.036894988
4.050382580
4.058591848
11.266101947
4.059340536
.045015824
.025567098
.024167478
4.057998378
.036812356
4.046519073
