.497800535
.460339367
.452392296
.466186162
.449260600
.464801536
.450884209
.471535431
.453179128
.478379741
.455238475
.479667487
.478387405
.458546737
.468896640
.492965915
.476828539
.457511104
.452734806
.473926553
.476402303
.469424329
.450914658
.487160192
.479600029
.468220453
.462271777
.488944173
.486730914
.474249125
.465040934
.474200544
.503133947
.452081744
.452834678
.474347538
.464044801
.458083502
.469043133
.480331004
.454456081
.470298674
.456620967
.478942301
.469668904
.455751038
.472516642
.482030906
.446065654
.506799658
.473451152
.476249099
.464439204
.506591414
.518121903
.469126797
.458015420
.472195360
.469694487
.469572844
.454005961
.445330016
.444058239
.469697721
.474048801
.483233908
.465771383
.454161418
.467707048
.467743052
.456513114
.469536044
.489143420
.479789380
.479151722
.470899740
.455232255
.490958231
.476158759
.468374765
.467971900
.454908874
.446101250
.486123292
.473306759
.464812624
.481911638
.476681395
.462908895
.485284233
.448288255
.477569365
.460869462
.458842779
.454253181
.449133519
.488983568
.465966291
.466133619
.482929269
.489015025
.476707184
.476391945
.475253275
.472707234
.453803196
.447858477
.457397951
.462841896
.463061430
.479136104
.490982959
.459401594
.455807463
.469647169
.466504815
.448765530
.453121219
.478689035
.482801482
.454481632
.450974040
.436012455
.462868269
.443899609
.447347328
.472987766
.448432000
.484566923
.465470975
.472793440
.478152261
.462318830
.448051024
.455260678
.474994883
.459380280
.478012757
.444764053
.473263879
.465735193
.454897278
.430577228
.465142086
.465081477
.466979603
.486891652
.479709978
.482879033
.471471384
.479633801
.490601891
.489102013
.456566686
.471360513
.477352348
.448454851
.469149806
.462637974
.472979220
.503106139
.478893697
.476794485
.486326166
.447974080
.447763052
.472457965
.478037789
.461265118
.461087130
.461568119
.453495687
.484955572
.452995439
.467426829
.479230704
.451895811
.477819355
.452842599
.472583318
.453212973
.464909428
.458929308
.460121663
.472443448
.473870264
.447771875
.454811712
.441511768
.459039903
.465377353
.495422026
.497861992
.472643707
.477985924
.488785924
.467181526
.491538787
.469505190
.472979490
.503319892
.472617755
.451221820
.465978045
.467002802
.451984219
.462213500
.516591408
.466221402
.464010444
.480860175
.458597247
.470211853
.480069128
.437764695
.448883882
.454611481
.486322838
.462027411
.466325325
.478374783
.488616661
.481172850
.455674995
.450916887
.470721608
.439402636
.475544221
.474863362
.495663973
.461090283
.469683317
.454231431
.462532227
.482012554
.462893627
.468366105
.460615621
.486384316
.464994302
.491902374
.457109782
.464080250
.465889979
.468924290
.471566074
.467069562
.460695074
.448168756
.461288929
.485580465
.470619690
.473050356
.448505327
.464922386
.467495714
.468651341
.450450510
.486518058
.465199335
.441985386
.478430088
.446262530
.467869577
.465083548
.480193193
.490513629
.466080138
.479429637
.482777646
.486038617
.484920821
.485952994
.448418164
.472234468
.462451721
.463587682
.455080351
.489665575
.454693281
.469004405
.446863967
.471684063
.455979860
.469084174
.468709546
.448253046
.447133506
.457009634
.485289651
.435156102
.480591894
.463248204
.474095425
.472452975
.508031418
.468362425
.451224193
.441426512
.480732143
.440076786
.460402139
.482824882
.490306836
.478545435
.476766949
.474775389
.494546015
.465532405
.474468646
.466694656
.446645329
.478962409
.453122735
.496064084
.465411572
.468682920
.497473494
.456357542
.455098001
.454756095
.478381219
.477934067
.465348073
.460795434
.471814731
.448404850
.497499285
.476451116
.484776212
.497923270
.459853882
.456697905
.493713328
.450805978
.493905364
.515843252
.478510839
.448577803
.517509695
.469997584
.475904052
.461423455
.462005769
.482361460
.461948353
.456151716
.459653389
.483573877
.462149263
.488463547
.483135933
.468436095
.454379369
.458049421
.457206396
.444380293
.490063188
.461377143
.457189308
.458620736
.454947153
.478095936
.489139095
.458003331
.451932277
.466179380
.449792362
.473481808
.466813714
.480389968
.452152203
.462091198
.445998336
.446418356
.456218325
.449001057
.483947203
.459530247
.483556960
.470366931
.466795588
.463243911
.469494331
.455021844
.457910832
.475752500
.460662784
.456668622
.488672618
.475474716
.473684440
.490295440
.469992145
.472408524
.482657480
.477811680
.495307067
.465589455
.449182408
.454973718
.469496453
.461645542
.514606812
.460224547
.479229301
.475766039
.481636972
.473281787
.458961046
.451787405
.464501699
.452145394
.456380506
.445353449
.458768844
.474649575
.455070716
.464967975
.437017555
.476601679
.477884053
.445429863
.444546059
.475790205
.492538491
.478281832
.484291339
.460866645
.486298998
.470461267
.460784992
.468863793
.476832016
.476343622
.490281078
.470268580
.490985736
.464685000
.476723181
.469379329
.470611979
.460478725
.472391488
.468442966
.465043643
.453946112
.463345974
.451640377
.458013793
.466430980
.443993022
.435213840
.476041919
.458795671
.482863991
.465090594
.457968028
.460370452
.473066424
.458331265
.457652619
.463809757
.469295250
.473581906
.470883116
.467154859
.462081937
.474293757
.474783158
.460126623
.487573211
.459239360
.492455474
.466137474
.448060256
.468249615
.476457939
.467248230
.491402173
.465355082
.440750987
.474355005
.449576957
.482003721
.462020104
.469092464
.462705583
.446546178
.460110665
.488102653
.490291709
.455722471
.456646484
.475643965
.470143306
.444334124
.473970392
.472129909
.461420999
