.042482412
.017580873
.016510335
.023924636
.019263231
.018633368
.023933092
.022800963
.018669910
.025502145
.038710782
.024131328
.024661653
.020047153
.020427483
.024966693
.023314124
.024241157
4.039398883
.027103907
.022153163
.014337696
.015305896
.014485320
.018183618
.021165506
.018661155
.025395713
.022991320
.018876651
.021493334
.024389972
.019478187
.023545314
.018910815
.017635703
.024095389
.014101237
.019746890
.025005214
.022502071
.021838742
.023909138
.019397809
.022728733
.025606122
.020813336
.020138009
.024213425
.034102768
.024770741
.026390224
.020902948
.020588452
.022903636
.045703589
.023227931
.018464764
.023839456
.021034239
.023194765
.023820247
11.242027150
.026150204
.027439460
.026705813
.021974068
.024188589
.019843582
.022913082
.021638534
.024381292
.031737405
.021666957
.019748406
.022034860
.031470239
.026856834
.023661458
.021301049
.019190293
.021848773
.028015615
.018581150
.025004482
.024270928
.021086760
.023125263
4.039550718
.024712279
.020143666
.020147416
.020397532
.019590563
.021999509
.022339996
.019855593
.020891344
.048017860
.018142244
.023950599
.019867926
.019995753
.022554320
.021169290
.020101166
.021557942
.022296163
.020988797
.020870677
.022338243
.017479726
.018797841
.020852510
.017295526
.023512155
.019629558
.019444731
.021886135
.020327905
.020529480
.022035796
.018589724
.025182087
.024249416
.019164408
.019557434
.021379404
.021438485
.019660263
.019258571
.019313193
.023224454
.024963844
.018508183
.022791763
.024057630
.021233658
.022560188
.026656067
.028207505
.018348105
.023467777
.019556140
.023740641
.019003204
.018619760
.021076038
.023979214
.020348066
.019521891
.023499066
.021796715
.018937246
.018473390
.020854587
.022555102
.024710183
.021153242
.019431684
.018705713
.018890539
.021829047
.022215823
.020027869
4.045795627
.027094288
.027512146
.021883580
.020522427
.025357524
4.045691154
.029673136
.016127891
.027274190
.029673926
.023859662
.018282053
.016772698
.017837030
.019914487
.019627415
.017932649
.023224477
.026017031
.023763039
.022756038
.023902323
.022414925
.020961526
.026987616
.021864364
4.020191136
.029944739
.022754697
.024897568
.020264300
.025093394
.026795366
.020672199
.021216302
.020026849
.020833942
.019543036
.022708865
.022669324
.021401169
.025662870
.023001101
.022219884
.027805156
.023361462
.019492620
.022754028
.023020851
.019223380
.020788858
.021609741
.019643530
.022517037
.021335002
.019760817
.022019431
.023798108
4.038982218
.018031591
.025428994
.022739272
.025094175
.024275083
.020493614
.024414618
.032083879
.023114709
.020812762
.020743682
.021628978
.019896758
.018357906
.020243369
.020423153
.022971505
.020961714
.021078500
.018912215
.022251410
.022275159
.021719514
.021623394
.020178328
.023526771
.021300698
.020853132
.022422860
.020910131
.018201285
.024263074
.023638266
.019097205
.019006042
.021273114
.019142828
.023353070
.021422733
.020031165
.022048789
.019947460
.019730011
.023606058
.021272780
.019831673
.024113036
.019451938
.019629306
.024330735
.018255488
.016637431
.026488561
.024601932
.019157075
.021949708
.019975873
.022211155
.021481894
.019643263
.041827577
.022513064
.022153666
.025386841
.018885493
.023606336
.024046892
.019897727
.024259765
.019371503
.020067016
.024110762
.020724279
.020386731
.020166223
.017912101
.019257040
.020979071
.025623192
.026348538
.024822220
.021554955
.023931371
.020311058
.020698899
.020477937
.022840769
.022516055
.023382820
.022958146
.025682401
.022974271
.021668708
.020219932
.022063297
.020008512
.018277482
.042172769
.016284031
.021444703
.028139360
.023979330
.021772542
.022340260
.024721009
.019592588
.021179991
.022112298
.019464045
.019515379
.017886392
.018455235
.018241357
.018276149
.017741556
.022322760
.022862228
.016743747
.020293725
.020403977
.022944729
.022425845
.022325801
.023280694
.019810675
.015960317
.018524152
.019242998
.017607262
.022221716
.018955202
.018185856
.018606779
.018740240
.016075861
.017344216
.015854607
.019263249
.026055366
.022940146
.024778511
.020919778
.021392911
.019300833
.020576897
.022360802
.022861269
.021294367
.019126122
.021388411
.019857009
.028114443
.022861894
.021086072
.019889593
4.046968046
.024693297
.020204378
.018416637
.019623160
.020843885
4.024074326
.019769893
.018889919
.017397517
.017126013
.017115762
.017397350
.016569127
.019960520
.017372224
4.035796487
.029573019
.020907658
.018507907
.025443321
.022136346
.018068358
.020894450
.019850389
4.024439197
.015051638
.017298094
.015887278
.016837753
.015863278
.019369922
.015803568
.016508205
.017483138
.015143307
.016134574
.015771108
.015225808
.018026731
.019110167
.023233905
.015089305
.015214349
.020429148
.017480972
.017086923
.016888753
4.015372508
.017543640
.017145091
.016169741
.022722522
.027867571
.020921657
.015994530
.023348741
.018288277
.020494899
.021217746
.019444548
.021423541
.019973308
.018339696
.023706206
.026667466
.025012686
.023854667
.021274830
.018647700
.017324636
.018277236
.018232985
.022188221
.019685968
.018201734
.020394648
.020088017
.020466149
.021364456
.020615443
4.040786073
.014725757
.031543010
.025610323
.023163030
.022514144
.020832780
.021280955
.018777578
.021804006
.026927512
.023488743
.022793065
.020330396
.016564998
.016630499
.014931844
.016585373
.016443579
.019383963
.020591818
.018638534
.022083761
.031147502
.027443813
.024748766
.018981165
.021986468
.021271455
.020422190
.018389071
.015358101
.018300444
.021239538
.018497948
.019713844
.022452934
.020285605
.023297407
