.043315145
4.042638499
4.041685634
.042213307
24.215444404
.030837002
4.049672199
.036249294
4.042174042
.034792660
.030879481
.028937914
4.050575876
.033931350
.023997952
8.086304867
4.058008156
4.053156621
4.054797961
.032520784
.025487069
.027134448
4.059271227
.034053904
.021822242
11.244297980
.036897542
.041387219
.031340771
.032461793
.024426974
.024543973
.027612339
4.049981804
4.048434339
4.072360800
.038053087
.027070106
.029687256
.028671990
4.041664239
4.057261908
.032436054
.031570628
.021561729
.023051308
4.043995510
.026715344
.029585508
.023691455
.028859648
4.049768322
.032425967
.026162970
4.054790455
.037780945
4.043805274
.041878065
.029964364
.025504207
.028207671
.028681283
.032351382
.025417066
4.039125817
.030703704
11.250482199
.032163336
4.047279493
.037373338
.024213505
.030054774
.022876032
.026529065
4.050189146
.026229563
.025992082
8.057023245
.028067938
.031336215
4.049358659
8.067504115
.039864124
.026373655
.043073971
.030674493
.027710605
4.050033601
.042388089
4.048723216
.036857887
.025060875
4.052492704
.046266007
.023952509
.025622686
.044166201
4.060377394
.032089239
.026063439
4.056386737
.031282055
.032460390
.034717264
.022498361
.026101033
.021367278
4.046436837
4.055308725
.031716177
4.064442212
.029219468
.024141236
.026643915
.026650415
.028570696
.029286806
.024465959
4.047751415
.034254577
.033228727
4.041137749
.034419121
.031387226
4.049160587
.035831764
.026052781
.031066808
.026890480
.025699845
.026420342
8.078261698
.031177447
.028017179
.034418834
.024660591
4.060002423
4.049968239
.029012258
.027494649
4.068008320
.029071020
.024108497
.025901248
4.051412897
4.062712503
.031010584
11.265157522
4.067437922
.035015722
.027601657
.037138115
.026264677
4.049007461
.034670963
.031600275
4.059502567
.038644647
.026776313
.024184731
.025355133
4.065252175
.031259683
.031818406
.029247881
.030361287
4.037763939
.034627046
.025904298
.028038237
.035749825
.030375128
.024736417
.024690831
.025155563
.021541917
.027420058
8.071181662
.035303406
.034390234
.024411581
4.060404382
.028103283
.023960980
.020377456
.024852069
.026016922
.025402807
4.048727287
4.062847442
.034256540
.030701684
.020365881
4.058134870
.031883752
.024226718
.019908902
.027177918
4.050976977
.031962848
.024888841
.025340615
4.063087924
4.052325173
.030226890
.029615315
.025678227
.027359527
4.069812712
.030103313
.020998002
.027323103
.027237356
.024537015
.027521636
4.057279735
.031941740
4.057650739
.029496018
.026539021
.024904841
.025931047
4.050808076
.030809550
.027976464
.025263955
.026389990
.029091921
4.053300098
.034721948
4.055676438
.026606405
.031161500
.026600905
4.061356711
.028115954
.043647132
.029235235
.028927967
4.050606451
.034731719
4.046845264
.031523895
.039379541
.027569142
.026406772
.021631797
.034973433
4.070465232
.030936932
4.049183066
4.058658317
.031094934
4.035068223
.033308559
.025158423
.023310038
.025800897
.024679109
4.039009563
.032453265
.025941979
.029667383
.030753617
4.062423696
.031132394
.029597382
.025991491
.028095581
8.071755879
.038635246
.024753796
4.053940340
.030230933
4.049815438
.036836934
.024266146
.020170973
.022073717
4.050592554
.029145622
.027135122
4.034569866
.033817753
.022301029
.020232940
4.061610309
4.062006577
4.050787638
.043797271
.029204222
4.053899828
.038727129
4.045661578
.032983508
.024561814
4.047580805
4.062233324
8.077366315
.032260548
.045243335
.026499842
8.076005707
4.060303311
.033587681
.024918739
.021903596
.025297892
.023514914
.026803172
.022819689
4.053777011
4.042995441
.029998163
4.052186098
4.055365835
.046454169
.028133959
.025846128
4.054881077
.031572982
.030594020
4.058695169
.026351809
.042265563
.033233373
4.051395940
4.048514497
.035619114
4.057428810
4.062161042
.034226667
4.048413494
.035983141
.027857790
.021656532
.024707247
4.053277679
4.055416055
.038987857
4.055262436
.030768177
.021347585
.026320725
.022823653
.025748080
.021401708
.022870692
.037195010
.025988530
.023264220
4.045053293
.038586503
.043086797
.028712227
.028575857
.024584802
.023202189
.036984407
.033151472
11.264819060
.030394453
8.059003702
.032424128
4.066945512
.033591799
11.248097597
4.058486890
.035908559
.031842588
.028315138
.021100119
4.056818222
.035405911
.027693328
.023254954
.021967794
4.055608947
.033894426
.023299285
.022945840
4.050512331
4.075965238
4.056376729
.035766314
.046715338
.028608431
4.054345734
.037893792
.024380922
.022126923
.028340774
.025067397
4.048379077
4.061808658
.039060916
15.280721822
4.058953763
.034516710
.026476969
.044971595
4.060634385
4.064601350
24.219684083
.029583327
4.058303697
4.061527994
.035009253
4.060949307
.030631248
.048043136
.033203965
.026097806
.025846440
.026651202
4.052164093
.033152426
.046865088
4.063353805
8.064384570
4.060636359
.039393561
.034293241
.026511892
4.070391227
.037878936
.028290893
.024124455
.029618847
.022651714
.024698768
4.057176851
.031353204
.027035271
.037830229
.024900178
.027231181
.022468096
.026163092
.021545585
4.052810587
.033560460
.030416403
.020230798
.027814118
4.056807330
4.036839261
.035644018
.029830997
4.048531550
.044205962
4.060975316
.031135439
.030644368
.026778230
.023252123
.023678444
.029532151
.018961705
.020676613
.022459163
.021744310
.025079878
.041858122
.031623875
.027527886
.021605038
.024429946
4.060893514
.040382794
.029942282
.022137302
.022721163
.023793762
.020370594
4.063272430
.036214430
8.070503748
.034157874
4.044059376
.039198751
.027382085
.021511565
.022517532
.020091360
4.054687353
.032824286
.032442256
.024411471
.027416334
.026597192
4.049093447
.034928343
.028494090
.025709846
.025518894
.023091429
.023309339
.024792750
.023734034
