.047934875
.024007167
.023675875
.022495917
.023631125
.025167625
.023599750
.021868417
.019837834
.021897125
.021210083
.031924708
.027311292
.021567166
.035710982
.028292424
.027417372
.028686160
.036815495
.021678873
4.035461860
.018192197
.026133675
.027233442
.020360578
.025538209
.018682419
.019210456
.027162515
.028305140
.027475556
.021809248
.024931245
.026331101
.025273150
.027115286
.028172403
.019876732
4.053194485
.026393500
.027026497
.025278489
.025575079
.027439289
.022337085
.021327116
.021828998
.026808669
.019162067
.021753320
.022474758
.021848080
.025309042
.022718552
11.250828179
.031303388
.025399205
.027264379
.025168102
.024749323
.025710177
.022499244
4.046661070
4.054934384
.029949372
.024680060
.033494271
.028943876
.025046490
.025116880
.027508747
.022853604
.020700098
.018748090
.024029625
.020155741
.024760644
4.033145174
.025299439
.022000400
.026136857
.023510878
.023192954
.020995956
.027353207
.020621440
.019438479
.024016465
.023833481
.021603162
.021152974
.021634459
.026710808
.021813644
.024761958
.022749520
.023872880
.025342077
.023175244
.022814343
.020790888
.029814366
.023145519
.021523647
.024773435
.026121523
.023306374
.022728213
.023070338
.026215172
.024405830
.024774583
.024341698
.021566075
.021993926
.023739538
.021669098
.021363313
.020884884
.020772581
.021202420
.021870966
.023932559
.020909824
.019943347
.023171895
.024541039
.021629692
.020003176
.023820760
.022816536
.019693188
.043083170
.029698479
.025245094
.024934188
.021671522
.020017297
.018636318
.019810678
4.056980419
.029807219
.023421407
.028206787
4.046914620
.036204654
.021638091
.021244578
.020083951
.021519820
.020358403
.021916207
.019740618
.020424369
.033132207
.024159855
.021700890
.020905286
.019238092
.021661003
.026509108
.026352095
.024979932
.021195048
.021105397
.021735697
.023360585
.020116812
.022365645
.021021145
.022995403
.022937540
.033776214
.028554427
.021663524
.022527694
.027442055
.019991632
.022086485
.028297809
.027150798
.024560666
.022475437
.023983192
.023639549
.020814086
.022200323
.025844497
.023583960
.022175063
4.053334237
.031166018
4.053312314
.030463627
.025629392
.024194340
.021426924
.022144659
.022288839
.023345799
4.045454983
.034141934
.023848018
.019900593
.024266478
.021728606
.024232442
.021664285
.022345307
.018722652
.023900915
.023130734
.021541592
4.049918027
.029585080
.024344034
.021824431
.022377132
4.051043008
.031504670
.027012470
.022315556
.019799939
4.045695996
.033282555
.025826667
.022708871
.025182428
.022730225
.019603608
.022090156
.023444228
.023529498
.023625146
.021925326
.021405726
.020230328
.021546968
.025624124
.023232859
.025365855
.022098262
.018585859
.023682770
.025901109
.024346296
.023323146
.022152255
.024865580
.022479636
.025309232
.021544851
.024029822
.024041283
.048596069
.018772764
.019395038
.032945978
.030728147
.026113325
.020792198
.020032395
4.055595441
.035876727
.026850663
.022877604
.021686496
.020277859
4.054554391
.032272320
.026289329
.023247379
.025581995
.021590353
.022968314
.021838047
.022033660
.025290593
.024867160
.024478682
.020953938
.021226797
.019732846
.019502944
4.046811512
.027373915
.027049020
.020405225
.024008811
.018081968
.024125720
.025212770
.024865003
.037485039
.023403638
.023814648
.022560661
.022327304
.019370987
.020617683
.022431463
.022821067
.021126990
.041413745
.027824594
.023355842
.025394295
.023993761
.021951516
.020484699
.021187862
.024936436
.022300375
.022073445
.018287044
.018735696
.020928088
.020613044
.019850098
.021574202
.027049888
.023651607
.022304485
.020212956
.025859829
.027260070
.022525443
.024993922
.026102115
.025004796
4.044116529
.030878311
4.054814397
.034382138
.023967510
.022642684
.021292779
.024506230
.021304110
.023471450
.019637653
.019502587
.021412709
.021169116
4.040828744
.026085037
.022725364
.022376357
.024142744
.023826079
.020840648
4.053366985
4.049016113
.038651587
.021632535
.019493791
4.055255961
.032239840
.022214500
.021531179
.023653455
.023802101
.021988023
.021633032
.022625016
.027605689
.025935966
.023810256
4.050010042
.029305644
.035899657
.027760393
.026499990
.031037116
.023859068
.026750644
4.058624577
.050032340
.031032512
.025146850
.022175853
.025090228
.021518016
.025089933
.024015702
.021971487
.024554047
.022502457
4.043883714
.029021024
.024762893
.024477326
.027217418
.019326043
.021616368
.027467403
.025679840
.021406878
.025836411
.020767456
.023172358
.019883800
.023185108
.027100671
.028088901
.045299377
.024500096
.026707338
4.051598299
.035445272
.024752850
.023379070
.024699636
.029877932
.021669933
4.054249666
.028025597
.026221862
.020209340
.024974894
.034061967
.024755730
.023195530
.021104317
.024564252
.023873140
.018001333
.019471608
.021067956
.019741156
.037413144
.031607037
.025396686
.023808430
.022535899
.023154934
.023723300
.022063665
.021182349
.022008561
.025476005
.021271187
.024064217
.035372499
.026228096
.023014315
.021175986
.030999677
.026423242
.025780859
.023842832
.027361695
.023812359
.022783369
4.053961203
4.049699319
.031846150
.029046525
.029000717
.024417283
.027156327
.023703494
.018893990
.020124417
.022420196
.024191574
.020516797
.021242794
.020115488
.022278273
.024239987
.025182764
.020344503
.023146831
.033513364
4.053299870
.033571489
.028313712
.031065983
.029507049
.040471369
4.042903600
.031970897
.029353170
.023171000
.024509884
.022641371
.021619364
.021238020
.020205805
.024231832
.021059477
.022582071
.023899747
.024659626
.020941386
.020938594
.020080671
.021333221
.023918238
