.029013827
.451263199
.445967593
.437587454
.444402819
.437004523
.441871780
.435693667
.440643928
.444372839
.442295811
.456979221
.437442793
.439460061
.443247223
.445990083
.477511181
.507297549
.480470997
.520340975
.475726560
.525617108
.486423420
.462199441
.440173944
.436898612
.436566355
.436635812
.426260654
4.437558929
.443307985
.432338529
.508354776
.497797491
.467730616
.487436619
.488032413
.496042998
.483794571
.503214071
.507982578
.503170522
.501952672
.485441531
.511401686
.491609009
.468790968
.473649101
.474381147
.475181194
.500942513
.477947845
.480626871
.501319843
.489135042
.485778127
.501146832
.467835554
.472247974
.488630024
.496199354
.513991542
.507988100
.507019046
.439114728
.448872791
.439521980
.469358799
.471319193
.480396205
.479810114
.463613771
4.461921073
.486903634
.488127395
.473731739
.494918922
.465103102
.477658484
.480462137
4.468200602
.475803410
.473721012
.485427552
.476570664
.479639403
.468847245
.483722486
.476306489
.474056339
.491251646
.477347496
.483038138
.459785599
.480243565
.471167425
.484028186
.472322518
.461875282
.462533454
.467602549
.482317787
.458270822
.472471221
.475200249
.471523460
.496011801
.464437007
.482539031
.464977386
.482636572
.460276876
.471231866
.474740402
.489044385
.476964173
.476686420
.458009347
.471852992
4.472171740
.477830299
.471812360
.489657881
.482488971
.475044891
.461610040
.464671197
.479064098
.465000033
.471197721
.469529037
.472567110
.464013352
.468823069
.478505378
.493293951
.499548682
.487043008
.452927981
.470263831
.459810386
.485431780
.480637688
.467089502
.469098939
.454551328
.464176886
.472034136
.476318888
.486011739
.463787839
.465974028
.467944670
.488992224
.464028086
.480377133
.473045264
.478695531
.463982250
.487767375
.491371538
.475851540
.485292932
.485213305
.452119498
.473761184
.469726391
.472289001
.471400533
.468917506
.468018704
.458223018
.451586698
.461656887
.475719992
.484410749
.491732742
.472667709
.462717104
.491917660
.454384766
.483946701
.472792042
.474919689
.456098616
.489658259
.476358036
.460757372
.484653623
4.479451241
.468081405
.469067165
.461228208
.448286780
.473313625
.483752818
.467074768
.465227081
.478681305
.479609564
.477742462
4.475638157
.456156193
.458779302
.453193370
.473208287
.476870159
.464847907
.468765656
.456266942
4.467577418
.469656247
.462802425
.461684413
.455961729
.484272608
.458062243
.488454602
.462867417
.500653730
.471964887
.451183545
.442013578
.466587836
.486103921
.469094027
.474875259
.472173959
.477144972
.483163475
.453275027
.482040909
4.472243772
.455868337
.465580341
.456281466
.475267224
.460691446
.483704009
.468232020
.470545938
.477008317
.479813774
.493287817
.481401174
.442515739
4.473435030
.484379781
.475150759
.471623083
.457095206
.469531758
.482467398
.455331112
.474139418
4.451110233
.471152409
.452303234
.472466937
.451221601
4.464921008
.460056179
.459130780
.463891562
.484916945
.472358898
.478005371
.474571230
.496171893
.468041690
.478405155
.478843480
.459267486
4.472114909
.474533522
.486713661
.470385644
.473659123
.463313199
.482832778
.477945080
.484265583
.490630875
.463947353
4.471660877
.475756431
.476881492
.477232611
.486763010
.480035474
.459219709
11.677346496
.451280058
.478275238
.483599204
.479677556
.471935692
.455648022
.476493413
.459591236
.470584774
.495380964
.461687109
.481964846
.465982526
.462841170
.469628205
4.451411493
.472209030
.491886778
.486174596
.501361096
.452879192
.483096238
.472452567
.466327393
.448242239
.464660424
.476859524
.482883201
.479822134
.467390998
.474393155
.487140493
.479939590
.462220347
.481522101
.457295774
.462778460
.478757112
.469951698
.453098521
.467455329
.473234177
.464589634
.478732239
.482077882
.475321428
.488035684
.467094670
.490094187
.479044440
.465052209
.470241235
.452148331
.458819662
.481394104
.478659160
.482117372
.465720669
.466229199
.476404206
4.469808488
.475100169
.475195196
.481282859
.477836415
.474629801
.478199105
.465168266
.476146137
.464762100
.462652305
.449700299
.476898657
.470905645
.481944976
.472508571
.483597985
.481267362
.484095225
.469153801
.474637987
.467020590
.476374788
.483747231
.459029700
.474910065
.464958838
.457420190
.455372769
.481124531
.483056453
.476566742
.463724319
4.483987228
.456636453
.474743069
.493143427
.487579033
.488174021
.448589773
.472201700
.471728126
.478701826
.466721262
.451272598
.490615559
.479686099
.464084813
.467860907
.475711841
.456157005
.476407578
.460008682
4.457790216
.460042192
.490839351
.484048072
.471632870
.475630455
.470513546
.463686733
.475602937
.469743019
.473272347
.461403250
.485943189
.456999672
.453209279
.472774241
.462609381
.487225372
.495573211
.471750904
.484681451
.466670996
.470229636
.481428341
.467593474
.474176767
.458490144
.457554933
.482163343
.495717785
.472158456
.487281917
4.469999223
.485174932
.484367738
.463320460
.478204767
.456033843
.481141377
.489813258
.454783031
.467608586
.481146460
.482687889
.490007711
.456957824
.463591701
.450477819
.479645487
.461619571
.467729666
.482101983
.472188917
.469067849
.472987651
.490574743
.476400547
.479542280
.469015725
.468576609
.463657908
.478019559
4.456026842
.479074831
.491410435
.472394330
.479254910
.466168903
.462562095
.473489601
.472925195
.471133936
.461278744
.462295392
.471977503
.465349168
.469301303
.470463865
4.472629089
4.477610810
.477574886
.475092030
.466446965
.476973302
.502134753
.480239891
.472322734
.489205170
.477003640
.473875111
.478648314
.483958672
.462145651
.486455790
.456640416
