.048093339
.026582030
.022596144
.027968451
.025928154
.026114779
.020765806
.029323830
.024345691
.028445160
.028566369
4.048687249
4.050312170
.032840714
.026846489
.026337405
.024487234
.022443519
4.060982283
.036807517
.030104957
.022697687
.024520942
.023951065
.021472100
.027329616
.026295655
.020677057
.022094977
.023667356
.023782023
.022931938
.028292536
.024125565
.027060490
.029713373
.028482869
.024679026
.023863148
.024263899
.024803859
.025960529
.024400775
.022409436
.023785064
.024478733
.024235441
.022817354
.021150058
.021573808
8.077217235
.039573399
4.046889328
.035624847
.027671242
.027207115
4.052112217
.030787376
.025323903
.022422728
.022011476
.026554614
.024112566
.025432694
.023449147
.025312360
.024406233
.020820348
4.058660943
.030865959
.026859115
.023486855
.028030951
.022732729
.021713976
.024327358
.023170480
.022151768
.025753778
.024147108
4.046488493
.031765628
4.046004075
.035725181
.027589075
.027540908
.029700372
.027026199
.026820364
.021605267
.022610811
.027275699
.023668898
4.046650952
.033220798
.023471564
.022187518
.026330988
.024723109
.025392069
4.042684191
.030463291
.028788869
.023783940
4.069804307
.031189168
4.063608040
.033408799
.025540694
.026925573
.024149107
.021979185
.022346477
.023445022
4.035745464
.025379569
.029190121
.027762284
.022864562
.023572814
.023338480
.021303517
.026226029
.027537033
.042977492
.026080404
.023098563
4.043935902
.040643360
.025979571
.026909198
.026273613
.030970085
4.052242050
.033069465
.025627736
.038667313
.022924979
.027183907
.023559773
4.058066941
.037345435
.026637323
4.060066279
.032067463
.024535358
.022804187
.026727198
.023787356
.021725309
.023600398
.023815482
4.059897737
4.039165182
.035763763
.035854764
.028473411
.032764173
.024377942
4.060777198
.028677370
.023515355
.025262402
4.059039027
.030334291
.026514822
.023676439
.026161779
.021932102
.023403730
.028673994
.025820237
4.067325424
.029732831
.026678030
4.062837162
.035227262
.023421897
.021787767
.029109037
.022996104
.021587101
.020907766
.024811026
.024439149
.024746650
.029940664
.024525650
.022414352
4.057890524
.029806040
.029163704
.025166235
.028034035
.024878901
4.039164389
.033959842
.024192983
.030278208
.026576988
.027106740
.023140896
.026176571
.022974979
.023937357
.028386535
.022559519
.025406985
.025936779
.030230999
.026718656
.026277155
.024945984
.020452764
.025959654
.023168313
.026722822
.024077274
.029530372
4.053319178
4.047612455
.035959806
.036481724
.031723753
.026968948
.024988567
.027640909
.026539864
.022905187
.026160238
.024623650
.029890207
4.053536429
.029324163
4.051286881
.035634430
.022711770
.023022480
.027031907
.028515078
.028533953
.021833601
.021902976
.055841693
.026637239
.027826576
4.058369650
.033588008
.024408649
.025980070
.022867229
.050167978
.028126438
.027482849
.030057787
.028545606
.028314039
.028422186
.030136657
.025426124
4.057006039
.032659452
.029639207
.025688798
.029035753
4.045816916
.038008306
.026931766
.027118469
.024404088
4.060140006
4.067331582
.030358259
.027682585
.026094784
.028104855
.024748304
4.053860161
.040959100
.026952070
.031177399
.024219639
.026216750
.027581670
.027484402
.022744604
.024480551
.025882479
.024277132
.020910917
.024863024
.023389334
.021071947
.022944126
.025765316
.024284375
.025324886
.026146788
.021786190
.051727870
.025873749
.022007555
.027760464
.029812204
.026516309
.024807706
.026638898
.026216081
.035670308
.027442713
.030087097
.027453088
.025048170
.026272463
.030463027
.027722972
4.060194955
.025277334
.028134554
.027106353
.024356471
.022298236
.029277710
.020264202
4.033272201
.031236426
.028037076
.024875020
.021829051
.025758954
4.060490908
.031999643
.027002581
4.059380600
.033803336
4.043701119
.040507396
4.045724883
.034636074
.028480041
.021917958
.024868274
.022514404
4.058574057
.027378661
.029758885
.024884363
.022881192
.023539755
.020723692
11.263489265
.037708625
.028237973
4.046214972
.036117992
.024828388
.026608358
.027059903
.021790193
4.041678837
4.058833661
.037940221
.028117436
.030529636
.022672424
.025437880
4.049449909
.033428822
.025455341
.026779429
.024849439
4.057339101
.028482828
.023518000
.022219825
.024224713
.024729717
.024575091
.024343923
.023332659
.029537575
.025694466
.027575729
.025136671
.024651168
.025309463
.025623582
.028145391
.027260510
.023312110
4.058960005
.030665578
.025635880
.028110431
.028312349
.023782868
.026926383
.022944530
.028721684
.025274660
.022082478
.022476063
4.052871660
.032983489
.047819336
.032986394
.025271175
.024240560
.024769847
.024598300
.026358867
.029492711
.025893288
4.050523143
.033406432
4.053253346
.030071099
.033136187
.025611027
.024004255
.021680824
.023518677
.048408170
.030484987
.032175157
4.052811194
.033622426
.026641463
.040573358
.027760582
.023631140
.024826611
4.067722572
.029595968
4.044508223
4.061002095
.036639864
.028241920
.027179776
4.049276448
.025707446
4.064691678
.030767324
4.045895040
4.059084873
.034767074
.023283171
.024994994
.025378274
.027519709
4.054510506
.038896625
.028965892
.025672910
4.056860889
.035541915
.045490407
4.055990501
.041769488
4.053430293
.032619242
.028443825
.026979674
.026869971
4.059883829
.038529440
.026070862
.024480176
.024674626
.021341219
.023976905
.020460921
.024586377
.024518255
.022703036
.028580340
.022775533
4.057516280
.032504577
4.045600579
.034870128
.026329819
.026201490
.025291070
4.057013108
4.061516525
4.060227684
.030525638
.027206366
.028468561
.023416155
.023376237
.025762342
.031251771
.029223150
.022783429
.025934126
.026954040
.024460020
.022699680
