.070315040
4.084750091
4.096705118
8.113559490
.060390568
4.088922931
8.118605937
4.099324898
.053862300
8.104569894
4.094782805
.058885974
.049186342
4.084312403
.059821457
.050405917
4.076249774
11.287751724
4.093979493
4.087680010
8.116345664
.063555458
.049112037
4.100497222
8.119103684
.055097111
4.084079257
.052036573
4.087228840
11.298415104
15.308911614
.059404284
4.071329779
8.130513565
4.093992779
11.299470762
.049352488
24.255859406
8.121690685
.081938688
8.108067334
8.115522828
.070952951
11.286629863
4.084127733
8.097497688
11.290824073
8.139074827
.060426656
.057956187
4.094282922
.056834593
.046668519
11.282029911
4.119375856
8.118796427
.069619977
.049419571
8.110323268
8.099660656
.066172980
4.071020889
4.096637677
.047104476
.045665399
11.286398153
.062439597
4.083795491
.066490362
4.092094926
.057604017
4.081599671
.058754097
15.305598789
4.090226457
4.083258264
4.100874812
12.149896941
4.100716732
8.100750054
4.092262912
19.334292646
4.087872904
4.083562026
.063247004
4.083921621
8.108564451
8.096469572
4.091160168
4.098717964
.057795591
4.084483936
8.100487609
.055306689
.047803807
12.124152231
15.323076916
4.098733514
12.138521045
4.085417984
15.323877810
.069102624
8.120934567
4.087376881
8.109547028
4.080320361
4.101391886
8.106961351
.059623837
.045945225
15.327736594
4.085478865
11.301681116
4.094373129
8.105544529
8.104485973
11.296083224
4.098011065
.049951266
4.096145779
4.095151759
.052693195
4.078850692
4.105481045
.059336908
4.088088128
4.063288268
22.502389461
4.081901382
.058439841
15.294193804
8.118063845
.068520696
8.100833437
.064182498
.065677544
12.115500697
.062574661
.050555762
8.081456500
4.087565643
8.108183458
4.097796773
12.126305388
4.100715327
4.098234744
.055384268
4.084944019
11.288892191
.062918841
.049717347
4.077765836
4.085204586
11.291277388
4.089033446
.056982949
11.299864989
11.282710385
8.104088773
4.103576892
4.083775695
8.124783616
11.306953215
.062306222
.052661578
.045424512
.046709073
8.119009895
4.091215714
.053969057
8.103292287
.067043543
.050616215
24.240766982
.064319352
4.076701694
.068367035
4.091874136
4.079303645
.059077573
4.082350984
4.095613296
4.100703867
4.091856744
4.106429489
.054544510
4.089823799
8.113435314
4.099213779
4.100176556
4.103347471
.056616562
8.110046222
.061399166
.072370182
4.076575534
4.090963928
.054484869
11.288483684
4.095552988
22.530227151
.061360058
8.117684728
.060436422
4.084580523
.063637502
.057918143
4.072227254
4.109201275
4.082540294
4.099289554
.060257521
8.095439337
.053344197
8.104336516
11.282528519
4.100522884
15.315730882
15.319181653
4.111384310
4.100507164
.060573415
.049270099
4.088752551
.053253843
4.072242141
22.539271616
4.075000875
.048952748
8.105329376
8.110720548
15.336479567
15.321526289
4.089990225
.053465050
4.090153509
4.095385173
4.091272125
4.081157601
8.121653540
11.291025881
.063990385
4.078282022
.060079342
.066594717
.051572611
.068528620
4.079092119
.060263064
15.300658275
.055988951
8.093241349
4.092217737
11.303059975
15.302321055
15.314466121
12.133004462
.064776189
.059301447
8.109018546
.054885170
4.101256144
.064311020
4.093105410
.056046464
.045615153
4.086682199
.052610564
4.077351891
.060498768
8.116357486
.053620346
8.115024314
12.131097539
15.329465002
.060610717
8.118605993
.071468645
11.280961556
4.095759948
.051213211
8.122807173
4.082179507
.060307027
11.273759648
4.103553244
11.276192501
4.091031548
.054011472
4.086732871
.055082975
.049160377
11.295053381
8.121833853
4.100427223
8.111697440
8.116629280
4.081818927
.053103447
4.080873802
4.099047661
.057878454
8.105800154
8.097639847
4.090317830
26.550875129
4.098271774
15.318271982
.059713259
23.341672590
.063552278
.046442512
4.103004364
.058760732
8.098006833
4.080849348
4.077055911
4.092392430
.053428160
4.070904467
11.294039147
.070705435
4.077333418
4.096925820
.049100961
.065561211
4.084367343
.064380758
.076138062
.047682965
4.091955800
8.121301279
4.094643214
4.088308949
11.302083977
8.106213581
4.071816321
4.095259582
.062648374
4.069242642
.064057112
15.317793126
.063510408
11.276794089
.062727317
11.289406206
4.094254184
15.303914206
.065114027
15.308511321
.054160683
.046839801
12.121786947
.053893530
.043816206
11.276898073
15.326671445
4.083048144
8.103298937
4.104328177
4.083199061
58.781066388
.066177653
11.309300012
4.083479571
.054704425
15.325096253
15.328079460
.056108344
8.098408249
11.280668258
4.094030338
47.541040009
12.130656412
11.301232922
8.128433956
.063591724
4.093974165
4.081220004
4.103674534
.059283621
8.103342276
.057735280
.075921680
15.315010346
12.135625874
4.109027378
8.106487664
.057305009
4.096874469
4.073953948
8.116839330
.067570943
4.104484343
.052916897
.046360404
4.082644505
4.108858705
4.099407451
12.133859577
.062779252
4.090984920
8.121059851
.058742896
4.079649641
.064520600
12.130555341
.066448710
15.306719273
.060723967
4.096666894
8.119362316
8.129540341
4.099388586
4.101297220
15.313031751
11.281972302
4.098456118
.062992869
4.076642744
4.093971389
8.111989187
4.104303258
4.087195208
.061766874
.046772793
4.072365064
15.328408747
.057268221
4.081299002
.062339334
4.085617175
.059230652
.044554047
15.310504128
28.292428397
.058543046
8.089552588
.064290009
4.075655522
11.310757252
.067045972
4.093114207
4.072842210
4.098835435
8.104932414
4.090202435
.061574783
.050298435
4.067112845
.066314222
11.254244465
8.118070712
.057453949
4.083891931
.061045729
8.115725249
.057329438
4.096077992
4.070175401
.062497669
8.119749534
15.301054335
.059518514
11.286741502
8.109952165
.088375134
.047293136
.054688431
24.261734490
4.083337081
8.121055236
8.108780999
4.089771071
4.105196787
28.260792454
22.524650515
.057189076
8.120849381
.060805585
11.275008882
8.139809735
.083969090
11.304645704
.061384864
.073325591
.055427226
.047446934
11.297224208
15.292279197
11.288746644
4.097518440
.060984954
.054655553
4.077992529
.063190140
8.109600789
.062083331
4.112313384
11.314855337
