.040909756
.017535848
.020326855
.022772690
.023234698
.020939865
.022482643
.022361266
.021627502
.023545578
.020751445
.019551924
.024241757
.025625322
.022354599
.021555543
.023251281
.018921997
.022679396
.026511504
.022486768
.020208478
.024806517
.020297980
.021611419
.025740325
.021596544
.022655562
.021505625
.018153733
.021899049
.024541345
.017467680
.018254861
.017637933
.018437155
.020022183
.024870060
.024746932
4.034322293
.023170106
.017666710
.106005220
.024033373
.020407762
.016450187
.020080631
.019634658
.016159842
.020449381
.023043680
.020797471
.020812429
.017198154
.019400815
.018307503
.019643444
.022671125
.018995641
.019967201
.019007307
.020373496
4.038359026
.024163347
.025274117
.022533194
.022350815
.023380041
.020637617
4.044373874
.025884416
.028810634
.025323447
.021710342
.023096450
.026642512
.020529321
.021488338
.024256345
.023178076
.021970263
.025985459
.022242601
.022774110
.024307596
.023798504
.018758415
.022875820
.022899195
.026668762
.024218010
.023889463
.020698074
.019846475
.023009697
.024580267
.024018923
.024436181
.027747698
.023839295
.021594923
.025802330
.022382853
.018954917
.026566635
.025296322
.020899827
.026083960
.019670056
.020057395
.020073854
.020997787
.019736931
.021921928
.020802533
.021931470
.023644251
.023349204
.022503730
.022775818
.023774169
.021041663
.018956751
.018958626
.020010769
.020927036
.020747824
.020973204
.024511723
.020258899
.019915393
.027746822
.024103717
.020855909
.023408705
.021540796
.023465747
.027278564
.016551583
.020238607
.025534159
.021063455
.021600506
.024215761
.022667649
.020684448
.022982031
.022148349
.020917078
.026446967
.022135682
.021227666
.022695858
.020070271
.020357276
.025107693
.020341650
.019765224
4.043236378
.029369226
.021446711
.025672869
.024745895
.019083961
.034334314
.024507307
4.043701884
.030940129
.031518056
.021699175
.024891481
.022930530
.022956363
.021121956
.023363621
.020160814
.019435176
.018520576
.018831874
.021510129
.016956174
.025707953
.025737954
.024527057
.022309644
4.043294294
.027708197
.025227987
.022036222
.016163326
.019735723
.019810266
.021586547
.020431152
.017807439
.025363572
.020790242
.022632440
.023864921
.025746704
.020191064
.020654364
.028408585
.020437735
.022258184
.026065168
4.049634989
.026131544
.019787558
.024201968
.022055931
.019323091
.023614749
.022979905
.021697591
.020580946
4.048290154
.026606742
.024591746
.021376145
.023688521
.019186062
.024084237
.023959856
.019031765
.023826269
.032877504
.027736704
.028013084
.027302071
.026516682
.026777603
.022565736
.022671905
.025885420
.023060411
.019988607
.022629237
.018277201
.020296279
.024507938
.025941630
.020300321
.024173348
.023876968
.021508051
.028645095
.026754561
.024239391
.022587445
.025189700
.020026566
.024174723
.015596320
.021068959
.016349209
.019219801
.021287005
.020645576
.021034792
.023574504
.020135526
.027190985
.018705875
.020387906
.020971166
.019498973
.022563611
.028928516
.022154103
.019715602
.025391787
.022153771
.020491491
.023799174
.022608820
.020737245
.021644470
.018993797
.020726287
.024105264
.022635196
.021370423
.023168038
.023405751
.023211123
.025560582
.023986970
.020030982
.028466299
.023316332
.023472836
.025354494
.021607678
.019679310
.025470038
.021353923
.019897439
.022165312
.020580492
.021926975
.021565049
.023311830
.025234280
.024427558
.026149714
.029748527
.025158154
.020881037
.025430870
.027615242
.022877199
.024314016
.025509746
.023132870
.022904450
.023765715
.019333178
.022154436
.024760316
.024971445
.020649826
.038315766
.019697351
.024281599
.024723107
.026866562
.025591581
.022273647
.016176080
.024409560
.028425840
.027697827
.025690208
.023543378
.021679512
.019841229
4.037947186
.022858991
.028287046
.026834228
.023020035
.025041739
.024710066
.024214515
.028847264
.026442721
.019832562
.021227795
.024165014
.019105716
.023127204
.022184104
.024758525
.024527396
.028245795
.026749643
.018677958
.019233718
.021320880
.024129806
.020281861
.025089447
.046213831
.024113870
.022221546
.024167663
.024033701
.023689863
.020193969
.021023486
.024072996
.026033447
.026695167
.020316348
.022904018
.022415677
.021751791
.021195073
.021404952
.023306652
.014720963
.016116736
.019996929
.023065440
.031554046
.014967050
.020242434
.025330980
.019943387
.025524734
.024508800
.021070365
.022288512
.020950738
.022717644
.022531183
.021713752
.023319280
.020678526
.023091152
.022289637
.020405230
.021632168
.022277679
.024415299
.024233672
.023105611
4.050801961
.023015652
.022397099
.024078628
4.041131553
.029904356
.018337487
.024758474
.021511542
.021539501
.021837381
.020534318
.020105726
.016570665
.015850069
.017436429
.017220718
.021921925
.015016388
8.044825582
.021495417
.017393512
.017453222
.018649410
.019998058
.020945200
.018593367
.017732394
.023528453
.018472782
.018218777
.019353630
.020496442
.018805704
.021258664
.028138241
.018728661
.017980565
.019898015
.016565206
.031665179
.023370950
.026315919
.022536561
.022649188
.019260211
.017830812
.020400565
.019137084
.019979516
.018337987
.019068083
.018842996
.019015291
.018781162
.020929199
.020640152
.018460031
.018130108
.018856746
.021639295
.017792311
.022171346
.027672442
.028744502
.017603474
.021106994
.030337507
.016021851
.025248381
.019734121
.027692921
.018372474
.016950367
.023953400
.023117677
.023685854
.028601603
4.034136916
.018819523
.019340990
.017837382
.018290264
.015376590
.015239963
.017412583
.031148979
.021661362
.018099428
.019623286
.021892949
.022954842
