1.328103315
.889060316
.890626305
.879356649
.892855926
.891068936
.874280166
.896704216
.893272307
.884300526
.892318492
.883697718
.889026247
.890629203
.904206250
.890359271
.900505777
.882382874
.881113264
.887165311
.901846223
.901762915
.888815747
.884917341
.889162887
.893290234
.887754287
.881730381
.897705499
.887823110
.902481642
.896814536
.895294112
.919503410
.878861098
.899382624
.908711090
.895965512
.894389657
.895747382
.898404271
.878459192
.892904332
.897218796
.899291288
.894908654
.896180563
.885901308
.908292073
.912714387
.889576639
.884366376
.882520760
.891373594
.873276626
.887448285
.893861823
.901920159
.879966635
.870944114
.897445642
.891746179
.895372411
.897288961
.885860026
.907723876
.880835503
.879035893
.903346623
.893007856
.906653517
.890898244
.899155693
.910537544
.899056809
.901288324
.890866836
.883913553
.902682216
.874020274
.908625267
.900330484
.920575792
.884795910
.904413660
.886134406
.895679435
.887049336
.905367598
.887426945
.899908760
.893882805
.908579326
.894541846
.886106633
.894648648
.902704761
.889810136
.895909349
.891142089
.905337373
.895143146
.894619161
.887596109
.897774505
.898238283
.905652819
4.912145332
.887172392
.888957909
.865634499
.886277973
.889498361
.896252277
.881243908
.881995952
.891989005
.890979575
.890248162
.901029175
.899329124
.890367507
.902983329
4.906656327
4.891016244
.904154824
.910956326
.880734450
.880844207
.882878738
.880707245
.885535971
.882316461
.897017148
.898471731
.880943722
.901033207
.895058712
.883253103
.899940234
.895278770
.905591173
.889668253
.894276801
.894978924
.884230207
.891520527
.907706714
.880222322
.892710971
.905395964
.903225970
4.881313788
.904633554
.889397088
.900236979
.888218442
.890146924
.896271263
.903175437
.891865521
.881174974
.909831307
4.887008423
.890405197
.911843632
.891479007
.882857532
.882818323
.889618824
.903598139
.906738980
.893526417
.895364520
.876055078
.893610924
.909255748
.879326053
.883701087
.889027591
.910801711
.889591831
.909218125
.877695967
.894300885
.896891446
4.876315021
.908892571
.890490304
.909928087
.879507842
.893535121
.896884389
.893860900
.887622096
.892943567
.885037838
.886030294
.903317522
.900906088
.902509184
.887146079
.897423163
.887077584
.886303536
.901532147
.892417305
.888862655
.914555618
.887383782
.894963535
.900210325
.890794389
.879784613
.889196009
.916325551
.887433495
.889291391
.891353422
.899242692
.895667494
.878474752
.893350658
.887431789
.885222167
.900803155
.897981957
.891054866
.889822090
.900893536
4.907765529
.890412749
.902673177
.876397099
.896873927
.896196999
.906865773
.894818562
.879238799
.901629299
.906144555
.899182159
.893404958
.892106933
.884043627
.880718900
.903067677
.907366696
.884874911
.887210248
.876329188
.887248751
.899539180
.887089617
.900429522
.880556506
.903562654
.907759219
.895360825
4.867119845
.885123967
.901327864
.890648940
.877251449
.898592922
.895508959
.914367128
.881691653
.902989124
.913813264
.896364674
.895303032
.909740822
.883867087
.887175589
.904630030
.888628767
.906081300
.885504605
.889250820
.893047717
.882529653
.899785717
.903162823
.882575190
.890650679
.890288933
.892521267
.882894207
.888951810
.874648000
.873272273
.893541531
.904552272
.890876196
.880341943
.911353846
.897445135
.891784177
.909165363
.887738744
.889932462
.910099563
.894707380
.879466530
.899515887
.890940806
.878138969
.883569930
.889512484
.902929103
.896432925
.885431004
.901387938
.886727735
.881492320
.871837328
.908898245
.897399502
.907496798
.894413473
.894744753
.887006222
.896500092
.895513752
.884128907
.891170031
.912729276
.870413223
.896597674
.886280548
4.912648712
.906973078
.880982728
.885265456
.893534425
.895341388
.902304468
.895509691
.883924232
.878953525
.900139609
.887699523
4.900249519
.902011739
.893747418
.891405397
.864735291
.911387245
.897298437
.905529661
.890825997
.897250774
.920776857
4.880760207
.879568779
.924935832
.912609434
.875119044
.896445932
.886923110
.883670018
.888061170
.909470145
.908241046
.906011054
.898768282
.909362980
.907962040
.909047283
.897425412
.894082918
.901021235
.915398250
.921470687
4.879226527
.889517637
.921251984
.909362321
.901182945
.909005073
.918095222
.907047547
.886858851
.916131748
.904701854
.892841121
.900961898
.904720486
.907434133
.894395353
.879617892
.884730317
.898663549
.901241341
.913007028
.883332241
.893714997
.883178697
.898540568
.904314635
.914591681
.896928051
4.878084783
.893680996
.887138652
.902719133
.903758414
.896528391
.883313411
.877735708
.899673317
.904672988
.900088847
.879941757
.922505651
.896323664
.900824832
.890542168
4.890149125
.908548435
.908251237
.905134243
.899456843
.917544811
.894247599
.884194849
.908316592
.895082879
.888506463
.893605343
.872065644
.871464590
4.903366652
.927723462
.887952338
.886417327
.898927504
.879395953
.875589333
.906162769
.923248988
.893296793
.885917064
.870259489
.878175108
.885880552
.897510638
.883533151
.906589084
.894583212
.902320326
.900704825
.896014140
.910779606
.865747974
.923149150
.896443014
.894653574
.878773208
.906997789
.901192842
.899608415
.894609227
4.893014334
.867924713
4.893236818
.892535255
.892705601
.901775175
.886702544
.902104174
.903368113
4.893842931
.898756681
.911891904
.892942511
.902620192
.920281229
.892331352
.889077069
.898922718
.889662939
.902785566
.906963458
.891446117
.909840220
.898617860
.891915151
.875320980
.913341272
.888872602
.882174192
.900157952
.897058740
.901411506
.882721641
.901353192
.859961972
.901937161
