.063356364
.038145312
.040967391
.036788918
.041065809
.040186895
.044438116
.040004089
.041160805
.040788511
.041081055
.037320027
.044737582
.040418648
.041039236
.037103243
.042567041
.038752466
.040085478
.038340754
.043414677
.043825181
8.071485609
.047241138
.045119029
15.260075240
.042466549
.063140608
.054731417
.061850717
.037614362
.065750684
.060470241
.054556123
.068636138
.039521428
.053606861
4.064695971
.044808996
4.071363435
.074199627
.049737644
.049084343
.038174994
.053328773
.047542449
.038549332
.059629105
.045753592
.062982565
.037669279
4.078792658
.055330966
.043366853
4.076254792
.068569512
.056288312
.051895255
.057647038
.058504673
4.053566248
.054948503
.051345039
.076933954
4.069945585
.056065684
.050292103
.077165480
.046724659
.063649833
.043031093
4.074298519
.039642693
.063666420
.039922280
.040336076
.038989737
.052393808
.059510639
.039237032
.047524127
.037597555
.043597215
.042166532
.049934830
.038901410
.050662131
.060378119
.051802568
.063963795
.062051814
.049326081
.037160562
4.050740570
.044598373
4.067005399
.039816943
4.071449856
.037920505
.058421129
.058479672
.047853459
.074364491
.038710681
12.103935852
.039045019
.038197300
.060629158
.045931395
.042099556
.037803628
4.066383457
.049373311
.061423083
.046588236
.038348968
.038308427
.068943842
.071755501
.045015175
.038672514
.041922304
.059117472
.041046085
.039210354
.037952338
11.241570718
.042130057
.072613220
.047028783
.042515061
4.056877967
.040335687
.036835810
.072632040
.051897652
.051992737
.037016942
.036619105
.039749757
.057798343
.038842990
4.071878921
.041428957
.039827898
.079957757
.064183637
.052125586
.063021416
.051593204
.062383742
.069265944
.064975031
.051502086
.082186810
.061766370
.040637170
4.045531732
.044520146
.061003589
.040238929
.040160011
.070321156
.048551986
.036290509
.044180435
.036631763
.038305658
.065240224
.075103506
.065797940
.069016978
.059200737
.067646920
.061356721
.052678161
4.047784684
.040856273
.036977436
.038876042
.045024156
.043676849
.066703996
.069263859
.053452880
.056532459
.077975545
4.068757064
.037662320
.059824206
.057781849
.035483169
.064822474
.062356986
.036273262
.062873784
4.064010984
.040876149
4.057611869
.053356880
.038854125
.048875827
.056747962
.051869029
.068196722
.055713408
.064475387
.037148647
.041625325
.042056955
4.074523737
.038673998
4.064126172
4.087487396
4.060374242
.044233546
.041418967
.040617040
.044240546
.045242643
.039766362
4.058743428
.043211991
.045625773
.042980321
.051204055
.046787538
.043304617
11.266710701
.050806883
.042673192
.044991598
.047920429
.063865473
.049956247
.039289814
.053312875
.051249722
.049617326
.058017812
.040552289
4.061818104
.043889075
4.055196206
.045133778
4.057313157
.040882819
.066444217
.043943196
.055800902
4.061900997
.047639533
.042772174
4.065246872
.052435015
.043973065
.041922328
.050210900
.069185245
.041389112
.071580028
.075801419
.041304278
.045009328
4.052181946
.039189539
.057095744
.039050705
.043726644
.046507974
.040429890
.045927007
.039111663
4.060757172
.040732727
.047406195
.045055162
.043317013
.040914230
.040787729
.047272985
.066079118
.066791170
.040541267
.040196304
4.047067524
.038317445
.043182303
.061091799
.051827547
.056962701
.038612532
.037278013
.039825048
.040683644
.040282763
.068167230
4.064408263
.041081774
.040140595
.038998162
4.057414541
.042979883
4.072950296
.049421430
.039947841
.042164456
.058098215
.043831206
.046662500
.040073899
.055165420
.056216227
.047509721
.058803683
.051132526
.060491543
.051195026
.045299937
.052310501
.044308297
.055866138
.049722795
.046191867
.056475439
.044902014
.075199765
.051665742
.061882688
.063785175
.047877476
.042449727
.072112802
.041373836
.070197606
.068178825
.049460833
.058118798
.070808948
.060971466
.056073517
.057335286
.043275906
.046076490
4.067372803
.063088540
.113934686
.045183393
.048440901
.043790372
.069503971
.042635647
.060187329
.048039687
.058413969
.050529099
.060439583
.048090604
.050848896
4.063089530
.046972671
.057601983
.049144350
.065007244
.059274677
.041049411
.045086738
.052866054
4.082706595
.049075807
.050035948
.052502572
.048485797
4.058452120
.050271253
.043485770
.043458765
.043393305
.050430374
.045497046
.046658481
.053818760
.052851202
.046378434
4.062919765
.050132283
.051628056
.053894800
.055173820
4.058259902
.045009078
.044023687
4.066819474
.043317468
.065707900
.074413120
.045079537
.042674041
.054360765
.052396776
.050038031
.071917248
.043712807
.045386292
.046220304
.043245091
.047556201
.064611633
4.073228193
.044913951
4.048828603
4.051879484
.043841310
.042554747
.043403635
.046223597
.047990540
.054960774
.048461298
.048656884
.045429417
4.062066310
.047817122
.068215357
.048005041
.060340983
.052577446
.050696041
.047206779
.054490351
.049910904
.053173663
.055737245
.056174918
.053385541
.043654598
11.258148617
.074364092
.042867901
.038792664
.043530287
.068545007
.058291998
.041916843
.040403972
.049194413
.068443736
.060819316
.039446081
.049953842
.039148526
.040001207
.049328946
.058196260
.049385364
.039348613
.052237487
.070235742
4.088053539
.052327180
.038797044
.047562436
4.059235930
.037501394
.050537145
.048752158
.147929627
.064260949
.041090660
.042753854
.054089536
.040173562
4.069106807
4.056470855
.037977901
.058785109
.060671806
.037816815
.038581119
.043626950
.052923807
.045164932
.047503095
.045722608
.052283464
.038630828
.039545426
.040775445
8.069067601
4.043845136
.039472216
.040294438
.075149205
.043807077
.063304307
.038063027
.075252457
.048490945
.039361631
.049701130
