.042800825
.023802903
.022557648
.036318869
4.055608564
4.060905010
.031202887
.026330726
.025721101
.030109430
.023418512
.025222594
.023628596
.021465932
.023169054
.023358221
.024012346
.022327299
.028851497
.024889545
.022958257
.019922678
.020285803
.021770592
.020832509
.021744627
4.037218083
.032214027
.026246421
.023267638
.024114094
.022990090
.024454669
4.045009894
.033465684
.025843760
.024794973
.026236717
.022656018
.025457630
.028017159
.027370371
.031283310
.023208807
.029161612
.025434081
.025092041
.025986245
.024387170
.024479711
.024740085
.037894975
.027038650
.030511053
.023846534
.025281923
.022366971
.025019178
.025966787
.027535720
4.056754700
.030729104
.022431824
4.054184320
.033137450
.022308518
.021569406
.041341139
.026339387
.032141618
.024947838
.025491408
.021375466
.023548287
.024496138
4.041839701
.024075095
.023546234
.026012005
.023938638
.027113724
.022034604
.023023161
.024263296
.026523988
.023708977
.023721849
.020927837
.050774177
4.049447904
.034178206
.024976487
.023123461
.027264917
.024041516
.022095076
.024828657
.025200687
.023599611
.027204917
.021308515
.023452491
.024616622
4.051219632
.030648092
.025433421
.023215697
.023789680
.027952509
.025979903
.024251330
.027735431
4.052902050
.042373773
.030145562
.021662940
.023335803
.028093003
.024084062
.023646699
.028094086
4.063512020
.027437451
.025083081
.023416384
.026675647
.025133209
.022759381
.024109223
.024050135
.023368338
.021889195
.024635840
.025251507
.025031700
.023388130
.020454806
.024391989
.023148613
.025694702
.027206680
.021945156
4.049874948
.033999298
.030654987
.023276239
.024875556
.025787409
.025844788
4.057072269
.028352616
.042023147
.026415758
.024362873
.041295799
.034762502
.027489948
.044297775
.027007611
.033441391
.023566767
.022608586
.024601766
.024812312
.023215219
.025740708
.036973620
.024869439
.026641705
.027792390
.026006585
.023143372
.025357050
.022359321
.024306137
.022356489
.025800794
.021233549
.021782023
.021727575
.024635155
.025516727
.042014944
.023594950
.022982533
.025714231
.027265503
.026169681
.022004896
.021602894
.022309043
4.058032679
.037063111
.023189408
.027555402
4.059157166
4.059528395
.029378452
.030948052
.028695173
.023932425
.021635097
.022370490
4.054642550
.026004590
4.041223674
.035526837
.025287693
.025770472
.029516632
.033348694
.032133855
.045252672
.029276142
.024976050
.026803848
.024193499
.023701057
.022640146
.041449397
.027619934
.025451871
.027596647
.023957255
4.046009864
.038614844
.025324855
.022812778
.028584573
.031432639
.033472604
.027846694
4.057631789
.031670675
.026148910
.028064067
.025927412
.021638733
.024997808
.029776597
4.057776006
.035369723
4.049739036
4.054603266
.027813283
.026025434
.030931323
.025986151
.026725085
.024085241
.026375739
.025860509
.027889018
.024903701
.022399580
.020328372
.023756890
.028747554
.022054441
.022389832
.024825050
.027435068
.023136182
.024510947
.021376910
.029765682
.030221840
.041650293
.030083285
.027907056
.023879574
.029473825
.029875244
.025856260
4.056614487
.030789018
.025779234
.026658308
4.060284614
.029858270
.021966628
4.049982344
.034444455
.023108121
.024461934
.024868729
.027994858
.028263305
.026822299
.027150514
.023044040
4.043700378
.029844995
.024712938
.029934478
4.061952729
.037132321
.027686793
4.063173762
.033571655
.025788089
.026524732
.022027050
.025321432
.023109499
.023978201
.025550469
.023833188
.023568283
.023173612
.026816507
.024165330
.023193732
.029481391
.026156014
.025882278
.025994422
.024175078
4.049704887
.051183910
.027976106
.025612493
.041007260
4.053894926
.038077717
.030692644
4.053433675
4.056311327
.041364590
.030250157
.025235938
.021497676
.024933664
.029706390
.026115640
.026369048
.025735256
4.041744493
.031320487
.028782695
.030245699
.048991208
.030066734
.027249082
.027450500
.026742556
.023997682
.023152307
.024044297
4.053579715
.031282758
.025854241
.024709603
.029440076
.024066992
.023038306
.023024926
.021940014
.048271833
.030767035
.027068947
.022387424
.023695392
.021866871
.023894620
.025344728
.022338919
4.061157856
.028354829
4.058929752
.032675522
.023766650
.020064603
.025513329
.023467077
.025580002
.022593404
4.054518049
.036837950
.028660610
.027470697
.025096786
.022843513
.029887611
.020730421
4.049218796
.030678526
.028111054
.025349812
.026139518
.023980755
.023516082
.025910953
.026859134
8.072582312
.034883791
.028670861
.022700789
.025957916
.024925852
.029930699
.023450200
.021918627
.023463243
.024454553
.020614951
4.047092453
.030480255
.035482811
.026597357
.027104367
.027450652
.023397611
.032508380
.021917835
.022866391
.022085269
.026099848
.021243849
.022325210
.025113455
.025086827
.021753859
.031690879
.025435696
.043582601
4.047619382
.033242622
.026959436
.025247093
11.252541038
.035956610
.023672223
4.048761625
.029232413
.031791336
.022463352
.023558481
.021456850
.029442205
.031031751
.024694525
.025760112
.026984240
.027414491
.023025187
.022444978
.024439525
.023465272
.023231563
.024836276
.023759023
4.053436429
.027555241
.031694086
.022450269
.026437072
.051704057
8.071964721
.038575063
.027401075
.028258410
4.053004261
4.052080633
.034125259
.031287543
.026607989
.024423191
.025317652
.026690281
.027765367
.024313108
.030199291
4.056141769
.032352588
.040544444
.029760081
.031043126
.028088743
.026449905
.024433025
.024427233
.032428130
.026477988
.025491444
.024791442
.028508244
.022591728
.027314074
4.062251119
.033845092
4.050369670
.032912381
4.034666794
.038649146
.027371241
.023657148
4.050406337
.037004476
4.063227497
