.027269322
.006688593
.010421298
.012935200
.014851112
.013678577
.013461984
.013015737
.016604502
.014233370
.012594268
.016173122
.013116314
.012606884
.013470544
.012883179
.013032321
.011899863
.012490478
.011635189
.011438508
.012789366
.013909485
.011850338
.014754176
.013113897
.013289908
.013113029
.012787280
.013578556
.013508084
.012065061
.013786185
.015222793
.012661596
.012980229
.014606554
.011378147
.012849236
.014263929
.013262044
.013270635
.012340119
.013325824
.013512260
.010054399
.013505346
.011673972
.013391046
.016305321
.013297076
.013739892
.013421119
.014059582
.013632219
.012929494
.014805181
.013061913
.011953037
.009510145
.013548767
.011586230
.013948242
.013062408
.012758327
.013072446
.013495577
.013173418
.016063397
.013811815
.012861607
.014662715
.013488234
.012918551
.013236925
.011702704
.013117673
.010643243
.013867237
.013411892
.014836123
.015189952
.015468175
.014095565
.011704494
.015017644
.014433362
.009353748
.013704364
.008101663
.006913205
.012540191
.013504898
.011626931
.012337277
.013681235
.015242479
.014981656
.010462535
.013550697
.007094555
.014191067
.012587935
.015402528
.013787783
.012326062
.014578924
.014245112
.012771811
.014245695
.014012157
.013021834
.012416151
.014038986
.013487334
.012670397
.014431499
.015684317
.012755984
.017144622
.014128920
.013070764
.014913329
.015361879
.013342052
.014154773
.014296791
.014792005
.012107719
.010319460
.013780165
.016494112
.014673168
.012272273
.012693501
.013470388
.016181445
.013636696
.013540835
.016225547
.013831587
.013859250
.013339780
.013365193
.013486801
.011378176
.013869118
.013752134
.014449959
.014419255
.013397096
.013775463
.015043008
.014934018
.014151613
.017230280
.014496988
.014621972
.014438244
.015050118
.013746891
.014272749
.014220629
.013754682
.011494606
.015970346
.012286520
.012536619
.011869690
.016108321
.013050813
.013761155
.012466584
.012090164
.012992198
.016059100
.016176171
.013293876
.013328831
.013497273
.014289574
.012443206
.013660467
.013683507
.011522668
.014107300
.013481734
.014290659
.016666032
.013400361
.012338706
.015133709
.014566134
.012044148
.015026468
.015380773
.013595961
.012459180
.011164912
.011226781
.012349105
.013625487
.011618976
.013400088
.015662621
.013587824
.012563153
.016156417
.014762179
.013183460
.013283578
.015326888
.013328949
.013699214
.014974872
.013743398
.011896815
.016993969
.013721816
.013030822
.010403626
.013627324
.012926050
.013899114
.009599013
.014706937
.011964654
.013217574
.014352126
.012800818
.017470331
.011222704
.012968058
.011401277
.011706092
.012418924
.012848696
.012224440
.013112890
.014548768
.013090599
.013515451
.016701481
.014852053
.011138623
.013793109
.014273333
.012766496
.014332205
.014385453
.013477045
.013190850
.013563582
.015357577
.012055531
.014208092
.013372258
.013627246
.015865184
.012157272
.012103317
.014451041
.013558416
.013488460
.017981097
.014892980
.013863442
.016390582
.012840486
.013053518
.013127473
.014849606
.011981472
.013762650
.014976892
.013296377
.013476870
.017235176
.013125917
.014026175
.013069920
.017805656
.013724228
.013649356
.014006425
.012756836
.015018589
.013809716
.013792009
.013032743
.012544095
.015980680
.013281764
.015046080
.011006924
.011581280
.014212483
.013155935
.013492549
.013773776
.009206628
.013646822
.014086934
.011863294
.011734757
.011813296
.013847509
.013506519
.013284901
.011447996
.013505562
.013494270
.013200321
.014750093
.014801176
.012462949
.015842563
.013295342
.013867243
.013174512
.014215008
.014126385
.013602315
.015880589
.014199633
.012628923
.016272413
.014942388
.014637813
.013912663
.014126658
.012508406
.013673878
.015451250
.013749729
.012550424
.014507504
.014618168
.010816005
.012416218
.013486277
.012588690
.013775832
.013474172
.011556962
.007128098
.014472442
.012699647
.013671311
.013428483
.013797892
.011170111
.013605021
.012736329
.013138197
.016521316
.014000071
.013681786
.014581810
.014662518
.014948887
.013966574
.016459961
.016095218
.015480645
.014663909
.011681962
.012477989
.015646153
.012923038
.013364572
.012743665
.014654050
.012812248
.010802031
.016401447
.012293436
.011736319
.015007768
.013769455
.013099548
.015108726
.015821974
.012683692
.014833036
.013946424
.014373250
.017301625
.014417542
.014732467
.013300778
.014251474
.015265210
.013537400
.009310041
.013771980
.016271751
.012570965
.013766325
.014306901
.012410801
.015174808
.013191249
.015020904
.014223998
.012602933
.012387394
.014301621
.011636612
.011689486
.015722867
.012290821
.013154312
.014695961
.013715055
.014043385
.012130239
.015309506
.012992656
.013799480
.013907521
.015086258
.014029770
.016494577
.014897021
.013088621
.013186454
.013385493
.013444743
.013488326
.014723522
.015428108
.012965547
.015436733
.013626833
.012608550
.016440640
.013968622
.014788539
.013178303
.013366968
.013783202
.014223339
.012404118
.011668472
.014341450
.013801764
.013526420
.014601707
.016083469
.014658726
.013244530
.013159249
.014100149
.013348480
.014939180
.014094439
.017043303
.011502319
.014367938
.013008495
.012957520
.016790604
.012713231
.016103547
.013922835
.013496241
.013509246
.012858872
.016960632
.013516539
.012362673
.016422295
.014632891
.012670118
.013959224
.014884385
.012951705
.014120275
.013899372
.011840346
.013234389
.013647096
.014953280
.012318406
.010562712
.012786463
.014670033
.013889181
.013062230
.014996920
.013359734
.015319765
.013905852
.016973196
.014454940
.012296326
.014090961
.013674676
.012817099
