.039711686
.015751349
.013719697
.013674506
.014479992
.015615610
.019456938
.011921104
.013631407
.013446823
.016094904
.021965954
.014400855
.016097080
.014302919
.014886018
.012958417
.017687077
.016063586
.022144259
.012646960
.019729524
.014958752
.020504801
.015915533
.012834418
.017477085
.016504542
.014229693
.015045933
.014858968
.015811564
.014192628
.015957154
.020265626
.014339326
.020039134
.013348518
.014471700
.014461890
.014354226
.014121290
.013239582
.011764595
.018911232
.023727853
.014991424
.016387972
.020623711
.011671749
.016538857
.016848056
.016192306
.013649795
.020520398
.015958344
4.028562758
.013455771
.019301989
.013748757
.014325248
.015843908
.017890788
.017653935
.022602962
.014020545
.012958773
.015493224
.015547705
.013065316
.012783063
.017262187
.013868916
.010920809
.018849080
.012221388
.013815747
.016867566
.013132802
.014301896
.012417816
.012980927
.012768950
.013588468
.013711092
.015190869
.011891340
.011784224
.016444023
.015306149
.011842028
.017837318
.017182598
.014036339
.015125885
.011544267
.012392996
.014246922
.012945440
.018696712
.014011314
.016294363
.012821298
.016730829
.012059872
.014184932
.011332496
.011968508
.016412802
.014259434
.014917723
.014177466
.013723646
.013264575
.014091436
.023984909
.022208988
.017263760
.013905535
.016051821
.030967089
.020677933
.020723329
.018166329
.017281297
.020493800
.017364497
.021061876
.017913815
.016768837
.016242628
.016889758
.017458902
.019310158
4.030714141
.017220958
.023557348
.014818908
.016184590
.023747145
.015483155
.015975748
.014669501
.019515346
.017616191
.017688309
.015143130
.014458401
.020594609
.016521289
.017327186
.018579129
.013355454
.013566636
.020441836
.015765223
.013581413
.017421550
.020106039
.014452818
.016076556
.018572479
.014838733
.017601086
.019111003
.019824669
.017828891
.017377344
.018350667
.017387564
.020837355
.018708917
4.045722845
.020676126
.014964046
.015338468
.019200195
.016050903
.018766217
.013723022
.013796453
.016421178
.013226242
.016962656
.015123058
.014462424
11.718207336
.016582365
.016686951
.019319434
.014770515
.019608069
.014705990
.013906209
.012312806
.015947795
.017718888
4.033287558
.015081356
4.036046997
.013107743
.016113251
.016083493
.014172886
.015566519
.014025982
.013992694
.014399582
.013320730
.016571694
.014548004
.014883268
4.030636136
.014162489
.017527767
.019235880
.012979649
.018810124
.013240707
.017094217
.014181892
.017517923
.015843938
.017020584
.018417348
.013933756
.015617134
.014926832
.016408305
.016059176
.017544053
.015466669
.014321815
.016350507
.012600083
.014708068
4.038138303
.016715593
.016805224
4.034523330
.018522566
.018933227
.015844185
.017005940
.015340611
.013373369
.018693009
.015843282
4.542328909
.015888446
.014642476
4.030252842
.015178989
.017709941
.021954791
.016490552
.015195151
.012965579
.017993971
.014052347
.015153679
.014212043
.021508852
.016684253
.015587927
.012681263
.017436742
.016055689
.011614512
.014172990
.014073433
.015330479
.016015816
.013366026
.014371245
.017037444
.016195858
.013845438
.015838934
.015019745
.012955693
.013795762
.019756191
.014931838
.018050990
.015929221
.014792817
4.032932660
.015442179
.017184504
.014640999
.013197388
.026879686
.017713264
.015789298
.017632657
.016242867
.015596910
.024057239
.017130602
.016725069
.019400046
.021572968
.017086013
4.029405554
.015719153
.016058519
.013821072
.019075571
.020491573
.020977466
.014776204
.016862366
.016432384
.017486705
.021318228
.015317106
.018332886
.017501472
.014712088
.016927917
.021439486
.015818055
.020307020
.014584062
.016929559
.016769331
.015085051
.014891596
.024796881
.014945410
.017755190
.013625206
.016868235
.013206103
.016398454
.013714627
.015667504
.019021725
.012972360
.015911332
.019155426
.013744967
.015932161
.016214897
.017521530
.012778512
.012999666
.021970742
.012169168
.016681233
.015275912
.015982345
.015720845
.015415927
.015710267
.012967031
.012882037
.013783179
.030966507
.018209473
.020191604
.015832260
.014674547
.011938023
.015265655
.015310482
.011068080
.015300894
.014353139
.016081429
.015241603
.013689137
.013474181
.014771044
.014411775
.016212836
.014361785
.014648077
.014977723
.014935477
.019714243
.019160875
.014017470
.016489788
.015694582
.015345433
.015036727
.015929165
.013681843
.016114947
.015518800
.020054541
.016470816
.015921667
.012921017
.015726503
.013685777
.013201204
.016388578
.011705407
.011468612
.015562111
.016619720
.012923721
.014860493
.012229767
.013406450
.016361043
4.024955764
.015551457
.017176490
.013827346
.016259957
.017398206
.013668445
.017849424
.016936293
.020042332
.013085982
.014069632
.016294581
.018500847
.017206361
.016037463
.015076186
.034495206
.015651756
.017632677
.013361579
.013973292
.017383045
.014359206
.016784559
.014878945
.018081122
.015044301
.017966748
.013343150
.018269862
.012764689
.012903060
.016420554
.012118292
.014297780
.014797945
.019582641
.015563262
.014339222
.013607403
.014247370
.014202490
4.038577097
.014692499
.019586245
.013475542
.012102935
.016135295
.016928458
.015626325
.014795612
.016383207
.015224810
.022663729
.013452488
.015816826
.014750852
.018529035
.020345870
.015132999
.015892010
.014815717
.013484715
.013385207
.023330724
.013501587
.015277635
.015064612
.016904420
.012209651
.013226893
.015542992
.012697531
.014572843
.019338087
4.029000622
.021686208
.013274559
.016510521
.018416872
.019147914
4.040047616
.019190830
.013798639
4.035511316
4.586223167
.018580509
.013986886
.016694085
.016851578
