.043826563
4.033104820
.015518848
.017246545
.015293833
.017664909
.016916919
.019566714
.020587953
.019448943
.017899875
.023672396
4.036106938
.025305132
.022254059
4.039898150
4.040150675
.017358620
.021775817
.025158691
.013952591
.013516062
.016199617
.016143865
.020745395
.019862850
.020104291
.020831075
.023014343
.016952388
.022872501
.016093983
.018330622
.020488888
.026292898
.015434680
.019597233
.016456888
.019104764
.026574021
.016124539
.026271965
.017239183
.018668239
.014407955
.018559303
.015386245
.019712901
.018133780
.022520281
4.036022574
.017880526
4.034293308
.017087025
.017105496
.018245384
.019848681
.024762211
.016129711
.019791175
.018227365
.020582623
.016233352
.020352643
.015898499
.020813549
.015356897
.021593750
4.037451179
.017317992
.018806606
.014661743
.021293416
.015965691
.021688074
.016313227
.015185161
.015299885
.016338840
.019736995
.015004805
.028760466
.020031958
.019021427
.016842951
.017719453
4.041896041
.018020454
.019036728
.024123272
.015528095
.014825212
.015163505
.015389923
.017440974
.016336660
.022268074
.021022017
.016007146
.015439482
.019631922
.017048404
.015366990
4.034945604
.016208046
.018424388
.015735231
.018589349
.014753787
.017233018
.014634609
.015050234
.017330822
.016631426
.015117352
.015657858
.017828211
.017695125
.029191885
.018783317
.020474783
.019459657
.023009152
.014607122
.019761971
.017356873
.018433414
4.037505080
.020336077
.023130709
.016707856
.020189699
.017284833
.020433922
.019343597
.019111312
4.035405537
.014471083
.018117191
.017182803
.014425340
.018562478
.014566261
.022043995
4.539850339
.015510700
.018978555
.014642855
.017648931
.026826622
.013864403
.021215615
.015890881
4.037470578
.016727793
.017915881
.016307573
.015864625
.018240472
.014438303
.017359704
.018072392
.021228948
.021696552
.015842389
.015728462
.018742948
.015292776
.013979684
.019843694
.016978036
.020812225
.016349973
.014591053
.014778483
.016004676
.016914521
.015056492
.017364912
.016412135
.019989350
.016781297
.015519636
.018903557
.015084744
.015549405
.022291251
.015576755
.015688779
.017479231
.017203313
.013955117
.018935704
.014341705
.016915997
.013232047
.021131771
.018576793
.017167927
.019197721
.015501143
.016627572
.022617070
.013744027
.017824528
4.031329850
.015618210
.018764634
.015160028
4.038647928
.022683128
4.552577378
.018390757
.014170677
.018787391
4.031306846
.013945235
.015619399
.016854326
.014511586
.015481297
.015373538
.019318971
.014603805
.018069447
.014566819
.020213193
.017713571
.015352051
.023764412
.014186381
.016092302
.019189357
.016111574
.016619822
.015438653
4.035961286
.019012874
.023503501
.018037177
.019167009
.015767138
.015897613
.021772382
.016001642
.015129275
.014585189
.018851195
.016384581
.020666824
.014225131
.013688507
.014604174
.013689532
.016126130
.017499078
4.034811566
.013642992
.017335142
4.036527924
.013392660
.013977997
.014313535
.014507732
.013785113
.016665665
.014788980
.016791917
.018578885
.013820377
.014967964
.014122291
.015423891
.015396705
.015245030
.017178014
.015983067
.017493050
.014836012
.015522424
.022962204
.023131469
.019244385
.016201087
.015433034
.016184521
.016969343
.026849247
.027684587
.016085659
.021322482
.017189987
.022539173
.015908690
.015110178
.019556481
.016450803
.018065886
.018813978
.016526205
.018238000
.023821884
.017742128
.021628109
.019593141
.013955174
.016695742
.015108738
.019612286
.017543659
.019499057
.017734382
.017582626
.019086103
.015981907
.014254671
.016182929
.014717057
.018555011
.015152439
.014507117
.017732022
.018539852
.021627696
.017299349
.014929847
.014609983
.015418596
.016654278
.015464368
.014447302
.018860796
.018070813
.017856687
.017643352
.016604254
.017476958
.017342177
.019947338
.018032211
.014562338
.015078657
.014348162
.020947528
.014400019
.017515474
.018329690
.019170861
.020997330
4.028112473
.018241879
.019310214
.019401904
.017868368
.015917275
.018836617
.016336122
.019883690
.016526965
.015687856
.015536465
4.031897022
.017929738
.021318902
.017581405
4.036274152
.017130819
.014371812
.019036897
.019973369
.019219033
.015316390
.021952108
.017186832
.015333682
.014762858
.015851824
.014791918
.014270133
.016355233
4.041227725
.017022117
.015408053
.019453198
.014984743
.016232879
.015487921
.014329000
.019982009
.014555759
.017724222
.017443908
.016887235
.012603918
.015104925
.017821521
.016167997
.015262659
.020637094
.019505918
.027970052
.022131204
.018535007
.020667022
.015829517
.015582189
.015003923
.017995109
.016533092
.020296874
.020920797
.015866970
.013732586
.015929500
.017563563
.021243985
.016731431
4.040715086
.018729542
.014872686
.017312187
.018220010
.016553848
.020220722
.021535918
.021191537
.016107693
.019317817
.022409660
4.033031162
.014621085
.022096734
.019113699
.015603307
.015068034
.022580721
.022836400
.013870629
.016482720
.018504528
.016901338
.019171284
.016628120
.019081920
.016023690
.013674188
4.035330885
.016230498
.022214260
.017645281
.016443721
.019207714
.020318090
.019769033
.017225267
.014586847
.017921556
.014827150
.015724121
.015857666
.020086633
.013446679
4.037007380
.018475242
.024861072
.020666580
.015411885
.019214082
.016077705
.022438821
.022510436
.018600705
.016331171
.014753213
.017908234
.020035908
.017808580
.019598758
4.037571714
.015996256
.017393104
.013485547
.015378367
.018172938
.016594324
.015465730
.014458162
.015282256
.015359189
.021127717
.018695098
.015251621
.016914805
.015095226
.019643216
.018720886
.015554897
.016488850
.016783349
.017944604
