.037077651
.023131959
.015354403
.017515532
.016427947
.014373401
.016483280
.018152408
.018541408
.019240577
.015751321
.015152278
.016475571
.016041905
.017353739
.014576401
.015328152
.017219448
.014764402
.015142028
.014815736
.018706618
.014618651
.014026817
.016281696
.016061946
.013960192
.014255984
.016332404
.020296286
.022428499
.024012251
.017021822
.026029214
.024589878
.018143366
.023916419
.018227116
.013654442
.014835943
.016459404
.015072777
.016663363
.018071616
.014323650
.015899112
.016730280
.015907278
.013440191
.014603860
.012631690
.014232275
.015711987
.014050817
.016097029
.018205533
.014672526
.013807525
.015049568
.015992404
.020040411
.016254446
.016040321
.017853282
.016512488
.015077943
.015234111
.013685442
.015681862
.015233028
.014341067
.015271736
.016208445
.014964902
.015184069
.015367528
.015712195
.014702609
.014062692
.014640860
.015882279
.015078986
.015793737
.017154030
.016554322
.014699693
.014521818
.015106944
.014834902
.016515863
.016154487
.014706694
.014967860
.014881318
.016552821
.015979362
.014804902
.015826612
.015178944
.016920113
.016122529
.015981779
.015398111
.015061027
.015082736
.017804740
.017005906
.015432653
.014497234
.016936864
.020708787
.020418370
.026936215
.020504495
.020332745
.020548286
.019935786
.019468827
.023633750
.022632958
.019028575
.019032909
.021588705
.018842534
.023461667
.020322537
.019472119
.020002619
.021105787
.016313571
.015697278
.017727907
.023259750
.022439832
.021430913
.023009625
.022117873
.013458774
.016219070
.017409406
.019609118
.025635046
.018769492
.016525863
.022253581
.019253618
.020015203
.023246583
.020327245
.015327152
.024860919
.023388042
.019698285
.023444792
.022164706
.019026534
.019638493
.023272541
.020891204
.021218204
.019609160
.018789158
.019940786
.021531831
.020188161
.022537790
.016826530
.018717742
.021173913
.019361118
.020031494
.023914293
.021369080
.018448450
.022653707
.016478071
.020074994
.023935293
.024756877
.022298623
.020173119
.023634501
.014312276
.022191040
.025563171
.026870548
.018695033
.019564910
.024973586
.018409866
.020268161
.021599872
.020670453
.024724586
.019210993
.020820787
.019924536
.021477746
.018809825
.020501161
.026458714
.021828789
.021093537
.021427581
.022306915
.019769327
.023256083
.020196745
.030219637
.019647785
.022443374
.024258377
.019689202
.019362701
.025446046
.019331035
.022155289
.020786745
.020569953
.024493543
.020443828
.020379953
.016174696
.023264584
.023805042
.018705659
.022900625
.022253790
.019272826
.016808614
.024160751
.022767499
.021352205
.021092788
.023637668
.021766539
.028885301
.020803787
.024792670
.025577379
.024115793
.017739282
.026543839
.021207746
.022328582
.022736207
.020055369
.022418499
.027677675
.019225826
.017648949
.044294121
.020102578
.015639611
.025192253
.022968999
.023109292
.018294866
.021760998
.019398618
.020852121
.022778291
.017034530
.029883553
.020326370
.021240663
.022732207
.024757461
.020217161
.018000490
.025377920
.016792780
.011385646
.016123279
.019898869
.022645374
.021678872
.019920994
.025855547
.023412083
.021599997
.023779626
.021808247
.026267630
.024074001
.022316748
.019545952
.020113452
.022866166
.020055202
.023169833
.023134916
.025052961
.020533454
.017518240
.022921666
.019510452
.025905588
.020413870
.025213211
.022548165
.023496500
.025738546
.020025244
.021129579
.022940625
.021483789
.021253954
.020346536
.017362823
.022951041
.023958126
.016297155
.024164210
.024226502
.017929699
.018432825
.023302625
.018620700
.021904956
.018822908
.022405748
.021376372
.020330828
.023170875
.020023703
.021263079
.024216335
.022480457
.023191625
.018188783
.022777426
.023489346
.022690218
.021963882
.019603289
.021992923
.018280940
.021709702
.018697400
.020594198
.033314910
.018183065
.013444506
.011689417
.012128705
.014513421
.014699172
.014948673
.020752858
.021275734
.022458280
.021665188
.021807814
.025316907
.021000186
.034334933
.020960477
.018765638
.022283435
.022583061
.025789528
.021952017
.022203768
.021167141
.024442024
.018784922
.019214757
.022338765
.022631891
.023682726
.022192389
.019769759
.017420417
.017859960
.020695258
.018159044
.022383971
.021693260
.022816263
.021837509
.025584434
.020071588
.022164469
.024666640
.020462756
.024913141
.023040468
.020543171
.023759553
.022165050
.029979067
.022326175
.019459627
.020074794
.020776379
.024251220
.020309586
.021706381
.023157426
.019583084
.022321465
.022830091
.019728542
.023366176
.021170171
.020697086
.020551044
.017789538
.020089751
.023243258
.021819713
.021233462
.021894755
.019285041
.019528874
.021574170
.021680920
.017322495
.019710458
.022757382
.025054344
.021549087
.022086838
.021732212
.016247867
.020784585
.025367470
.022884797
.018541122
.021696795
.018479830
.026054471
.019852625
.020378584
.019816708
.021322169
.024410634
.022361880
.019977875
.018215829
.021204127
.025124094
.023259340
.025970970
.022043337
.020026624
.018537747
.023636132
.021875628
.020674001
.022116046
.019667415
.020443000
.021871754
.021296044
.022087504
.021995295
.026795889
.022065045
.019653832
.023512840
.018479871
.020190833
.018626996
.019896207
.017864745
.024510384
.021750212
.021056876
.018551164
.024074466
.024999760
.018514871
.021276669
.024463883
.023388090
.022825422
.021308127
.022133004
.021784544
.021199211
.020632793
.022880172
.024085383
.021512753
.024422508
.021507044
.023462840
.023615257
.020361333
.022696922
.021433710
.022325254
.021093460
.020546917
.024298008
.022997881
.021674211
.023048506
