.056857547
.015610036
.019155669
.022011758
.016477079
.026838145
.027664189
.069419701
.021373632
.024420639
.025234766
.021214216
.020210713
.021963342
.024177597
.023197387
.017855875
.023589679
.025951476
.019965796
.023835429
.018491709
.018349208
.023562721
.017889208
.022317092
.023932097
.023473595
.019591211
.023037094
.022086218
.019796503
.021878508
.023001969
.021764508
.022291801
.023914430
.018344417
.025190225
.025082849
.020782256
.023066844
.024984682
.016895830
.019599670
.015016742
.021613383
.020808839
.017863208
.020903298
.024076555
.016423412
.015812161
.016889455
.016347995
.021171840
.018760960
.017137580
.017472707
.017106040
.016397537
.018588001
.018221291
.017039581
.019307503
.016676122
.018749167
.016055495
.018721751
.015163201
.014870117
.017363582
.016489538
.016245746
.014029199
.017511124
.016801747
.014144116
.014513700
.018635751
.018877085
.026327560
.021516924
.024623264
.020411547
.019103502
.019885338
.019091585
.015614078
.018916335
.025881768
.023702596
.026786228
.023340012
.024152013
.015315493
.016900955
.018025541
.019945045
.016369537
.019845046
.026252977
.029464526
.021476757
.015443536
.016356120
.015198868
.015994245
.017801333
.016634663
.015998736
.023345311
.028955418
.022407598
.022495223
.022933267
.022704557
.021888294
.020467289
.022199712
.023902510
.023924552
.020377247
.022298296
.024688921
.017589438
.023613168
.025353715
.021754953
.028226808
.022146246
.018383020
.016456179
.026415254
.019841566
.022222407
.023600536
.021322195
.021266275
.024717535
.019908061
.023012155
.016156133
.024532285
.015501006
.018959973
.023154943
.021406980
.019986726
.024482614
.020512061
.013327039
.022541231
.021744020
.024772862
.014958959
.031400756
.018711345
.014898293
.016682838
.018957594
.018128175
.019324428
.021823060
.018679343
.016683462
.023435688
.023490730
.021258850
.021882393
.015003707
.014261664
.019116218
.020482971
.019038759
.016668753
.015370082
.017821381
.015325832
.023821105
.015915458
.035932386
.014335620
.024577814
.028419950
.025381692
.021100264
.021815931
.024957898
.023703937
.021108721
.022953727
.021430097
.020743221
.015611832
.017597003
.022927435
.022037140
.022624184
.023161935
.021840598
.023798687
.022317224
.018751006
.024423438
.022199057
.022821976
.019365925
.020076260
.025850608
.026532901
.019846759
.031063621
.021399346
.021994682
.024974356
.023498268
.023062642
.023111184
.021189554
.026519276
.017308085
.018944924
.025643149
.025448606
.022504141
.018170005
.020929762
.021508221
.022067847
.022333598
.021320679
.027490236
.019537425
.016806585
.021832930
.028316197
.019691549
.020087926
.023400850
.034969838
.022197432
.023601435
.022583515
.019101174
.021494971
.023976686
.021533054
.020871302
.021268887
.018851547
.020163926
.022180139
.023458809
.025193939
.025397189
.022301181
.019453799
.021915680
.019792509
.020684678
.024057019
.023286808
.020609510
.025888607
.024981939
.019898300
.019044840
.039665891
.020375176
.021947805
.019574675
.018871423
.021182179
.018203296
.023391934
.023019391
.024458270
.026789109
.018454130
.020833344
.022676807
.018385171
.022617891
.022635807
.025958399
.024871646
.021867638
.023938185
.025784440
.020279176
.023717101
.023984019
.019632925
.018956423
.024642812
.017448878
.022954308
.021682763
.021827889
.023634226
.022886058
.024656395
.022950183
.022339348
.023319600
.022110889
.021222470
.023798352
.025627815
.017347877
.024653978
.014529828
.020905553
.023455684
.017831795
.019638758
.019092673
.022496598
.023169850
.024580187
.025805482
.017182502
.023163059
.016833293
.019109423
.020810635
.022827682
.018514005
.015348372
.018666006
.016559834
.034545879
.019490633
.021140179
.028484113
.022456140
.028779322
.022289640
.019650758
.021815346
.026023065
.017765003
.019762550
.023695393
.022645182
.019057589
.022538057
.023277183
.020714011
.019391049
.023019267
.018498255
.021223096
.021766514
.020883386
.027743320
.012997325
.016371999
.017548003
.016013416
.018820048
.019320132
.020597927
.026126066
.024947604
.022512807
.017427086
.022392640
.021196012
.024413729
.014878288
.015492122
.015511956
.021577971
.020287051
.027277652
.015628415
.026230191
.027609153
.019680717
.021789596
.022104930
.024014686
.022184265
.022716307
.022806849
.028030321
.016879668
.021257012
.021739930
.021266721
.021599680
.024905146
.014578954
.014380203
.015746373
.017191002
.018836548
.014796579
.016088624
.017432877
.017780920
.016017791
.018071087
.017116919
.017482503
.017598378
.020603052
.019001673
.017547627
.017060168
.016416833
.022531098
.024459936
.020453843
.018015420
.027594611
.019614050
.027646987
.026542525
.023842268
.019283715
.018325546
.019790550
.025934315
.025573481
.021949931
.023740185
.022463640
.019597633
.020753094
.025063522
.020643761
.022413890
.024761521
.015796457
.021290429
.022469182
.017985796
.015058080
.014740745
.023123975
.024322019
.017469710
.023072224
.024043561
.022727891
.043104025
.062289657
.030313202
.014304703
.013944202
.024311228
.022336973
.015539540
.017047668
.016867626
.015779165
.019395841
.022293723
.017551377
.017126668
.021067553
.022414848
.021838347
.013168409
.018078087
.021595554
.024192270
.026500192
.023670060
.023069058
.024971980
.025609773
.025638273
.026457900
.017102002
.020111342
.023834768
.025318689
.022518598
.019044589
.024116310
.026595692
.023234559
.023865102
.022368974
.022410681
.014547579
.017741878
.020523343
.023407017
.020010092
.025516772
.025270355
.026049315
.022046222
.022393014
.026711859
