.489261782
4.455996560
4.506690491
.484297767
4.487136646
.493328811
.496260228
.473681935
4.497422110
.489465572
.480274075
.494618609
.484959590
.505439226
4.500439076
.476904975
.495989719
11.675953076
.491442355
.502564827
.486127006
.493250162
.499650560
.458828237
.480920659
.498820069
.514844164
.488462432
.476552618
.508040953
.482378781
.490845174
.519558558
.478769777
.517105981
.486425109
.487994531
.463773385
.496732624
.475922449
.538029071
.501564766
.486306696
.495787640
.499463293
.469057125
.508923800
4.487711411
.490421217
.493653980
.459185683
.490686141
.483170398
.499571689
.505412566
.493971468
4.495622615
.486423854
.489569021
.491679736
.503055531
.501508323
.475671247
.471191071
.492201659
.475170266
.511549746
.495399451
.498080930
.492832644
.481513702
.503380903
.501243917
.481362720
.497595931
.488368670
.482770548
.482155544
.502546855
.488495417
.497967820
.493866445
.499494930
.483794399
.493906830
.497333041
.478217475
4.476078579
.475912392
.512094038
.477127421
.496433292
.492401472
.481069017
.455594466
.463194204
.490056962
.496819089
4.496335066
.478424094
.497734356
.487726176
.449064364
.461007872
.500907481
.477416406
.492163149
.489941727
.486020953
.475976579
.472482047
.491913984
.512015766
.485519082
.478512538
.476454742
.475502705
.480476251
.489610981
4.491696485
.491834006
.485997097
.472755357
.467296981
.479112727
.521932000
.477235361
4.469159985
.475057552
.471105552
.497642579
.475787613
.470519711
.469815693
.482324790
.500621789
.499108745
.500222088
.478944963
.503583246
.518377034
.509957908
.501992237
.474332033
.484196322
.480854998
.496359231
.516284845
.508667765
.485551572
.482561997
4.483212638
.475359126
.489342493
.501350899
.501885384
.484111547
.482796539
.473207585
.470793060
.486735918
.495161251
.503063247
.512509665
.502059416
.478738588
.480186919
.502283853
.483904023
.489826185
.493645964
.469054363
.508775689
.492035872
.497240765
.497122423
.494867066
.477904063
.490979741
4.466421658
.476264526
.496402329
.474672821
.480887257
.469784763
4.486754964
.521822530
.493708529
.500131313
.486309514
.468666945
.479717212
.487868636
.510436434
.489334395
.481975113
.495751556
.461596532
.480868588
.511435487
