.046967463
4.035765789
4.051490221
15.282920069
4.054970369
.029579315
.022568584
4.043568759
.025044434
.025077435
.018772034
4.038195844
4.045775395
4.035620037
.022822754
.024335729
.024005434
.020290434
.021225485
.016811395
.024338520
.021524614
.018971836
.021091151
.021806951
.021073859
.019742552
.020442018
4.040007546
.030224003
.022698669
.021697408
.023923099
.020127266
.021942910
.023736264
.021463988
.018194160
.023818723
.023285800
4.047157379
.026011081
.029152699
.022275705
4.045896366
11.248629430
.031963605
.025396282
.021520281
.019147796
.020969816
.018994502
4.031317621
.028103812
.019381632
.021503781
4.042988464
.030466520
.021465911
.018119439
4.050864679
.024424493
.026814100
.020845790
.020911666
.015992034
.017565386
.015329531
.020978004
.021962764
.020811170
4.043317656
.028916971
.021282850
4.052434833
.028007049
.021015974
.021229810
8.064848748
.024701556
.025928653
4.044731352
11.254607155
4.054305921
.032878853
.022131112
.019895921
.047129398
.023411489
4.037932804
.033931721
.021607137
.025211424
.019556992
4.049175503
.031562281
.021134757
.018493023
4.044304786
4.050229722
.038044139
.024931671
.021312135
.019921662
.019582450
.018166561
.018827984
.019742785
4.043682322
.025988974
.023674200
4.046603618
.036865117
.025305123
.016992222
4.050552301
.028851015
.020311061
.020335645
.021784992
.021405616
4.034642470
.033769822
.023659309
.019788981
.021930709
.020439653
.042039154
.022433049
.021579665
.040117613
.031345585
.026564380
.022212928
.020382080
.020806625
.018601774
.017963190
.020334167
4.045159771
.028164788
4.058337671
.025156391
.022483826
.026866114
.023690211
.041342995
.022990372
.022523119
.019457716
.023415794
4.055805084
4.059257824
8.054856077
.027908834
.022182282
.016867276
4.059488117
.029326721
.025646896
.020269223
8.056535563
.027629364
.022751079
.018063420
.019215137
4.050968308
4.053097337
.032630807
.022468100
.021607800
.020301415
4.042097642
.034724409
.018710403
.040868502
4.038378567
.024646369
.021429176
.018483652
4.047393860
.029221781
.022083639
4.032683409
.029952746
4.050663349
.028855612
.023178190
.019205242
.019533869
.017920730
.022503018
.020310750
.019034031
.019332992
.018935405
.019858163
.025373917
.024954663
.018892030
.019396617
.021219674
.018839696
.019161407
.019502243
.023340650
.020643044
.021565011
.021554427
.017978481
.021079174
4.051414897
.033617776
.030038996
4.040130304
8.072209263
.029289688
.019724154
.021329243
4.041958231
.039357504
.018810747
.017141903
.021707738
4.046113036
4.049197771
.027111658
.020884446
.017938299
.020325525
.024288178
.017563838
.016613706
.017411462
.021495033
.022357123
4.041797791
11.254204553
4.042342708
.026947532
4.052435492
.030486808
4.042661962
.031046813
.042413065
.021335637
.023230691
.020330214
4.043624640
.036916613
.028366849
.021381055
4.047047912
.033174381
.027546803
4.047445124
.032425875
.022809980
4.044451479
.031305660
.042224438
.023657587
.029439618
.020485986
.020418111
.023665504
.016609882
.019801774
.020045567
.028534666
.023813437
.023841103
.019293334
.024310439
.017690994
4.043384407
.032123098
.024569399
.020048171
.019421334
.022439681
.018003454
.022907766
.017482409
.020434588
.018197912
4.036380002
4.047719219
4.047812928
.029966964
4.046259796
4.057581345
4.050923792
.045812729
.027880880
4.052143885
.034830361
8.074219138
4.055944787
.030151070
4.055553151
.034749598
.022831330
4.040277294
.031095725
11.241528693
.029171473
.023078128
.024444006
.020166789
4.062144471
.028978809
.034881438
11.255378312
.025871474
.024145890
4.059154061
.022790764
.021300013
.021233805
.022585389
.047919714
.020132693
.014629239
.017991111
.017404861
.018593027
4.053049892
.028579811
.023929398
.020583317
4.037848905
.030243852
4.065348842
8.073118271
.037185971
11.243333939
4.065841717
.029283671
4.049866400
.027732309
4.046693448
.027073356
.020407496
.019259499
.018808958
.023684905
4.050043143
.027181523
.024661320
.019753998
.020503538
.025771901
.020620371
.019593415
4.047507293
.034422403
.021546117
.020073534
.026585948
.023319157
4.030250779
.021141826
.023390741
.020388909
.020785742
.025596990
.015910452
.019185077
.019705492
.016741660
.017029494
.020601701
.015871827
.017914785
.019923910
.020187618
.019443576
.022168492
.024396782
4.051553860
4.056644030
.030813072
4.051011452
.026932032
4.055229533
.041548376
4.051256968
.028084569
.024785117
.023515079
.021788749
.019063796
.024495869
24.231298177
11.261792841
4.048795505
.030076690
.021378160
4.056597599
.026355893
.020613634
4.042325526
4.052928406
.034541522
.022105047
.020526722
8.066988105
4.058452941
.028752595
.019858184
.027028938
4.053008515
.025077448
4.038067221
11.252150365
.026715008
4.052587265
.029203782
.021436148
.019250713
.020284410
.020982403
.023573584
4.051360056
.035762233
.023683699
.020321474
.017763743
4.053843158
.032042642
4.056703120
.024904570
.021263139
.043222824
8.066896943
.034147564
4.040949894
.033532238
.046025993
.024493782
.021441600
.020008432
4.033053458
.030385150
.021869089
.020014887
4.024813521
.029346991
.036088633
.025949228
4.046558978
.044009895
.022686112
4.067910466
4.051050596
.031584889
.020749612
4.059835138
.028217840
.023873605
.023081817
.017934253
.018596556
.020580589
4.033620206
.021943482
.023831484
4.050367587
.027259236
4.040979570
.025064225
.037225566
.022210536
4.058288474
.027839423
.022782724
.024291643
4.035749931
.029824707
.025749026
4.042101989
4.050374461
.029778752
4.041940173
.020963464
.023580679
.022787140
.021039831
4.047238345
4.043110504
4.053034755
.026343836
.021463034
.016772046
4.041799022
4.054162548
4.049638833
4.061776093
.029542279
