.040588933
.020989963
.022240219
.019766079
.020715447
.018488991
4.046123402
.031890959
.022388115
4.045979723
.031423663
4.051589883
.025585355
.024251600
.019741790
.022977178
4.048756545
.036278593
4.042357604
4.052578550
.038828529
4.050730116
.032629058
.028305723
4.045994182
.024571300
4.056881961
.030726044
.024350877
.018113793
.025603711
4.043146527
4.045828713
.026974282
.024595075
4.050504939
.030065067
4.036149673
.034546183
.027767021
.038225932
4.048565321
4.047923821
.035078928
8.076240435
11.259366534
4.061355179
4.045429944
.028599208
15.274026982
4.057980192
4.062716857
.029818254
4.042447440
.029415377
.019340725
15.270623645
4.062033801
4.045832171
.027724529
.025373628
.018259382
4.039717030
.031222725
.024097572
.027097878
.019941641
.022789369
4.068544113
.027761397
15.266548403
12.067993842
.039329930
.031808331
8.061819535
.027569820
.026099874
.027400785
.023640381
.027777438
4.033958385
.028936895
4.046143896
.032445558
4.047935205
.024765548
.028107342
4.046470550
.031070774
.024248484
.023583217
4.051773272
.029508583
.025397775
.021847613
.025016456
.018823600
4.058768610
.029440460
.032005157
4.055495618
.030475421
15.271361080
.031204936
11.255271887
4.048745367
.021992150
.024359189
.019193336
.031134856
.021192221
.022233808
15.289145170
.033226487
4.060021336
.031162146
.020254089
.029997106
.021120475
.022798205
4.057138544
11.252307785
.029808196
.021438629
.022915491
.024387895
4.050861579
.029485666
.021751575
.018585483
8.072162786
.028819691
4.044794927
.023649922
4.057735076
.050918254
4.043286453
11.262649887
.023421183
4.049154090
.030487465
4.040557821
.030976947
4.052216144
.027965932
4.050319546
4.047169162
.025761263
.019696444
4.049344832
.024942501
.023662299
4.049599031
.027485409
.021798158
.021647331
.023811085
.020566870
.017117413
.020722282
4.033032000
4.048516871
.037168512
.024118741
.022975241
4.041127802
4.043218378
4.049142932
4.045932783
4.043218748
4.055542645
4.045369841
.032275526
.022714002
4.059757437
.040842171
.020109222
.018570195
.038756333
.023816337
.023730299
.023675801
4.039500068
4.040624688
4.050001550
4.060813361
4.053273296
.030509803
.028587790
.024812844
.026579863
.018460992
.022503178
4.055851824
.027545911
.024803844
.023473851
4.043387238
.028854571
4.040336682
.028749158
.023776298
4.061723067
4.052792769
11.261554936
8.065275756
.028005439
.026085968
.020740662
.023436188
.017207624
4.042827659
.027006349
4.044558453
.037044066
.025373408
4.044428844
.024516814
4.037518588
.029641169
.028463212
4.039752463
.024632643
4.040400397
8.073553932
.040476759
.039586570
.025013914
.024984540
.020065337
4.046509917
4.046777794
4.059895514
4.045163696
.029331011
4.051349103
.028930900
4.049448420
.037418588
.026173142
.019708655
.022202945
4.038645813
.023116538
8.051867749
.034694556
.023802264
4.044851599
.024218459
.022735760
.019454539
.023760975
.019067886
4.052247219
4.040119483
4.055212669
.024851295
4.044202348
8.061422490
.051677278
.025614625
.018307310
.023666061
.021724204
4.048599859
.030026235
.050844829
.022625548
.022721712
4.049358403
.033952324
4.049951675
4.045199874
4.053963268
4.050260449
.026694228
11.252438856
4.059201731
.032979193
.019192343
4.058733369
11.259362508
8.076008772
4.058924160
.028622379
4.050353276
.038132520
.031453429
.019343959
.020014642
.018705640
4.046089481
.032038876
.028564152
.024698397
.022138644
4.040439583
.029802111
4.052272586
4.049056482
.024659438
.022842411
.021255128
.020400487
.019532306
.017980896
.021169630
.035327688
.021972980
.019714675
.024556566
.020933471
4.055426477
.023832880
.021522203
4.051325563
.029108632
.023545514
.020924138
4.047033947
.023586138
.024963511
.019965251
.022030020
.021693405
.021316293
.022018228
.016866598
4.044994177
4.045660864
4.048587200
.029269549
4.055662346
.033290183
.021565322
.023191565
4.060297830
.020545851
.023981833
.020684555
.019584338
.020114989
.019864288
8.068118377
.026026689
15.269424735
.033893005
.027271021
.021216150
4.046176233
.038365863
.049452659
.024884743
.021513239
.016912890
.021389658
4.052622727
4.064871321
.034230383
.024817644
.022700599
.019041197
.021895579
.017458823
.019829259
.019147111
4.045076268
.024576896
.023389467
4.049715124
4.056063926
.028225119
4.047467637
.027552552
.023864193
.023125588
.020078628
4.046097975
4.051651132
4.044453108
4.048729050
4.046716657
4.063101974
.026253360
.023416601
.018675349
.019312583
.027092281
.034691674
.022047199
.020421448
.021286509
.019282143
.018521328
.020857478
.020020458
.018532203
8.066143291
4.032016826
.025654650
.024111521
.028280209
.019169312
.022322233
4.060303604
.023613223
4.059876111
.024191084
.024265708
.022632872
4.047307203
4.056016911
.026757148
8.056087293
.028438024
.030565847
.022452001
.018320017
.022742453
.020175848
.017737906
15.253769478
.027005678
4.034675150
.032761247
.827935073
11.254272731
.037588506
.024391977
.025863819
.021540794
.019720711
4.041851248
.035813380
.028249264
.021206760
.023207297
4.055485928
.023879489
.022757807
4.042368605
4.055538050
.028216306
.027259703
.022963011
.020395070
.020519943
.017780672
.018788441
.024133525
.018224287
8.051491519
4.046098352
.033710919
.021892703
.021441269
8.055783402
8.054127408
.027033193
.022018592
.019308030
4.040813315
.027506227
.025787602
.023564709
.021147833
4.048635970
.021976101
.020223908
.023323022
.026082831
.020218528
.019291559
4.046541804
.027346187
4.060467239
.029218515
.024799959
.020784885
.018667283
.025579690
4.055167552
.031127560
.028504239
.020243501
.025607022
.024550624
.019094485
4.036121210
.030717489
4.048859384
11.252740621
.036219603
.022459711
.021218744
.023918136
.018798166
.017097274
4.055977274
.034817492
