.037659684
.017294499
.016805148
.037633583
.028245373
.018060953
4.036351451
.027386916
.021019810
24.210132031
.023239076
.018401437
.019144608
.020688367
.021729441
.020727573
.023548686
.023293198
.017620058
.016647148
.021276171
.018873372
4.049076133
11.250367102
.024937604
.023003824
.020575360
4.024774539
.027261950
.022306153
.019952143
.016012004
.035092460
.015781695
.014458601
.027545961
.024127506
.026879952
.017938314
.019806763
15.255239986
.027859497
4.045448875
.024409709
.019367625
.020175335
.026032337
.019164468
4.049678006
.030502158
.021093457
11.242981394
.032610136
.020113421
.022182569
.039434122
.038168406
.027967097
.021421678
.019023433
.017474141
.019282092
.018263782
.019105904
.025005050
.017986795
.023382451
.020372295
4.042083233
.026513356
.042952407
.023311350
.022046915
.023155056
.023346258
.019332967
.017192918
4.048595184
4.037108759
.023329637
.022020505
.020565534
.021294977
.018073906
4.040316124
4.057019707
.031446445
.021490929
4.048192493
.031868423
.024128646
.022292521
.021352380
.018748988
8.075561307
.019397409
.024079033
.020824970
.022003968
.037219977
.024249125
.023788110
.019390268
.020504601
.022269380
4.039252643
4.050002995
.024594532
.020809889
.017137271
.021779077
.017381401
.017473222
.020209562
.019215544
4.039829682
.029559373
.020574216
11.241301500
.026637726
.022384945
.024876853
.019848727
.018158477
.018309802
.022008078
.020779638
.016296194
4.034304352
.024547869
4.052220424
.027433809
4.046410212
8.032398663
.028647749
4.043965208
.023596416
.020386992
.017272229
.019477245
.022634005
.019760980
.033064739
.032817959
.021879001
.024749442
.022285689
.019808061
.019086180
.019752315
.016632219
.019895765
4.034651335
4.040052026
.025388078
.020162294
4.053616272
.028243186
.022516636
4.034949862
4.049014124
.025369203
.018489668
.020862676
4.029446009
.020291287
.020046466
4.042364620
.026010755
.017643919
.028096318
4.052080306
4.050253813
4.039145487
4.052593281
.029391255
.021599348
.036597481
.026098709
.018772822
.020715933
.019234840
.018823819
.017972653
.018273388
.017871782
.016784295
.020429948
.019728482
.018120187
.024715902
.017808661
.019509160
.033587630
.018496293
.019598238
.018516751
4.051753822
4.046607826
.028955651
4.048453652
.025788349
.022721667
.016107119
.020451821
4.041911101
4.045538380
.025927259
.021655845
.016733214
4.031236796
.021208367
4.050069822
.030912429
.027873454
.026840506
.020696351
.022114698
.018284304
4.035657243
.027007081
.022802039
.016657676
.018196558
4.048910337
.034132061
.023918025
.023267849
.020030634
.022733917
.019425289
.019590739
4.040291556
.026074460
.019636362
.018703158
.025007179
.016647885
.017053032
.029580787
.019590531
4.045765618
.030376539
.020975753
.018229848
15.260578907
.028497132
.022509928
.016934038
4.042390036
.025265333
.019148510
.016843375
.017880490
.025788016
11.246137072
.026963457
.021885001
4.043029546
.025488156
.019804478
.017952487
.022586966
.019557741
.018596913
4.046232262
.025509113
.019836977
.018347676
4.041523495
.023249183
4.042234210
.024452207
.018543166
.017585047
.015674975
11.244156837
.024220635
.018816027
.018380549
.017702791
.017516258
.015884381
.020716434
.020096130
.019266255
.017546299
.018997726
.016757838
4.046385796
.021503019
.018640786
.020696017
.017872824
.021040334
.017838826
.040269216
.021914332
.042383278
.021231533
.027535388
.020868009
.018193766
.021208867
4.034510259
.031856507
.021666262
4.040243934
.024331463
.022921866
11.242949397
.033225314
.020554358
.023509378
.018393632
.021443689
.023627164
.025128090
11.235969576
8.059243001
4.051269263
.032862415
.022850703
.031327075
4.046854356
.031949753
11.251792911
.031881236
.019252014
.020128308
4.036412972
.024505780
.019366854
.021811310
.020670378
4.040910783
.024070716
.026740351
4.048389994
.027216208
8.063602978
.028259386
.022621018
4.048825183
.027172581
.019981260
.020650168
.018435890
.033579196
.028073835
.021068147
4.037398605
.024949969
.022497137
.018738739
.019484942
11.254078919
4.055997029
.025001721
.022586674
.016475101
.025432159
.027651924
.023910401
.018157769
.018431047
.020672644
.018244597
.019661527
.023201518
.019004393
.016927787
.020254206
.015563480
.018094896
.015497859
.023832862
.020775097
.028275476
4.038068434
.022323144
.033001606
.020647082
.019364858
.024788465
.025400928
.018062465
4.040921314
.023882320
.023477691
.021746588
.018772302
.034558193
.023002392
.016533359
.021886796
.018934136
.022120132
.018491464
.019988440
.021134911
.020185484
4.044213131
.023678940
.020198609
.016372564
.016832236
.018439380
.026204970
.020050648
4.042802453
.014610794
.027994074
.027867531
4.043464200
.019507725
.024384783
.019844771
.025092332
.028343791
.032089960
.019205850
.022946144
.018882513
4.040100667
.041179652
.023326358
4.048330355
.026570396
4.050311042
.028055664
.023884656
.019542314
.024523039
4.040251588
.024550123
.023070772
.021712589
.019458854
.024157743
.016624696
4.044556764
.020299864
4.051793016
.021253709
.019707649
.019649065
.018307091
.018001337
.017049992
.019208810
4.057822712
.022648267
.021910425
.020563617
.021583588
.019711732
.017298912
4.054162294
.020744161
.026664231
.019817358
.021557504
.033370518
.023787655
.026757648
.020579575
4.042481824
.032029168
.019561063
.017787751
.018512385
.018876056
4.044197053
.031216617
4.046504155
.024640398
4.036047987
.025542542
.019651392
.017864455
4.051641107
4.024528881
.014055538
.019579644
.016800987
.021008411
.018604508
.022294843
.019110389
.017972709
.021434958
.017266242
4.058122042
.033061301
.022334469
.018892845
.016391441
.017921375
15.270043828
