.038959830
.015584199
.015338364
.020918334
.020405083
.028712351
.019019664
.017301244
.020055707
.022693296
.021091418
.019825957
.023883007
.025613010
.016471075
.015492448
.022407254
.023440632
.020731709
.017323119
.014113112
.022435170
.011532691
.020241167
.023638506
.021311502
.021990587
.019126164
.023636423
.019781041
.018824080
.023838299
.021119252
.027045472
.020469834
.020219916
.020551084
.026183345
.023589548
.017291285
.020085541
.018769247
.024008674
.023160547
.013657611
.017726620
.031365606
.023595132
.021216252
.020392542
.022097170
.024636467
.019524248
.025188010
.021240251
.021103168
.021955045
.019910415
.024584175
.022280004
.019596206
.019963791
.020205042
.022177504
.022259628
.018955622
.021916337
.021477085
.023078047
.018894955
.025029134
.021852712
.022265296
.020390334
.019391664
.023388256
.017113494
.019438748
.023708507
.022754589
.024659342
.020555251
.024840259
.024865842
.022001378
.016241700
.025733345
.021295960
.023078006
.018571455
.023839965
.017058035
.014896238
.015406740
.017913745
.022480421
.022610796
.027072514
.021593003
.018441288
.019371373
.020563333
.023064297
.021781419
.019574498
.022962922
.021019835
.019071414
.021332335
.021702461
.017057535
.028648809
.019906624
.022461338
.024098800
.022128629
.018486163
.018304829
.021222752
.023695591
.020646375
.020990835
.022115045
.024984968
.022692255
.022135295
.022808255
.019023914
.020345375
.025445677
.017938245
.014222863
.014454571
.015488990
.018159162
.020412584
.020172124
.024926093
.023872507
.020024665
.020528292
.020523501
.022623504
.022430629
.021046626
.022631588
.019639416
.021698461
.019612290
.013899195
.024417800
.023342381
.021235377
.015917283
.018314955
.026104429
.022114170
.020318209
.025206969
.021858670
.029556894
.018289412
.020966835
.019961249
.021106585
.024033758
.021394419
.023985049
.020935668
.024620634
.021383127
.020561167
.016400242
.019406623
.018685539
.024452842
.020458042
.024738300
.021618961
.017140201
.022113336
.020474959
.020488500
.020517459
.019066539
.019892915
.022405213
.021572752
.019404456
.018432871
.023349215
.019207498
.020208708
.019596665
.023634007
.017838411
.024707259
.021526544
.022023962
.021604878
.022227795
.022575088
.017467411
.023167756
.023241173
.022344837
.021855211
.017583244
.024187674
.020534834
.021212960
.022501171
.020602709
.020196249
.021818836
.013443444
.016739492
.018505580
.019916874
.021571086
.020741588
.022239136
.041494717
.020104585
.020156752
.019613167
.024063227
.021220746
.019671323
.023066295
.023483879
.019831491
.023076878
.023832548
.026726923
.024776459
.016918682
.021672615
.020797571
.017235850
.023488746
.018969018
.022612820
.022075569
.022138485
.016649261
.019701520
.017786014
.022026856
.022825067
.022238190
.022300523
.020300809
.023870819
.023064776
.017776882
.015848294
.017510715
.020825891
.022982188
.020769682
.018728301
.018049631
.021347140
.021428515
.020417429
.020691929
.018454382
.020440470
.019708758
.019312424
.020767178
.023512809
.020974637
.022070473
.020823678
.022597389
.023022474
.021803721
.022602973
.021254136
.020623384
.023004224
.019452922
.021246927
.024178434
.021628886
.021504844
.021488260
.020362717
.021227885
.019976923
.022613221
.022453012
.021884594
.021631343
.023007389
.020187340
.019407171
.022732012
.022752845
.019646379
.021856635
.018496919
.023291430
.013335781
.012586363
.014847327
.022289761
.017072790
.018833086
.020694840
.019267670
.024743892
.021395967
.019393545
.029421693
.020721673
.018008292
.023813389
.023254971
.017264123
.024810766
.018582960
.020342297
.019419087
.020237172
.021248341
.022271635
.023117095
.014277492
.024080931
.026217978
.019154877
.017826208
.025231642
.023129971
.032225533
.029073234
.023400012
.025572893
.024377556
.021097173
.018730210
.016988623
.020013213
.024443723
.018809794
.018261167
.020849340
.015109952
.021885426
.023139970
.020388922
.017160081
.020827297
.023024261
.021000840
.018446876
.020675548
.020704923
.020451172
.020476047
.021822675
.017519832
.020632673
.022696885
.020958881
.018486251
.021606300
.017916375
.025274183
.025221267
.022448718
.021909675
.021820175
.020717214
.020525047
.023637720
.018936918
.014724075
.016171662
.025177683
.023182720
.020377046
.020451921
.020881923
.023811054
.020382713
.019666795
.024391098
.023440221
.022526676
.021128757
.023348762
.018320459
.024661265
.022682218
.020400922
.013885574
.026817812
.017025122
.020723006
.024268222
.024737473
.019345711
.021891301
.025492767
.021660133
.018369375
.016720914
.021753299
.018710959
.020809839
.019222544
.015718328
.019866087
.021459341
.025214558
.017494915
.023110261
.023294595
.024213639
.022296718
.018830293
.019903629
.027329105
.024205806
.015682036
.024626932
.021711383
.018477251
.018031042
.025272392
.020677173
.020040338
.022676260
.023868721
.018101042
.024106139
.022218884
.019497087
.021659425
.020944798
.020857089
.020995215
.021624091
.028992400
.016763913
.021412383
.020103962
.020844631
.024799098
.018766168
.021984050
.017235331
.021682050
.024123597
.022363218
.019584295
.020695005
.023826388
.022293176
.017800499
.017646832
.022122259
.019474878
.021347508
.024570890
.020834881
.018045583
.022360885
.024450140
.012537196
.015012909
.016073746
.024480473
.018579376
.024572598
.020008504
.024762973
.026616936
.017627332
.023657013
.021056715
.024743223
.023470762
.018869251
.019456170
.022287843
.023333928
.024338556
.018506292
.020484506
.019667170
.015733536
.017937458
.019421628
.021928008
.024694140
