.040636978
.021880472
.018233101
.020034721
.021771458
.019643627
4.058550610
.026739424
.020563460
.022911654
.019065214
.020631344
.019482896
.023210111
4.059387043
.024875545
.021773207
.018757715
.022723086
.019797189
.019428847
.022369205
4.060071966
.031448064
4.039314062
.030690585
.023625750
.020545457
.018478968
.021311061
.020420315
4.042307177
.028950932
.019151517
.021707823
.022027325
.020741318
4.056166935
.026686999
.020574961
4.054529462
.024370352
.020269711
.026469303
.021565971
.019965504
.019382049
.039328515
.021860830
.019442712
.023873571
.019589441
4.047394007
.026428105
.031202548
.021650618
.019427023
.018643166
.019158195
4.037727338
4.045677677
.030203651
.020847836
.019774607
.022016244
.020682855
.018014284
.021511717
.020055603
.017880890
.018615116
.020747489
.018437132
.025255352
.021060698
.019566328
.021885102
.040166575
4.048824132
.026949120
.020155906
.020538791
.027595166
.016808575
.018335408
.018379580
.019558033
4.060461235
.027173200
.026781244
.018009450
4.046162116
.029437779
.025142154
.022676988
.025237209
.020801985
4.046763954
.026618983
.020490987
.018675157
.018872975
.024931921
.017140408
4.042938677
.026992660
4.048762570
.027126721
.022520887
4.034089641
.027913035
.021238255
.018215220
.019194311
.042468484
.029230571
.023938398
.023172337
.041625130
.023424598
.021374951
.022781971
.022931283
.017744064
.016948958
.015877191
.020448632
.021305287
4.049982401
4.056806640
.027570199
.022711880
.021632943
.020678024
.020987357
.016773376
.019355930
.018658962
.021546891
.020234715
.021085663
.020501959
.019444568
4.049039199
.021579064
.023402267
.017660912
.021349158
.023623505
4.038479251
.029703279
.025082868
.018992383
.030036616
.022816730
.032920253
.025300772
.020748244
.021071037
.026138218
.018651712
.036344671
.018316501
4.044464433
.029343564
.041249454
.024183597
.026164152
.032506247
.023259724
4.055710716
.027853586
4.055933287
.020717093
.022567756
.018965402
.022119905
.018919021
.018917146
.023390825
4.045439514
.025258990
.021378682
.018655318
.023016775
.018332942
4.043421428
.031746508
4.045765171
.027105111
.022235936
4.047678657
.030883307
.021764863
.018796056
.019870406
.018712295
.023283396
.031571954
.020620385
.023604404
.018317165
.019513198
.026618887
.024501315
4.039573373
.023511727
.021275391
.019545704
.019951174
.018820608
.017591571
.017848230
.019204325
.016811051
.020088151
.020293970
.018121849
.021084615
.019780986
.019474361
.023690293
.022512971
.020312305
.021325897
.018047549
.019456817
.022963781
4.048006965
.024554281
.021969358
.018511860
.020011391
.019789403
4.048607135
.034070788
.020402025
.019441190
.020231836
.018202152
4.044824470
.029068378
.021217925
.020752363
4.045087714
.029089838
.022097416
.016986242
.019721978
.019480821
.017224232
.019353262
.019524619
.043809965
.026080695
.030654249
.023953666
.021493804
4.048317314
.035497965
.022881902
.019883344
.018571715
.043368208
.027121074
.027475995
.018860970
.019017656
.018523259
.015553335
.020120840
.021573152
.018449000
.017991191
.020419670
.018611020
4.049981521
.028445120
.020571106
.022730301
.022348002
.032702293
.025774443
.025521119
.019774462
.019965695
.021581028
.015769197
.021818434
.027172831
.018423330
.020577107
.021838103
.022529775
.018515925
.021425550
4.053756841
15.264047141
4.046075458
.024603192
.024303250
.020337661
.023089738
.023904729
.025976253
.020984314
.018215745
.021892345
.024316119
.031570990
.019368535
11.249091789
4.050104059
.028548290
.022705670
.020802984
.022432215
.027221000
4.045685517
.030821386
.019637159
4.042737407
4.052444788
.026382186
4.041689776
.032023943
.021455968
.019850516
.022325057
.026716030
.020063749
.022676641
.024220497
.022682681
4.041447515
.022695780
.023347584
.020069854
.017960549
.022277684
4.047736152
.029383093
.027283410
.024443938
.024321293
.019268158
.020724200
.021178831
.019788735
.022090842
.023511473
.021012318
.021744859
4.042963185
.023815345
.021230404
.018923402
.020359091
.020835016
.018972357
.022070927
.019858877
.021319397
.020256348
.019359370
.017408176
4.055372438
.027100985
4.055042628
.024786609
.031605457
.036667720
.024059077
.020818350
4.041325189
.034510291
.020979255
.022228874
4.044613538
.024928432
4.056971949
.024932640
.027351426
.020360674
.030369503
.024959180
.023654814
.021421057
.028482637
.032888698
.031764361
.022080510
.019476487
.018860198
.018875655
.019960161
.023244135
.018446310
.018478059
.019675931
.018333735
.020769561
.019283918
.020065237
.019523193
.020230975
4.047280056
4.044342432
4.035501937
.035488097
.020768228
4.061578287
.026991243
.019586438
.019051726
.018325861
.024456049
.018194537
.022883869
.019586812
.018071045
.018404981
.020172104
.023858092
.024612954
.021784156
.018812118
.018997355
.019741594
4.047858390
4.047462544
.034369634
.022702674
.020319969
.021846193
.021274525
.017962554
.020811725
.022818791
.015826955
.019101972
.018913944
4.049585600
.030213556
.024399261
.022249206
.019158843
.018315695
.019124096
.020582575
.018891529
.018601175
4.039636393
4.044865645
4.044081784
.034430088
11.237592478
.028860818
.019937954
.018394605
.039110041
.020275791
.021195817
.025346312
.021979548
4.028692226
.017649716
.015604324
4.042631501
.028323897
4.051346960
11.262903471
.035259555
.024555081
4.051995812
.029336760
.027488082
.021317946
.024692085
.021961673
.020906476
4.052019521
.024771045
.018319068
.018329736
.022579399
.020635676
.019203635
.022455646
.016657937
4.049451822
4.035147495
.033635592
.021149775
.021110482
.018747872
4.047191258
.024305032
.021878962
.017968517
