.058846708
.036077793
4.065300846
4.071234515
.042866671
.037976651
.034643608
.037952109
.034647692
.037109139
.038437198
.038230903
.033622387
.038234070
.035057697
.071617746
4.061820023
4.077079927
.045434995
.041665239
.038030693
.056339260
.043822100
.036283629
.037462769
.038361530
4.047500925
.049888011
.042508833
4.081056811
.045091242
.039741798
.039219792
.036527883
4.062860996
.037984360
.046076545
.037756273
.038967580
.037181682
.037043223
.040159887
.038530283
.036200054
.036831964
.038592972
8.084534496
.044325952
.037348374
.034532051
4.074241105
.046027496
.040563974
.036956265
.036985182
.033769395
.036262923
.037300979
.035504291
.034555447
.038008820
.035939171
.037213645
.044274394
.041258902
.037922946
.037111937
.035755087
.037907321
4.057910378
.046873096
.041297781
.038200660
.040227309
.034139654
.037648154
.039621552
.040340103
.064294469
.046616927
.048778953
.061951900
.037726863
.039808138
4.071066209
.035820716
.042651338
.043816936
.040625814
.035206500
.041179072
.038316287
.037745114
4.066320804
.044694488
.041189197
.040708816
.043390556
.038463122
.036343889
.039817138
.034825913
.035630839
.039519010
.042531254
.036799061
.038726500
.034413741
.037056689
.033996236
.039021879
.036157303
.037054231
.037867240
.037904533
.037510861
.035935217
.036601225
.037259691
.051549652
.036511183
.037085107
.038733918
.036223513
4.068321376
.042407169
.040635356
.039336008
.034489325
4.073223393
.048844788
.035623506
.040038099
.036785561
.037581404
.037587154
.038681751
.037928950
.035337919
.037938408
.039835389
.034327448
.036571100
.037593195
8.085688274
.051371526
.038162827
.043237930
.039408717
.033949402
.038407830
.036296930
.034882580
4.049001368
.050090148
.042708400
.050393672
.045107831
.037736014
.036612967
.037065191
.039130877
4.060056978
.043590626
.035883670
.035425081
.036784725
.034246031
.037366689
.036765558
.036139426
.034418491
.038866413
.037750321
4.070455245
.048005730
.036641856
.037806161
.037917287
.035478927
.032577938
.036098518
.036965153
.034657252
.037037278
.035394969
.035799807
.032762190
.036550899
.037693702
.034927464
.036768151
.037168905
.035633389
.034688170
.036588107
.037899747
.036799692
.035768556
.037354783
4.043832914
.049471749
.037709079
.031713763
.038315711
.036131061
.037403451
4.074851175
.038577672
.036288939
.035419595
.032259728
.035109300
.037512993
.034375042
.034805756
.035244343
.037605786
.034077289
.035939601
.036145853
.036748819
.033473907
.037382325
.038521047
.036202271
.034189915
.036532441
.056928208
.046783502
.042428884
4.038926101
.053828853
.045248783
4.051474329
.045322743
.039094525
.036407671
.037640513
.035303786
4.063315450
.052291674
.035255786
.043070308
.035567247
.034880241
.034382612
.038254477
.037929224
.033862149
.053017721
.039582279
.038123851
.037409345
.034123943
.039162526
.040525120
.037791681
.037293303
.037952433
4.069583925
4.056773571
.046715920
.040733455
.036646589
.038348186
.034656365
4.054978266
.046683671
.038546438
.040552495
.036077709
.036598880
.033738274
.038624397
4.064408675
.050190574
.039003525
.038598605
.037459220
.036846674
.035177994
.035716915
.035414329
.037464096
.034506030
.033590398
4.050066917
.049566450
.041714704
.035796681
.035657472
.036517017
.036568142
.034361717
4.057618322
.046812465
.040263924
.035904438
4.071281818
.040521072
.034049487
.036552588
.036255294
.034943035
11.261572720
.046638041
.040068119
4.065014122
.046365873
.039289572
.031856936
.038175482
.035200877
.036213092
.036533678
.034535580
.033820325
.038496233
.036417094
.034214161
.036930139
.038992070
.035434669
.035409170
.036861805
.036805680
.035984090
.039261155
.038996279
4.068656952
.048023677
.038431191
.035652463
.037824020
.039580408
.036661929
.038680485
.037727311
.037195849
4.067042025
.043838564
.035739297
.035965173
.037117432
4.070256423
.047783633
.035040625
.035620712
.038532984
.033536073
.038174898
4.059844390
.048268303
.041212587
.036807264
.035026583
.033561073
.035280419
4.064667550
.047727592
.039538824
.037309642
.036541261
.035340253
.044611903
.039514199
.032565817
.037333517
.037720853
.036006257
.036138842
.035808964
.038490192
.037706769
.034203327
.037963901
.038768198
.036030567
.035253902
.035025902
.036055234
.033450905
.039590812
.055606199
4.069634278
.043634494
.040675061
.034961862
4.066964606
.049794759
.037107974
.037495476
.037179141
.033010991
.036978639
.035614465
.033621620
.032423821
.038504317
.046835410
.033940331
.037602436
4.067284606
.048591340
.041667506
.037153895
.035579552
.035400093
.034655505
.035011465
.037256896
.038564737
.033908167
.034058126
.035609302
.035192675
.034655630
.037922858
.036369724
.037361105
.033288413
.036691518
.035278801
.035926763
.035275509
4.046643628
4.067511066
.049715015
.035660929
.037181938
.035616886
.037559857
.036952645
.059353271
.039728002
.038404913
.036577492
.041137006
.037012784
.034783777
.036111823
.037242786
.034793111
.036631783
.036857410
.035826531
.037424120
.037730203
4.063828173
4.051520348
.047181485
.039791878
.034585862
.038457874
.035804115
.039288543
.037353078
.039223335
11.266142897
4.080878088
.049248451
.037192245
4.072324476
.047417362
4.052479205
.049002449
.037663414
.035764366
.034629987
.033583650
4.055744590
.047271652
.037188329
.033800276
.035875157
.035478364
.038326669
.035726372
.039760734
.034761596
.036660501
.037989119
4.050690179
.050154862
.037261430
.034680888
4.050979727
.044301031
.039981607
.036414685
4.081959807
.046947515
.039482333
.035035574
.038451247
4.067920845
.046881645
.040995174
.038113084
