.074190656
.014913258
.012764637
4.031527970
.014213620
.013497650
.017544803
.013335063
.018543278
.029466175
.026081116
.023587532
.024070956
.017235213
.035083396
.023913287
.030921867
4.035172824
.028812913
.024728010
4.035782078
.015046676
.014256621
.026215577
.028114984
.022041505
.022540097
.015542518
.031001326
.014535584
.024747760
.030493567
.024145333
.025930280
.023442696
.026453789
.018396109
.013553275
.021293575
.031142579
.020942694
.013916490
.012372672
.027460057
.031791090
.016718496
.021649914
.014367456
.014145827
.033753748
.013295563
.023763160
.038591457
.013546525
.030311022
.012613175
.028601326
4.044661353
.014163828
.013290896
.012917723
.023268359
.014667253
4.039338261
.013099267
.016869208
.015498809
.028183235
.032607854
.020643689
.013583109
.013735779
.013003766
.013316646
.013620527
.027818396
.012306754
.030177478
.014573710
.023319152
.012862388
.014228870
.013438856
.028356197
.024069873
.028707203
.024847470
.012851680
.013268687
.028423574
.027308846
.034453011
.013851530
.013827864
.012370171
.013262771
.014433541
.015660145
.012521632
.025967781
.031897550
.014668003
.035723366
.022979229
.013510525
.015288347
.017431925
.016052110
.013456899
.014152036
.023050355
.011995081
4.016454324
.014312788
.012239295
.025648817
.013191685
.027941023
.013199353
.032487435
.021870794
.015876024
.023620657
.014189828
.020919944
.030101019
.026992090
.015084760
.022756184
.013088689
.026518717
.013795368
.013348441
.017674739
.013298857
.013378275
.029333437
.012339754
.028620589
.022986039
.013799690
.014460454
.021447801
.014135531
.031588543
.027665674
.029703447
.015685385
.022185302
.013781683
.018377229
.012538950
.013210922
.016768900
.023602486
.024313083
.023408275
.013013954
.012525236
.014319687
.034921565
.029861721
.015811252
.036404009
.013372039
4.026750621
.014983769
.012751311
.030790341
.013596784
.013451157
.013945915
.017883069
.027947665
.013607534
.024266515
.017469352
.025138697
.014162210
.022889907
.013356571
.013575533
.014594633
.013680451
.024652896
.018665956
.025111362
.014336380
.033547512
.013373612
.018311449
.024132344
.013378612
.025934625
.028585923
.012894436
.017484434
.013273234
.027225065
.022642859
.028382876
.015149226
.016952217
.016011825
.015711402
.016618544
.020516488
.015033433
.015163601
.015328895
4.036078851
.016074992
.017162303
.016255203
.028841967
.030159281
.012468720
.014362503
.015932197
4.031955279
.015440272
.014383670
.018348032
.013770367
.041353895
.020981619
.013779784
.023261827
.013970580
.024236510
.019866142
.021727424
.015508898
.032833370
.030989212
.014412962
.027923784
.022232933
.033073624
.014918638
.024512348
.023189742
.017312513
.016376705
.015749860
.019452093
.013333152
.013558405
.016838421
.015163058
.013747950
.014407795
.025340071
.025016732
.013111856
.015160725
.014561840
.020930285
.020795658
.013237358
.013355818
.013166357
.014439754
.013977163
.019585095
.015876988
.020377442
.015326228
.026895349
.029317975
.025591034
.024545183
.014408503
.014248710
.029629147
.024243343
.014214709
.027596819
.023500747
.016757128
.018978125
.014062706
.015198267
.014934763
.019434218
.013400153
.013810118
.012819934
.013529738
.017707687
.050459305
.018615662
.014795136
.013728283
.031146340
4.035520359
.013308901
.017518308
.028195164
.024375013
.019503468
.015533107
.014170167
.025889206
.015371937
.017869523
.015651734
.027063435
.015816611
.023739794
.030556121
.014131457
.028477543
.012717307
.014360920
.014820053
.027167354
.015227685
.013862244
.016785921
.024304595
.014037789
.023160158
.025779371
.031397428
.013934413
.012862768
.014306460
.016539625
.030280450
.026343880
.018051360
.012981603
.017704812
.017577685
.017002507
.026005625
.017369431
.034908490
.020176480
.024421596
.017338639
.024452972
.017669937
.014356669
.024766728
.021023453
.026431966
.016399330
.013741575
.021920261
.016766087
.014365544
.022471604
.014679675
.026298755
.013950620
.015312436
.016179910
.027731238
.014416212
.032650825
.020063645
.013760742
.025189110
.013542530
.013804743
.026301255
.013598823
.017030008
.027482317
.014254876
.016825797
.013142482
.013426695
.025212402
.033273711
.042196620
.035735207
.024660168
.030150479
.013534294
.019500405
.019741951
.044153110
.017783346
.019537381
.018896160
.025812378
.016254442
.017183502
.017413547
.020365688
4.028506200
.015833725
.016447112
.014726787
.019887095
.016548781
.019310459
.016856287
.016412278
.013823395
.016207107
.014855289
.017689886
.020388980
.015573095
.020933908
.021780591
.022270933
.013915979
.018548528
.034060038
.017227211
.024508935
.020920533
.018018226
.019918221
.022671650
.018192230
.020039057
.019772677
.020138101
.022429020
.020233352
.015946519
.021339957
.021894468
.017445048
.017762179
.019108538
.016757993
.019099330
.023828380
.017622760
.019419337
.022842695
.015874768
.017927641
.021804717
.019277709
.019028371
.017263211
.022273476
.022822653
.022533188
.018353190
.027315508
.016071115
.017595771
4.035928765
.017433393
.020020612
.021064258
.020582539
.017054511
.020319784
.019250054
.019632021
.017786192
.016430415
.020526997
.017019135
.021890482
.019716564
.022211656
.022195239
.015508813
.014737130
.016759921
.014669212
.015664691
.018573958
.015030470
.013714234
.015110929
.025473763
.016807005
.014472000
.014692254
.014134368
.016038740
.014412749
.016092491
.017893152
.016934508
.016642252
.014981510
.019610853
.017006010
.014818423
.023736894
.030838038
.032366193
.018448205
.022645997
.019223096
.013958532
4.037196787
