.038180728
.013842362
.015257307
.013420062
.014247829
.016045990
.016940966
.015430394
.016038573
.017156096
.015070887
.015587022
.016779129
.014844300
.016011572
.017312848
.017927277
.013661817
.015288017
.018425455
.014687546
.016530124
.022267198
.013591732
.013714151
.018849630
.020296659
.018011404
.020476329
.015498437
.018188199
.014156536
.016425081
8.034414600
.016698587
.024979837
.020484079
.017334516
.019861108
.019382973
.017018093
.020056779
.020497163
.019194595
.023339970
.020042320
.017507895
.019545935
.017060052
.018230326
.022275616
.015024511
.015155264
.022881628
.016949803
.015310395
.016508526
.015424545
.015354918
.017338878
.022581992
.015388502
.023120087
.014648731
.019838717
.014852985
.015279369
.017565072
.013897870
.036222290
.015689324
.016259502
.016418796
.014973267
.016198084
.035507981
4.043020365
.020373832
.027787941
.016422668
.018683923
.022487750
.017624192
.021396353
.023406185
.019884072
.022326288
.018374416
.017535649
.018521627
.020753506
.019510022
.018950678
.020058034
.021429395
.019576357
.021263933
.019141182
.022173410
.021285517
.016471210
.018537627
.022900508
.020138618
.017511439
.016558295
.013414190
.021366768
.022145201
.019910405
.019230933
.021055137
.018517377
.019351977
.020759964
.018474251
.018533419
.020621920
.021029094
.020439166
.021384685
.020998761
.016310291
.021969196
.017815237
.018630879
.016791091
.023724316
.017220850
.020763714
.021032969
.018518877
.024124615
.020015782
.017326478
.018823591
.018701589
.020607211
.024736295
.017871530
.020044991
.021022136
.015614776
.017577315
.023448394
.019153015
.020721088
.019341519
.019974156
4.035884507
.019807111
.010889679
.011815490
.012470421
4.043819870
.019966155
.019716151
.022296454
.015659819
.019832278
.021106054
.013704070
.013265728
.016951678
.018481334
.020574793
.027372431
.017771528
.018271288
.019815111
.021580189
.019122097
.018968511
.022633835
.019268933
.018836216
.021435144
.019218057
.017922281
.022122658
.019609857
.016897886
.022422831
.020912092
.018706588
.021599689
.018396165
.019442520
.023052677
.020752589
.017434354
.022887674
.016192079
4.038054291
.030598122
.019860446
.021422061
.020675337
.020486583
.020134868
.016369041
.023202347
.020484333
.017747027
.016149620
.019233016
.028093738
.017816112
.017804237
.019477105
.024696835
.015923907
.018304039
.023704357
.018750006
.020800590
.021151055
.016540378
.018245371
.024288536
.018287705
.017099306
.019904363
.020161243
.024968133
.020868341
.018937801
.020620919
.021293224
.020540834
.017465605
.021510437
.019344018
.016489001
.022074365
.020945467
.018266413
.021224931
.021143346
.017561066
.035661809
.025970194
.015959199
.016270080
.018830800
.018760507
.020907509
.026017654
.016796800
.018642962
.016885552
4.040877390
.012807302
.018654838
.018555211
.021747983
.015601984
.023598813
.040493756
.020438924
.017649950
.026141126
.022453299
.017700326
4.029810232
.015547239
.019278483
.014695514
.013446904
.016733097
.018505842
.022178002
.021914121
.014144294
.015216065
.013917788
.014678679
.016716472
.017053562
.016528676
.015367527
.027883162
.014992103
.014967519
.014218170
.013822203
.018953643
.022762097
.016260004
4.040155987
.019610699
.013632158
.016377048
.019549531
.013538072
.014326755
4.042532023
.018616437
.019646877
.016030089
.022685731
.017125071
.014258302
.021333827
.025056280
.019615248
.015272447
.012758560
.013475534
.014845688
.016696977
.014022713
.017300948
.021616121
.016365386
.016773936
.013880292
.016301051
.017415866
.015592078
.015580161
.017475200
.014103379
.014609307
.015615411
.014637182
.018827311
.014885687
.020478344
.016594763
.014972146
.017087732
.015272986
.015122399
.019074065
.025494698
.013613826
.013474698
.025449156
.022409009
.018291465
.019149400
.014328466
.017765204
.021621326
.024140254
.022234172
.021367237
.021446406
.013361320
.015730412
.016144753
.014965604
.013323237
.015663786
.015090190
.016253381
.014586845
.013563783
.026197093
.017923420
.015100735
.016733311
.015050566
.013913251
.015059191
.016780269
.019405491
.015935877
.018210299
.018007170
.015047274
4.034291243
.014460219
.014838810
.025161275
.022360091
.099764747
.014626014
.017165566
4.024779906
.018844767
.018062710
.018540928
.021381029
.025668201
.014113878
.022859560
.019456364
.023687827
.015449864
.017520406
.021495490
.019779953
.016968478
.019611742
.019660409
.017822413
.023022480
4.042440000
.022685139
.022129961
.018927477
.016057293
.015640660
.018512885
.019103398
.020454176
.021322903
.023982541
.019040313
.017437030
.024478385
.017987416
4.030572119
.015673409
.027215442
.021041605
.017742078
.021123565
.017537782
.020909519
.021810829
.016529469
.019069231
.018813058
.017705660
.018565845
.018416758
.018799266
4.032457615
.020670430
.019366737
.019832996
.017517198
.020810642
.017064522
.021217109
.013221359
.015788037
.018747099
.020567970
.016847684
.024186837
.018298798
.019697827
4.028237736
.021186441
.020241171
.016914935
.045954707
.026438884
.021438196
.017225609
.017952999
.018659555
.019377112
.022269005
.022178045
.017805621
.024017500
.021281901
4.044199526
.023436405
.018241672
.022956019
.018868018
.016746640
.019548991
.018946145
.018777308
.020359590
.020092002
.017361403
.022147627
.018781141
.032091125
.020827058
.020160045
.020929768
.018505385
.022146335
.021501572
.016783308
.020908310
.020153460
.018845392
.022027583
.021138981
.017809745
.022235671
.021112814
.019294901
.020781516
4.036262769
.020776598
.021935331
.016118627
.017110439
.018966269
