.040889548
.019774516
.017475818
.016017108
.021489406
.022238904
.017176059
.025974316
.017420782
4.045718723
.024470986
4.044036747
11.252006581
8.060426285
4.065982758
.042452094
.024230522
4.040744157
.024826912
.026733698
.020361082
.024956815
.017247099
.024851993
.019611916
.019229960
.019708697
4.038903656
.037522941
.020105194
.029087225
.026295206
.018281650
.018062882
.026405901
.021302351
4.037537768
.026998668
.020801116
.017275513
.019368944
.019543800
.018902746
.023712455
.024539611
.020552060
.021742468
.021624731
.024040834
.020184477
.028421049
.018419426
.026565425
.022978787
.019924506
4.037411199
.037561811
.026611086
.020536479
.018791342
.019414813
4.060101227
.030664880
.021344721
.028899537
.024112909
.021736010
4.050564597
.025649413
4.055635590
.019821328
.022634805
.018889222
4.041060017
.023457997
.019766077
.022139811
.018848930
.025067400
.022071235
.018222583
.021563875
.022185264
.018021023
4.058347498
4.054477685
4.059856233
.026950165
.020292989
.020234537
.019161199
4.061487969
.030498392
.027006835
.023018438
.020727272
.025494709
.027948482
.021519972
.019110194
4.052002286
.029349885
.024786972
.021447216
.020758334
.018056297
.019467141
4.042677011
.028073437
.021330849
.019580876
.019504384
.022236540
.020991720
.017112940
.019769147
4.035621660
.025044854
4.045815197
.031743362
.027854500
4.026781445
.027425715
4.051843956
.026208266
4.048829705
.030379722
.022644119
.020174684
.020281589
.020542060
.017904852
.020329458
.025561588
.030898206
.021987775
.023090820
.018274477
.017855899
.019047726
.024221195
4.052123673
.023524980
.021632773
.020590929
4.052680194
.027643399
.028620000
.021285019
.019958458
.025172672
.024314184
.021447668
.017028657
.020557267
.019804600
.022964459
.019361357
.022440141
.021245732
.018593317
.021801004
4.064247915
4.051063081
.035161765
.020226988
11.238851460
.027371339
.023296368
.024277844
.019698554
4.048769404
.030735840
.019744711
.020741186
.021844731
.023750355
4.039769635
.026766690
.023808390
.019847657
.016873276
.022985480
.018135054
.019215935
.023414142
.024457110
.023018351
4.050331366
.026741151
.022659099
.020380807
.030163317
4.045906248
.041458464
.027390572
.023873329
.020001706
4.043766578
4.053012763
.030857575
.021770796
.046844369
4.040538594
4.047485615
.023466409
.020924093
.020725905
.022511884
.016652373
.017018502
.017797211
4.058614817
4.042545454
.041582644
.023499228
4.036132250
.033097693
.024743592
.025302439
4.053635937
.026023641
.020255607
.020060529
.025008198
.020695322
.052967313
.027525236
.030316717
4.050821572
4.051063808
4.050383677
.027668679
.029407145
.025110844
.022413273
.020152496
.023572250
8.069514554
4.065505254
.028373148
.023701198
.021290757
.020735329
.022577548
.019058251
.021819892
.021830101
.018851772
.021563033
4.046385122
.043310380
.027247857
.023231288
4.057286980
.029276474
4.060979382
.026675651
4.047912349
4.044523736
.029170807
.026230735
.021225712
4.039360464
.036084074
4.049424677
.030036929
.023167164
.025024948
.022542166
.018429348
.025076531
.036791363
.025317113
.021555127
.022672540
.021988793
.023989577
.022234125
.022506374
.024245742
.018839221
.021728502
4.050031424
.035039702
8.078996802
.028297352
.020892005
.023293205
4.051219961
.025774237
.024726741
.025857736
4.053451286
.023591662
.028344186
.020781589
.019549177
.039226478
4.044090487
4.056604357
.034069831
.022046585
.019593593
4.048316847
4.054751406
.031502549
.026040361
.019534593
.018693722
.020558339
.018274932
.022520791
4.048765267
.027411775
.031647483
.022857774
4.041739073
.024846903
4.042171078
.029284061
.025278847
.019739534
.019353697
.020117161
.018486056
4.049804882
.033589857
.022900963
4.028257467
.025248871
4.043657943
.029827741
.026726517
4.035126260
.025918232
.024517741
.017977010
.017012151
.018260082
.022510600
.024635712
.017718647
.018716005
.025614274
.028305700
.018524525
.021415390
.021648165
4.054087486
.029581644
.023881472
.020356291
.019826441
.021372403
.026580437
4.057199629
.043213735
.026208304
.020549440
4.044778790
.030143707
8.072963632
.022898843
4.055919248
.026231341
.027040968
.020305301
.020919991
.019552010
.019160552
4.051868768
.030112927
4.058103292
.031417480
.024034619
.026075415
.023500240
11.247794585
4.049191856
.023324381
4.048348416
4.054113220
.030727121
.022096175
4.040325644
4.058405091
.031419359
4.047913192
.028109848
4.054508560
.035829242
.023425654
.023191282
.027753181
.019275541
.020009153
.018819127
.017491687
.017813391
4.055776865
.023664548
.022908267
4.035968629
.029532943
.026577653
.018252691
.029217572
.018657685
.019019346
.016568213
.017624781
.019932246
.017180787
.021698596
.022713247
.021046938
.019678791
.017203743
4.050079733
.028163394
.023265553
.020612719
.018999995
.019549942
.022304481
.020549801
.029563992
.022022653
.015818709
.018250295
.020634216
.017526262
.018201961
4.050426845
.029183308
.022566751
4.044346571
.033021594
.022317529
.029387240
.032239337
.025657455
4.049340646
4.058468695
.022445285
.031699667
.042697063
.028134497
.022875210
4.053461007
4.057532357
.021121119
.021735264
.023338794
.032888912
.023387030
.023398156
4.047479497
.022243098
.021521623
4.054754356
.032956207
.024407552
4.046670844
.026707037
.021714592
.023669855
.019259806
.022685432
4.038511219
.029552583
4.043348769
.031445291
.031946007
.025128139
.024508454
.024257710
.018109026
4.052240550
.026755270
.034449352
.018995524
.019003150
.019921945
.022158860
.022208025
.020835411
.024755510
.028131381
4.044308392
4.052770484
.026373838
4.046510638
.029033428
.028282250
4.046734627
.032414733
.024274895
4.043290312
