.067003381
.046446211
.044785501
.041401250
.041899196
.048781363
4.074258177
.054268272
.043663820
.041453249
.040897637
.043996853
.046055471
4.069663290
.056958707
.041908529
.041170839
.049974792
.041271753
.044139100
.042379351
.045069953
.042448057
.046535042
4.086338930
.045220491
.045774269
.042917880
.038338074
4.071192796
.054944464
8.122032375
.055464493
.044952080
.049107064
.045213449
.073278687
.049260143
.047465061
11.278734770
.055917023
4.082695113
.062186913
.052757892
.049983791
.053754117
.044315679
.043169123
.047384355
.041885154
11.248271071
4.084578515
.065891617
.052678811
.042268062
.044120101
4.085280050
4.083829620
.047897218
.047949884
.043655488
.045755353
4.090022259
4.069741874
.053188090
4.079213686
.054255898
.041795032
.042504223
4.087548027
4.106129411
.047928426
.045288948
.042281854
4.060876380
.062330995
.044246640
4.081064558
.047264400
.040670017
4.067634465
.051123072
.044949928
.041301515
.044201154
.041893123
4.073313137
4.085384072
.050313038
.046348175
.042946007
.078907723
4.068109098
.052385445
.040541940
.040750101
.041240422
.041093175
.042799259
.044089937
.041389377
.041967988
.044104854
.044031063
.040926471
.041904115
.050811900
.041068677
.041173174
.045873478
4.061816698
.057356825
4.089470696
.042281855
.041031052
.041722619
.048699993
.039055767
4.092904363
.054618267
.041811159
.040210947
.040514607
.043962107
.042512642
4.074484724
.053120385
.045267367
.042348104
.041929322
4.076034936
4.089747314
.054758680
.040251113
.044720296
4.084421318
.050345203
.041930822
.044367764
.044353806
.047482855
.045494154
4.071954910
.055131424
.041060155
.040691669
.041390694
.043754472
4.083091901
.051097947
.042408070
.042667438
.046819797
.041015561
.044100320
4.086108298
4.073486941
.060846330
4.087362255
.054250654
.041786787
.042537436
.044601761
4.078646529
.055909073
.041900784
4.079283802
.050836528
.047380694
.040031287
4.082562138
8.111829307
.054976636
.041922408
.040458860
.041220050
.042540435
.043172671
.046516215
.043143338
.041214926
.044322809
.046511882
.040975973
4.077116644
.053621878
.050869486
4.086331631
.050501244
.047632521
.040324280
.041278550
.042095404
.041658498
.037522390
.044841296
.042451937
.045037543
.042212068
.046034685
.042262775
.046559381
.043211627
.046480632
4.054866011
.058377805
4.084733096
.046214745
4.086636122
.046517390
4.076804703
.071934444
.039428973
4.075451511
.060111800
4.079771440
.052085973
.042066210
.043574799
.044779645
.046771640
.044397071
4.090763919
.052035678
.044141783
.046425895
.045738744
4.077940525
.052477250
8.103030393
.051838931
4.076767628
.053051235
.047568783
.049853436
.045404501
.046062944
.040966024
.044975178
.060508599
.040888192
.043583795
.043678417
.046279855
.043295134
.042605776
.039266148
.042812022
.043987660
4.070258532
.057626834
.042552028
.042488987
.043111097
4.083113475
.051071033
4.086504853
.047510201
4.083726669
.053908965
.045787534
.044838556
4.067481139
4.087053429
.045160655
.042709420
.048762612
.038850676
.040521637
.039786405
.038279523
.045781136
.041029206
.040050145
.044963946
.047661509
4.079946330
.051642696
.040458669
.043312227
.041735555
.050408642
.044447158
4.081022687
4.088133553
.048452769
8.118879736
.056232042
.045921703
.043297516
.041402728
4.091725639
.055711139
.044673608
4.071969814
.057835338
.043707465
.042344955
.042533617
.039082407
.044968643
.041796843
.043711881
.043278849
.038797247
.040045718
.038845871
4.076562080
.059098892
.048459477
.047589206
.047344920
.040455833
.045134806
4.072937333
.059199097
4.074382340
.052347260
4.087033540
.051316325
.047765869
.044177411
.041898382
.037777563
.044556486
4.065925040
4.084330982
4.069650382
.049465632
4.075679134
.053158250
.042810994
.069620711
.042273832
.043327183
4.086421447
.045983436
.043238875
.048286047
4.086777176
.046204340
.042424221
.042573633
.045600980
4.059799673
.057528366
.046032218
.045007075
.040797965
4.079205146
.051448132
4.088471330
.048310205
.045862472
4.064845751
.052409985
.046659286
.045788682
.049028064
.041466823
8.127285973
.057516658
4.083958262
4.091880202
.044551085
.040790590
.042616963
.035995160
.040467056
.044557793
.042525924
.040908045
.046752034
4.068881655
.058446469
.045299942
4.085041445
.043775604
.040691758
.043357947
4.067776659
4.069217293
.048749682
.039951958
.043275127
.043466789
.042342690
4.074761608
.049336017
.044699454
.072996305
.043157609
4.077492835
.054786713
.043365656
.042891874
4.074367860
4.084606551
.056099737
.042306870
.068480261
.038255831
.044958756
.041588315
.041812103
4.078991348
.051585347
.043269000
.041960527
.045505163
.042561014
.038967503
.046339146
.041130752
4.067508142
4.094725398
.054473314
.043385172
.044958680
4.071346250
.050831637
.040436190
.039272881
.040602145
.044107862
.044020698
.044810806
.042257484
.039634498
.043721870
.043889075
.044104570
.042552853
.038192987
.043947907
.042424440
.039274922
.035610750
.039945492
.042486562
.062223938
.043270713
.041442960
.048985884
.046765264
.049407666
.043808118
.042567603
.042809930
.042192778
.037719538
4.075406242
4.077632609
.050661266
.047396584
.041517791
.042053572
.044964760
.041899658
.046554185
8.110549160
.057305958
4.072190140
.060280354
11.283627847
.046563106
.048834454
.049572560
.040321228
.043797623
.046598281
.042266443
.046573821
4.050539273
.057715320
.042189626
.044336875
4.073086212
.055458718
.041539247
8.101050619
.055890161
.043321790
.041371330
.045431247
.045346124
.044535099
.043417663
4.086463090
.046101276
.044030025
.047935321
.043438079
.044784301
.062873644
.042861674
8.117749054
.055042817
4.066446027
4.094505618
