.042431097
.020622967
.021191424
4.058042440
.023620322
.024584652
.020169962
.019373046
.022127660
.027432305
.022479825
.021649620
.019857753
.021376080
.023606736
.017854926
4.046080846
.026149549
.026005592
.024222974
.016991631
.023012311
.022051941
.017681877
.020029783
.016705423
.018913663
.022140273
.018549915
.018335748
.019107369
.018330581
.021699649
.021273443
.020015656
.024912133
.022078311
4.040487966
.025918576
.025179247
.019636983
4.046952886
.024941448
.034295729
.022021212
.020196848
.018435065
.019398643
.022857791
.017921985
.023490578
.023133371
.021575714
.018704147
.022908373
.017437653
4.049873832
.027786377
.029311992
.024434189
.023631193
4.052313673
.025625840
.029704980
.026334459
4.048849892
.029457098
.021678649
.024669004
.022539060
4.047434406
.027684434
.020582399
.019248117
.020635066
.018066750
.019338866
.019271365
4.049870595
.026175387
.029303197
.020134016
.017808158
4.056592522
.029493187
.020384675
4.046063314
.035855962
.021657118
4.057775382
.023773178
.028626012
4.063877066
.028413091
.019766582
.019936121
.020970820
.021467066
.016843855
.019962537
.022584431
4.053579880
.026124770
.022685633
.023400168
.017741301
.018007299
.022795549
.020080114
.022080512
.015407405
.020686107
.018340878
.017902883
.019866031
.021986346
.020350528
4.036013914
.034215270
8.048871149
.037406435
.022829657
.021424170
.026912036
.021520669
.031112946
.023412771
4.060133370
.029053669
.022579651
.022260695
.016793000
.017336619
8.067411420
.037301991
.019307801
.019852004
.017471654
.022167396
.019989543
.021394696
.022801764
.017945148
4.052355599
.034603873
.024312692
.017313226
.024902876
.022087108
.020477705
.036897777
.027610403
.018691736
.020128534
4.054033910
.027010258
.023722919
.019143267
4.047043491
.034215155
.033839694
.022345610
4.048561091
.025703689
.021381134
.020447697
.019995957
.022602247
.019382400
.018844669
.020206808
.020615178
.020271009
.034910102
.025594622
4.055595728
.034793957
.023628686
.018909252
.020986015
4.049576715
.026295233
.024745996
.016853930
.021229586
.020120489
.020746642
.020108989
.018327116
.018648631
.017207191
.022014783
.017485408
.017606829
.024949075
.018658959
4.046016314
.027247024
.021204802
11.253665168
.034749035
.023417409
.024980972
.020827887
.023098602
.018898970
.019228067
.018667586
.026160055
.021586329
.019140771
.019744129
.018421947
.016531579
.025556316
.020815043
.019049722
.018276815
.020505697
.020895291
.025856821
.019158763
.018418900
.020612487
.022105630
.018407691
.018510985
.017838206
.021011373
.019656861
.019666320
.017168555
.023114165
4.051070625
.029790733
.021495102
.019019287
.019287239
.017453492
.017179666
.018510840
.018378638
.016851841
.023030358
.019103078
.018907708
.020375214
.018013438
.022483248
.016500267
.020013475
.017878484
.020331675
.023116774
.020039224
.018834003
.018070564
.018401847
.028113779
.019712690
.019917311
.021867972
.022735868
.022843574
.019016917
.022357628
.017061172
.019747899
.025358472
.019542487
4.052555332
.023614891
.023042363
.028032603
.020684822
.021351681
.022287574
.021213017
.016729878
.022242866
.016759794
.019769348
.021023609
.018296926
.018794996
.018685125
.017773564
.020951527
.020825449
.017774982
.019777058
.023966831
.018755875
.019767601
.018745625
4.046636151
.021946137
.028063905
.017716988
.015634497
.018504428
.018508053
.017084171
.019008041
.019366240
.019005333
.019824772
.017883734
.019510987
4.037552830
.031928730
.019538446
.020818290
.018307142
.022261088
4.045144669
.027156555
.019317951
.028470231
.020764125
.019824565
4.056978785
.030282105
.022613206
.021889223
.017754781
.016030072
.017954943
.019061333
.017614910
.017441038
4.045532359
4.047776682
.041233091
.017633658
.016621308
.021579772
.022906615
.016667765
.022700245
.019460031
.016269108
.020336802
.019817065
.018654634
4.024635864
.015217675
.026898186
.020500131
.018795422
4.045041289
.025870169
.020265221
.017137045
.018488097
.016718264
.019072791
.022001053
.016846803
.016892260
4.052453778
.021519815
.018548720
.016531894
4.038009542
.027164638
.021514649
.019589820
.020284720
.022018220
4.045726976
.025282342
.022942732
.017400368
.021028905
.016675345
.016602388
4.046696551
.030726048
.023049818
.021362359
.016518143
.015978239
.018669340
.020334175
.021737558
.023413517
.019352990
.021217154
.016544059
.019198078
.016368562
4.038576425
.022107925
.018501845
.015998572
.017419454
.017341707
4.049555012
.023109692
.022408959
.017711115
.018050148
.018004899
.019927352
.017707822
.019092664
.019070456
.021504523
.019406115
.016676056
.018253684
.020171221
.018276351
.016024030
.018529011
.021844931
.022128132
.024523575
.019623235
.018497553
.018099146
.018073480
.018619425
.018924502
.017677532
4.050338263
.026969016
.021496232
.018738798
.023659095
.019973684
4.044754689
.023634429
.021078117
.018236977
.018999916
.019806355
.017897359
4.050868459
.026083371
.022107925
.019447364
.018218519
.021539355
.018748923
.016952925
.021108699
.023565598
.021707476
4.043623926
4.049882816
.029791447
.034510542
.018051856
.019157496
4.036496056
.030340351
4.061799654
.028957968
.021491898
.021541481
.019977060
.018931377
.019411698
.018128895
.018497049
.016825422
.017441116
.018928746
.016359726
.018682752
.017941020
.017107875
4.041629538
.029353997
.021796514
.020821704
4.052070787
.024171332
.026077702
.017644115
.015511958
.018375014
.017325540
.018268392
.018170561
.022051092
.019043456
.024866899
.016586932
.016584016
.017924359
.017602950
.021817181
.018271391
.017965399
.018414305
.019981226
.020901120
