.039815603
4.036286318
.032917655
.024712377
.023511593
.026049873
.020627718
.018516032
.022795863
.022013632
4.040058886
.026999568
4.038955478
4.043853828
.027733048
.020815806
.018121729
8.060450235
.040399326
.022756426
.025268709
.020419851
.021469597
.020718307
.022428969
11.242222804
.038934858
.021025696
.023222774
.022821108
.018865743
.018512829
.024163357
.021797487
.017720498
.021538488
4.027649049
.027757437
.023561281
.035744387
.030601856
.022305372
.019177337
.021660290
.018249214
4.034601090
.035407981
4.055050920
.030757871
.022309342
.021755509
.018160307
.020494179
.022334343
.020978054
.023294301
.023642675
.020569304
.021834345
.021222888
.022491844
4.044826462
.032189339
.024155097
.021731308
.022735059
.018749271
4.051062216
.039105947
.024586587
.025822173
.023087793
.029385595
.020944539
.020993164
.018928827
.022812543
.019291786
.025207339
.018540077
.019425286
.020267080
.020581915
4.054101752
.033088154
.022792591
.019683917
.020643211
.024039426
.022119798
.019591876
.018727333
.025882015
.025599764
.024800679
.025067680
.021486844
.032848960
.023468019
.027951198
.024485481
.022931019
.017831588
4.051444960
.030636129
.018201802
.024951738
.026061491
.018311719
.020786602
.021035894
.019308014
8.059066130
.031651228
.021534738
.020584193
4.044087677
.024518919
.021614951
.021348408
.019785944
4.059543698
.027748937
.025109760
4.036900610
.037356479
.021653543
.025833559
.029977492
.023097842
.024484264
4.046146277
.035241396
.022522343
.024860395
.018227285
.019007288
.018525619
.025876608
.017626698
.021081005
.019564373
.041384058
.029610047
4.056690998
.025967452
.026768956
.020808970
.030224972
.026421914
.018904629
.017324288
.017217413
.025496243
.018245418
.019059255
.021516642
.045582969
.021936813
.025692921
.021707645
.024031077
.019378046
.021079975
.025108751
.025386128
.017047655
.020539096
.022955446
.019689924
.026684221
.020518679
.024817417
.018773751
.018314957
.022081816
.018593084
.022626861
4.040956072
.030693379
4.057071211
.024750176
4.061649105
.030783895
4.048544640
.034971014
.022619672
.017578092
.020334655
.023110509
.019572815
.018683643
4.040180416
4.045124966
.029351233
.023962357
4.060455310
4.053088252
.027126140
.020616505
.022898481
.023300026
.025971840
.018928406
.018707738
.017545353
.017362936
.022802857
.021512262
.018377070
.026389678
.021410845
.017264518
.019763081
.024724416
.019954875
.027162144
.020378962
.017329645
.019928667
4.042381282
.025566261
.024529168
.024318541
.021500642
.019863881
.021534271
4.052166819
.032261036
.019625383
.022597076
4.045405216
4.064280527
4.048678564
.031755880
.035139133
.020626934
.022962293
.027867677
.024771223
.021452807
.022912283
4.038453102
.027469468
.021381350
.021823772
.019547620
.017898057
4.050141269
.022080070
.023221209
.016916047
4.057327930
8.061187286
.031626952
.022584668
.022230539
.037839329
.025280664
.026372930
4.058871182
.026221388
.027639657
.026155304
4.048540054
4.046350774
.032681441
.020638445
4.054066066
.030017241
.040958022
.021328857
.025340416
4.054098200
.029066685
4.046368640
.023426812
.019317708
.024016029
4.041927591
.032707371
.021475785
.021136155
.019983595
.018333696
.019326669
.021144155
.023491107
.020925611
.022965517
.020507812
.022559136
4.041005338
.036749063
.021601998
.016186248
.019748387
.019611301
.017608645
.019792429
.023045437
.018567743
.020876863
.027542299
.019277504
.019865972
.018350282
.022966770
.019769970
.022801184
4.040711897
.031694908
.021219495
4.056710297
.029306500
.027192009
.023073695
.020741659
.019314845
.025345565
.022249683
.034161821
.023475809
.021901616
.027144703
.019322072
.018692396
.023091345
.021308315
.019996793
.019496951
.025345466
.044737691
.024026980
.027593394
.022736628
.025017274
.017824283
.018057097
.024984985
.021836410
.020652050
.026695886
4.049470782
.025932576
.022215840
.026202096
.024532524
.035334962
.026901459
.021215367
.025905775
.022739868
4.047876294
.035029329
.043104363
.029227467
.028475715
.024396662
.039301774
.025861072
.028761863
.021710684
.018677811
.022346864
4.044466190
.028360675
.030537307
.022562404
4.047497122
4.048247664
.030918826
.020119203
.023689220
.018322405
.023823955
.024239621
.037750587
.026483926
4.049659252
4.047115307
.029789998
4.045130098
.029699952
.024112913
.023970432
.023965021
.027884248
.021427680
.020549695
4.053642452
.021405017
.026366336
.018383815
.019841651
.036112000
4.051612001
.025540496
.024682385
.020150687
.020898603
.020535977
.018447172
.022908961
.019025357
.019702280
.020861733
.020158979
4.041528018
.032679446
.022010897
.023493980
4.037338562
4.059777671
.026319954
.018224741
.020476945
.019683243
.037053329
.029929631
.025887753
.022505008
.019652871
.018942201
.022994995
.020212225
.021956820
.020537481
4.033416032
.030518023
.024430709
.025037307
.020404453
.021242609
.018560161
.021205404
.021858956
.021252275
.019155094
.025373853
.019391359
4.049347574
.025442803
.021937573
4.036890018
.033428530
4.041970988
.028445591
.025438553
.038202492
.025004144
.026643877
.020434534
.022529964
.018122294
.019078228
.021101541
.023266423
.020166939
.018108587
.018921370
.019942297
.024946567
.024085290
.027993516
.020738082
4.051921673
.029385631
.021361675
.020923976
.023215724
.020953898
.022757275
.022058855
.038389043
.023797564
4.032722393
.028823664
.021585481
.019130008
.019745938
.024481404
.018785797
4.039923676
.025383341
.025451416
.019693483
4.036399437
.027774771
4.039926088
.030158840
.024559349
.023619954
4.048872141
.031944266
.021822285
.023045521
.023648494
.019569914
4.046505090
