.036596886
.020098219
.015504645
.021433651
.019616354
.018654832
.019884516
.021920474
.018372587
.021952724
.016904033
.019378067
.021996515
.018075885
.016552041
.018529960
.018638790
4.037217562
.029938688
.018908869
.016170549
.020126969
.019441232
.019047699
.020415547
4.043264024
.015971969
.022187761
4.038573077
4.055510110
.025803854
.021671896
.021699395
.019896890
.019442149
.016971449
.018885827
.017350858
4.043573060
.024635669
.019959764
.021043951
.024328925
.021810227
.017886430
.017402357
.022128345
.017172529
.014895074
.014741494
.019591188
4.022332529
.029996728
.017506521
.023927309
11.241724495
.032166184
.024534422
.021994181
.018762746
.020563502
.018618166
.019793600
.021501941
.023977141
.018342797
.019900015
.039220125
.026003267
.018310297
.021749311
.021002326
4.040140486
.029050515
.024031403
.017143540
.021847886
.017238391
.015988999
.017082238
.023486097
.019371482
.017087864
.018284662
.024989660
.019495464
.017168044
.022397360
.043405179
.023178834
4.050369242
.025568930
.024548331
.024251027
.022408987
.025237954
.018617722
.019344061
.017258895
.020389625
4.044991230
.031023601
.018508352
4.051890556
.031883711
.019603023
.018062733
.018938970
.020245366
.036593379
.024306274
.020352583
.020434798
.019451386
.019632233
.016824593
.021374373
.020332373
.019736825
.018421887
.020445549
.016465230
.021475089
.019083523
4.057056219
.031150194
.025368066
.020081936
.019701739
.019826166
4.054626192
.025142632
.018582608
.023683807
.022882785
4.050054619
.027214047
.022345617
.018895550
4.041912635
.030163116
.020971882
4.051548196
.029424473
.029743083
4.041962431
4.052281046
.036045836
.023001711
.016250255
.019415133
.025611752
.023414160
.022854407
.026442110
.019101400
.022834989
.016174582
.016882347
.020063393
4.035122634
.024223850
.022911370
.028873763
.027047034
.019651693
4.039868013
4.050845556
.032978673
.019699905
4.046673265
.024510997
4.054673445
4.041027008
.029374282
.022706876
.026307135
.024965621
.020916536
.020076095
.023193073
.017616728
.017950096
.016163299
.018074302
.016593581
.021698437
.020630875
.018729997
4.055374738
.028518217
.024503297
.019696269
.018424086
.021211947
.024190261
.014144006
4.050946993
.025742731
.024090806
.019291944
.020841621
.020132552
.018346588
.021655188
.018348296
.017562354
.024968871
.022000181
.018126967
.020062512
.039260000
.024065015
.028473759
.018965159
.021954016
.021239071
.018050719
.024087097
.022698333
.026064599
.019176113
.017593603
.018481335
.050403066
11.242633102
.031436907
.026208096
.025811938
.024271093
.024605920
.022439006
.023178782
4.042559371
.028329011
4.041824345
4.057126744
.025756564
.017961804
.031020351
.027393853
.023689682
.020886167
.021472963
.023402826
.026334893
.017906513
4.037168590
.026751844
.030731953
.028444686
.018893258
4.059628799
.026239303
4.041410971
.035177475
.022838031
.019853043
.025887316
.023603259
.017472645
.020071894
.025000162
.023274400
.020126398
.019467303
.021889748
.020948672
.020722737
4.051463148
.025464615
.021489257
4.048683967
.029951640
.020434006
.022488045
.025167176
.018777415
.017251044
.017596946
.020537306
.020526847
.019816665
.023486291
.020803952
.018251998
.019949884
.021273673
.020111719
.019524023
.021194739
4.045082945
.024462923
.029791607
.023108951
.018552000
.023074534
.021118699
4.045241817
.023363279
.025825645
.019302402
.022895455
.021433651
.017168986
.020990618
.018948659
.018668748
.020312507
.021290737
.019601813
.019738018
.018269548
.013553101
.016881201
.018782038
.020729581
.021511191
.017683310
.019548480
.020287673
.019550398
.021559148
.019677520
.019409900
.019138489
.015481854
.016606331
.016042634
.017127363
4.047752058
.029695526
.019569646
.017407857
.019679061
.016255922
.016215672
.034416681
.025093577
.018589167
.019064073
.017300984
4.042543497
.025584067
.019261487
.019347610
.020836371
.019667062
4.038775406
.029892771
.020296298
.020872454
.016848118
.015658809
.015917096
4.035312101
.023891810
.021330236
.020185259
.019078406
.020457004
.020155468
.033523759
.021377706
.026970736
.018663365
.016467273
.019618649
.018436721
.017920221
.020140525
4.054043495
.030030811
.026957539
.020335756
4.044417376
.027577443
.021306695
.018591833
.026984581
.016758203
8.059088769
4.055311031
.028981207
.019311068
.021921849
.021793102
.023141617
.021109408
.016833577
.016025552
.022505962
.019041449
.018430878
.018373587
.022495421
.019907224
.022640751
.016415419
.017094905
.018289131
.021485274
.020506503
.017446981
.018789370
4.044861200
.025617983
.020459796
.017347108
.018456544
4.043382022
.022595086
4.033689509
.025738355
.021908933
.016605873
4.047134696
.030504009
4.056731669
.032023979
.018906952
.017660727
.020731290
.034049771
.034586760
.025327405
4.049118531
.023140491
.021180572
.016346045
.020425255
.018793912
.019456857
.022221968
.017318608
.016468084
.018507543
.019392733
.020321298
.022769332
.020840496
.017820266
.018744539
.022840748
8.068404289
.032163767
.020034554
.020718748
.019174613
.021944724
.018141259
.019036533
.018681164
.018127717
.018626540
.022264134
.026213138
.021329945
.023699855
.021256821
.021833393
4.031191726
.020090053
.019895724
.019894431
.018513293
.015810264
.017579145
.017256151
.017092364
.020522710
.021505941
.017660518
4.046446169
.028262930
.020682957
.018936493
.023357445
4.041780673
.031628815
.025519655
.019205146
.024894394
.019065336
.020517415
.017096526
.021400624
.017830234
.045575359
.023249076
.017503587
.023255535
.017349316
.019003999
.019872700
.017716615
.018237228
.019148060
.019400011
.017288224
