.889977838
.895466658
.902166877
.896459926
.887250905
.902936893
.884947660
.920377598
.901569912
.901995649
.905379469
.878212568
.891976355
.874225726
.876714514
.903552088
.896364924
.877704613
.878251543
.894221674
.883226292
.929115063
.887623093
.890098299
.914924249
.867589937
.885658550
.882492618
.927923878
.900371274
.890068682
.894131745
.905256791
.899537517
.888554599
.890233461
.906171188
.883175373
.867702887
.882858463
.891524155
.869989565
.909141258
.894540123
.894839497
.847866690
.889883372
.904341848
.890387387
.894130428
.911407794
.903833742
4.896991886
.900895738
.880152500
.889757696
.899120422
.890132335
4.912610536
.909819105
.899755649
.878933006
.908530650
.875064743
.892367405
.885972042
.898333042
.893146285
.895566519
.863558524
.881061143
.887981124
.907446146
.920823885
.875537374
.898546750
.921649644
.889241368
.882634442
.870517591
.892106236
.883550954
.908122506
.900102179
.889338696
4.894103209
.898331558
.909412413
.886182998
.878602260
.916106030
.891020466
.882046022
.899056733
.891814550
.899190193
.895521059
.905003799
.905710846
.898787795
.880926930
.904123649
.904955129
.895579484
.888120016
.878229305
.858253578
.893818601
.913236539
.900594291
.912648463
.880146575
.875660402
.862448308
.883270088
.926822485
.882230514
.889646324
.877758946
.893595992
.891830179
.890629567
.882053079
.884587249
.910193371
.881247271
.892829685
.891951813
.896815678
.881925014
.892351645
.887609999
.874494498
.892027160
.876887203
.903004608
.887715788
.877182680
.891566372
.887653803
.890553518
.897668779
.899903024
.871958007
.878892905
.874752311
.894565258
.880420593
.906629918
.874768898
.874721111
.894432271
.908753300
.883534950
.870243347
4.870434853
.904663558
.888494909
.886919107
.888910082
.884930832
.902640359
.893233411
.898989945
.898523271
.885762162
.888627193
.904945065
.894035180
.886543074
.893625232
.883875009
.888985411
.866661605
.894391488
.899344731
.919536327
.895174563
.865745584
.906547323
.894056925
.919796801
.860440597
.889298351
.888862102
.898232254
.867436671
.888861137
.895002210
.902298362
.902684708
.859764487
.917142852
.891619606
.879401329
.888885271
.887276947
.895982296
.900707678
.854490805
.889485436
.902092213
.865003560
.889692728
.892611100
.901666560
.872794831
.878666544
.915684551
.888262932
.893445882
.871474295
.888589308
.871694520
.910980518
.887073133
.900388005
.879585753
.878235372
.907231766
.877199170
.878424612
.904409741
.905628849
.884007924
.873576712
.903371027
.881182987
.912213085
4.903367504
.873556748
.896939764
.891655485
.874275192
.892929551
.896983663
.884629879
.898756425
.878796896
.887787511
.873379564
.902216322
.898493929
.884871196
.898573426
.891132436
.873562384
.883150453
.904650565
.859469284
.863620778
.883778690
.874634475
.908660554
.881105710
.890383357
.908713469
.886111689
.880312528
.887749981
.872368908
.899710429
.895272639
.882641405
.883424331
.910819385
.891020342
.891447821
.899533911
.899050249
.892688276
.866681878
.893850601
.890943721
.905796280
.896075904
.889134210
.885335767
.905324392
.878783723
.899022568
.886394474
.901099817
.888551213
.873616691
.886747984
.868140128
.888699909
.901696988
.861227252
.894440359
.886351361
.883327759
.878338593
.890359609
.903121422
.894651221
.887650682
.897820133
.866574819
.880397395
.902914832
.884380159
.872997038
.874552977
.873144163
.886040316
.887793824
.892519329
.879998836
.881101413
.895686445
.874345412
.891041266
.903782628
.875084995
.891567940
.892366067
.886775677
.885016872
.904570770
.897627477
.877662745
.881649521
.918070609
.892273915
.892468519
.902374624
.910046617
.884467655
4.884486245
4.897956844
.884094964
.922131451
.882500992
.889006029
.883660399
.908813857
.902400300
.913464373
.907957826
.907956261
.862955394
.903839393
.917439695
.852620307
.903024773
.887320716
.916989819
.871578211
.890189759
.872697139
.886071384
.894909783
.885561006
.871687425
.868530589
.886711612
.906037243
.889977576
.888063142
.879131637
.897187694
.889489509
.909700525
.908884614
.854729275
.875400651
.888618761
.886620488
.870006783
.879364335
.897389307
.892396442
.892293737
.890969251
.891040889
.893901730
.892875601
.884225721
.876591297
.891500097
.875265409
.916979961
.886536701
.897134306
.910549793
.905792498
.907537849
.883209372
.887500824
.896929393
.889238804
.902639124
.896633465
.903392562
.881270366
.878632190
.867523909
.900286296
.882077019
.901292138
.903428304
.908710004
.872432689
.915229283
.873756975
.897373577
4.890883882
.912702541
.885782874
.883230442
.891998747
.878229866
.906233410
.884656021
.859555528
.888104633
.879050342
.870217514
.849894647
.872920654
.858506806
.889361517
.883348058
.867250815
.890907254
.890476581
.880044635
.876184040
.894723655
4.888214627
.921087237
.884123658
.876133584
.892634198
.874944959
.876609699
.899600748
.909670701
.922155567
.896432890
.907113654
.900488704
.902004539
.886378839
.886909175
.887583967
.895179866
.870145416
.884208162
.891797133
.895879042
.873179127
.898548435
4.874996651
.907681027
.901761256
.895960869
.875820551
.904965468
.903510895
.886096264
.907477424
.888062552
.906015474
.880555195
.887328062
.881926209
.883650370
.876574017
.879172728
.886709887
4.894286960
.887312414
.895989074
.857178851
.889633983
.891077571
.879345398
.865518311
.873647043
.889669776
.865427077
.900874475
.901475232
.876327411
.899860666
.899245577
.882120109
.878623571
.864189333
.911431721
.884579468
.885715702
.894921328
.912301380
.886942464
.880448614
.881727882
.872445620
.887678235
.886779218
.915973943
.897428871
.888712477
.896390370
.893848551
.909367186
.868067834
.903849048
.897414522
.900567320
.889796791
.890603701
.896495675
.878830341
.906345004
.900076219
.898955191
.919180461
.895743641
.885042433
.892650116
.872252314
.896846496
.884323015
.896720111
.907525026
.889620558
.893217037
.885476969
.884062933
.905011210
.885278831
.911172547
.893118098
.889500457
.865387572
.879677226
.919658859
.898545368
.892885841
.879103873
.883075510
.900986994
.886160462
.876607766
.894595881
.875300895
4.903313372
.873213522
.873828455
.883483849
4.870161426
.886486495
.900900938
.876265967
.896741395
.889978679
