.056966048
.035026351
.036096480
.038926533
.038151322
.036650649
.037704695
.038217447
.036670054
.038219934
.036998388
.040154691
.037227056
.036606887
.036363835
.036716253
.039794263
.039296804
.036230626
.037721965
.036308043
.037747708
.034762906
.035111866
.038282418
.038541627
.036894913
.036952247
.035752029
.035154028
.036406031
.038859831
.036787366
.067617214
.037206447
.038197658
.036564612
.038886411
.037747074
.038338034
.037064821
.036937026
.039163033
.040007869
.037088986
.034709103
.037257736
.039050905
.035472270
.038724863
.039123072
.035905271
.037790402
.039881825
.036456688
.036080812
.036702147
.037149815
.037812484
.036969898
.036955439
.037919983
.037749024
.037584357
.037568648
.036900688
.038803777
.035787476
.069878072
.047395175
.040152196
.040782115
.039697528
.039098068
.037368396
.037227479
.091600589
.040193112
.037547022
.039759652
.060241626
.037429896
.039381360
.038857817
.035232889
.040146570
.039311734
.036857769
.037555729
.039830444
.039905944
.037323895
.038210148
.038659023
.036939227
.038612398
.037879563
.038673732
.038482356
.038984024
.037972064
.040264611
.036601643
.035593389
.037688562
.039664484
.037067352
.037640521
.042013240
.039230150
.037487686
.039570817
.037997355
.038197564
.037039227
.039939151
.052751978
.041221905
.039971443
.041760240
.040967529
.088409327
.038799814
.036016849
.041097030
.039925193
.040217069
.039865151
.038595647
.034735637
.039255607
.037860562
.037771646
.037019185
.039759068
.039124899
.039835109
.038512522
.039234483
.038254146
.035656431
.035828849
.050194596
.038774190
.038911565
.038063687
.041649781
.039637692
.037965229
.037845854
.038555647
.033925843
.039726317
.040442069
.038260313
.034428762
.037567937
.038966898
.038495022
.036441683
.040234236
.037245102
.040042777
.038075646
.038242105
.039376566
.037850479
.040213693
.039236483
.035921723
.036899393
.036125474
.038121396
.038140022
.039203191
.037285769
.039045648
.038681772
.040009485
.036374975
.037394853
.039099816
.036682267
.037914312
.038425147
.037559728
.040750070
.034762721
.038174479
.040550069
.038747398
.034910346
.035941724
.038593023
.037492686
.036477892
.038125563
.037084685
.036285266
.035144763
.038155188
.037459519
.037003602
.036012348
.037012184
.036969935
.037189519
.036555558
.041213655
.035370430
.036989019
.037062893
.039304775
.035405763
.037315519
.035610222
.036873184
.035285555
.037662770
.037372561
.037697520
.035947390
.034201885
.038890440
.035044055
.035685639
.038474148
.038568897
.037172352
.038453563
.037459686
.036550934
.037009685
.038032896
.037153018
.036245557
.038791898
.037227685
.036847726
.036305016
.039541650
.036565683
.036526392
.036265308
.037373227
.036660642
.035762848
.037644728
.049074968
.039387358
.035894098
.036069516
.038859107
.036336474
.036530100
.034976680
.036831184
.036428975
.037054935
.037662936
.036024890
.037198060
.039450191
.034881971
.040507778
.037760687
.035091638
.038011229
.035751140
.037737603
.035216180
.037525311
.038958481
.041242321
.037993604
.036567641
.038998857
.037087019
.038315230
.035928890
.037975187
.040944612
.037616103
.036802601
.037774104
.036049641
.036596933
.032747923
.040202902
.034184094
.035437264
.038076771
.036074641
.035386180
.037089269
.039154399
.035179679
.036874601
.037008643
.036213724
.037678353
.039804609
.037191435
.036523808
.037040018
.038196021
.039192690
.037771645
.038035354
.037575895
.039094649
.036744517
.037432352
.037251644
.038019979
.036851351
.035863265
.038977565
.038999481
.037699103
.039032399
.036476475
.038223397
.037689520
.039036565
.039130316
.037027518
.037394228
.038135979
.036436474
.037253977
.038280688
.036518392
.036608392
.037369311
.038802898
.037045268
.037436186
.037775478
.038678231
.035693765
.049402635
.037906562
.036056932
.036793517
.035588889
.039590025
.039171941
.037826645
.036981602
.036397350
.036310225
.036900143
.038301896
.038168230
.035549014
.035409555
.034764137
.038315688
.038771273
.038059146
.036972976
.036910517
.035425514
.037829145
.036088474
.035076471
.036873726
.040297652
.038410606
.038196521
.038521314
.039348358
.035581639
.038474439
.038474314
.037374852
.038086937
.036926976
.040464611
.051942267
.036903434
.034857137
.038564564
.035763306
.037932145
.039827068
.038719481
.038348188
.035685139
.039160222
.039034013
.039810058
.036379626
.036577960
.035630581
.034959286
.037497115
.038825913
.036087359
.036473070
.038005326
.036590528
.036482644
.038208357
.036366766
.039136568
.039547320
.036439850
.033486464
.036577008
.040393398
.049811349
.036866010
.033600706
.039040100
.038682350
.037593755
.036495627
.037708714
.042225105
.036412959
.036220793
.036358663
.034970867
.036649206
.038689296
.039184589
.035940495
.037037707
.036536535
.037660038
.040505590
.039212210
.038455000
.037927832
.037790328
.038710956
.036078739
.035529780
.036153614
.035134028
.037694745
.036274863
.042532758
.039269123
.040535126
.037482283
.037761326
.038568787
.039236912
.036742737
.037402240
.037253240
.039749539
.037019364
.038620409
.034378979
.038400534
.036877404
.037044780
.035459232
.036705695
.037540155
.037725489
.036182443
.036733319
.037549280
.036263901
.036671194
.036746401
.038013864
.036506359
.035357189
.037850405
.036175816
.036749985
.034523811
.037428737
.036380608
.037697112
.037443612
.036344567
.038046572
.039189950
.037322361
.038154114
.036574151
.037719571
.036586692
.036482817
.030243256
.038918740
.037204819
.036761984
.037057735
.037169944
.036159066
.037446486
.038747990
