.055489515
.021545596
.012981875
.013612301
.012225029
.011950025
.038391574
.012866332
.014176686
.012812955
.014945281
.011640104
.024305015
.019114723
.015736752
.013241921
.012896832
.020701041
.011549810
.013509466
.013380423
.013398506
.014792487
.012416324
.015637584
.011889983
.026844264
.014084184
.012311739
.019258434
.014704027
.012340114
.024785314
.034429802
.018147208
.012875790
.013491008
.011487725
.012396865
.013044834
.013618260
.023528794
.013233712
.023076786
.015388664
.013060376
4.028950749
.014829531
.013866429
.013711376
.028716859
.026648572
.013369495
.013035197
.015755455
.013591541
.014448342
.013354614
.015458818
.013578035
.013218903
.023745632
.027546909
.011502789
4.038617152
.016018519
.019923501
.034632956
.017653088
.013546852
.012298207
11.232678317
.012474413
.024011104
.013691100
.012417538
.013647766
4.045262487
.018805892
.021604439
.037441741
.024647905
.027371783
.023771766
.034047685
.017425036
.020654090
.021318934
.017798376
.020029288
.015565339
.019279859
.045541749
.020377377
.021122264
.014923412
.027446868
.013825603
.033911433
.021158848
.024506653
.031178013
.020730924
.012739210
.025155038
.013251884
.025491002
.019871535
.024166065
.013370678
.013015506
.013964688
.012706292
.024426777
.027320241
.019019229
.024597904
.012947797
.035430625
.015778760
.016329560
.013848603
.027287699
.014226901
.013677517
.017352910
.014296777
.012558874
.011907571
.016338727
.019979329
.027080779
.015433629
.021626189
.027295407
.018753600
.020777800
.018712558
.016787777
.013317844
.018414678
.017494455
.014171358
.014119857
.017597581
.017540955
.016356269
.019797076
.013392387
.011919071
.015306710
.012189076
.012343911
.014357736
.017893252
.014061481
.016339811
.012604415
.012755418
.050169992
.018398344
.024610738
.014721742
.014861786
.014602699
.013424179
.012276410
.013642224
.013218009
.013853436
.021731690
.025342916
.024699031
.012692834
.025743174
.027020736
.017947378
.013140383
.014938996
.014408279
.017054697
.017055531
.046805728
.017523580
.011916196
.029012185
.012831670
4.040817976
.015539505
.014742951
.013562348
.027219573
.012486956
.014565531
.013268468
.019869201
.015769051
.014168817
.016158182
.013423095
.064716023
11.234515738
.013767435
.015392379
.013109757
.017234450
.012768501
.026163138
.015332544
.013315220
.015426504
.032301906
.012909129
.012832836
.015650508
.013896859
.014575537
.013375685
4.032405273
.013506158
.013736370
.014413508
.023502170
.013095484
.013826701
.012823851
.030178282
.024263428
.027411566
.022436062
.024943023
.029803227
.076856922
.013808824
.014081828
.021937465
.020509691
.015673897
.015685479
.029265130
.023934664
.013063393
.012342046
.019591589
.023510781
.013278478
.013121434
.022456344
.025192891
.030936990
.028157609
.013263270
.012844470
.013624108
.019760254
.012501589
.024588837
.013875529
.012831511
.012979429
.012562256
.012465504
.022306880
.014334286
.025046135
.013190725
.020668268
.030302681
.012555839
.014649165
.012236208
.024029492
.025400473
.016579322
.013112181
.021858829
.103372961
.023641693
.013088472
.013828734
.026089775
.013448520
.026262362
.015365218
.017553839
.022035873
.012756383
.022005748
.020890936
.016690407
.018879861
.017045664
.014019404
.013858151
.029429040
.013021345
.024330786
.014831626
.024533998
.013091013
.012215457
.011704114
.029256786
.013224765
.025155799
.020481430
.024576832
.012215040
.014079905
.017541379
.018450895
.012539170
.014130655
.026956330
.017352834
.022192708
.014773374
.021691449
.017994845
.024528538
.016492779
.014053070
.022381461
.014040987
.014270949
.014035070
.018239682
.026814536
.014641539
.016678198
.012623296
.021493863
.019840126
.012813716
.018869902
.021975912
.020852185
.015520762
.013693481
.026057522
.014342742
.015186714
.031501573
.013424935
.015815142
.024719583
.016161022
.017704257
.012908135
.019589580
.013597271
.012859050
.016744407
.014132071
.016110396
.025166965
.028011347
.019549454
.023000138
.014647080
.015675222
.022587714
.024515580
4.033794024
.012892217
.012514836
.020922769
.013803066
.013376850
.019002821
.034446289
.012743465
.012624755
.025564473
.025012171
.024583622
.012536586
.012819924
.013031720
.024243908
.033817111
.012345000
.013228765
.012907426
.013849775
.027303585
.013610021
.013621229
.019923960
.012618296
.014691123
.032938014
.012039327
.022534880
.026242192
.012311541
.013076221
4.035071877
.012857383
.012541211
.015135839
4.033761147
.013168097
.011281482
.012460002
.011423109
.013474685
.013415393
.011783448
.011620071
.014037070
.016695240
.028170141
.026876787
.013298640
.027389878
.022726174
.012391459
.013146388
.025829186
.022117790
.015063295
.013507769
.011490652
.011621988
.028285976
.013873150
.012644005
.012273540
.012836549
.012659505
.012659797
4.025801429
.013662731
.030272468
.027171458
.012661255
.012001327
.013976152
.024930461
.017194249
.012045245
.019029612
.028171735
.028529033
.013537151
.026360453
.017208684
.023689190
.013513650
.030288365
.011890033
.013333052
.023538544
.023582545
.026849733
.021833677
.023713089
.025369371
.012516696
.012476653
.020293094
.024875681
.011420217
.021549700
.021324696
.016193385
.023181805
.013206370
.024459537
.018447508
.011561756
.026155361
.012180222
.019909363
.012046761
.012491019
.030253884
.021898441
.012950986
.017266273
.013068235
.023602424
.027626538
.012103426
.011752170
.023021205
.025104327
.023531960
.013422572
.026083714
.021918306
.013324612
.013773911
.011425328
.011343950
.012673557
.013695492
4.024234916
.013080810
