.492918768
.481084524
.506181106
.502870913
.478212686
.479108454
.466422484
.480704690
.475179171
.489736796
4.478038329
.490657647
.495905664
.490408102
.488048160
.500830846
.461744323
.462424622
.475814981
.468012559
.482051176
.488546750
.501065432
.467975893
.486513102
.495895791
.496995053
.446085855
.472193357
.488884212
.449301599
.539993495
.503843921
.496406546
.484187367
.468691526
.450765241
.502034610
.472130815
.475438144
.501457311
.490190226
.489996141
.500395925
.515735847
.508721768
.501984025
.485249129
.461727281
.505738193
.464095849
.481303626
.506810371
.475397893
.486823105
.489269633
.479391775
.466535374
.515121295
.493229778
.500025183
.486837605
.492120181
.507556158
.480571954
.473126340
.498386214
.527659505
.466063240
.537905670
.461652072
.461486405
.486553644
.474054631
.506014907
.526873391
.437753603
.495418665
.490192815
.487368284
.489639435
.488897593
.483512409
.479879326
.504783522
.514918385
.479344070
.482118560
.511283844
.496031382
.508140726
.494053484
.470933143
.479641741
.485710392
.491014701
.499026915
.478416894
.483250239
.519171849
.478827731
.485981395
.490045232
.476055450
.479723283
.513398452
.470907726
.508861692
.509874995
.493563896
.476142952
.512027394
.489802854
.505850117
.489506975
.494875078
.479552531
.492559427
.466858223
.471243772
.496900392
.481478636
.492526717
.483908955
.492243589
.494565658
.488625318
.455337591
.483763383
.490892228
.497752681
.508819859
.512484566
.486132565
.484769633
.478708858
.492121881
.493419271
.469169085
.473425216
.500406807
.501940367
.483215068
.485334072
.497480601
.523284430
.493290898
.520371257
.499573886
.493165453
.496783754
.495593128
.483588922
.500774368
.481236116
.468496313
.506187187
.495562989
.467378656
.470957789
.462214627
.476773198
.497406159
.506022893
.460054039
.506929890
.509315720
.481113758
.503805096
.482642997
.464926681
.506351468
.486320252
.496820911
.492982663
.500759915
.467746890
.483345894
.496431662
.496708832
.495426401
.493892010
.470328129
.475621728
.467812893
.490547432
.499563156
.489157292
.472661946
.473244411
.488656829
.501036589
.471545476
.495754948
.454800960
.489004292
.489520546
.498555353
.500494041
.487384482
.472434319
.495025023
.478254132
.498376226
.498901191
.482120924
.461990622
.494422475
.498243684
.502562939
.496751001
.478247799
.468425609
.478506010
.476880909
.482158217
.490018260
.497581010
.460295353
4.481392998
.479662606
.463964793
.479477560
.499204484
.503349133
.490939021
.471350152
.481162342
.471950529
.490758839
.493962513
.466400190
.486286828
.497154246
.465497748
.485781347
.481378680
.482357859
.486451905
.496541599
.508266270
.486783081
.490091409
.480008843
.479681757
.473922903
.506541547
.495392761
.501617620
.462872202
.487770512
.480433350
.480622602
.479166170
.470133739
.468548056
.487108339
.486715627
.496571233
.497066613
.518806181
.485422696
.484178099
.488517479
.487528385
.499049759
.497025487
.486957129
.509980127
.490796587
.473684195
.489015985
.498903633
.460479010
.489178778
.476400973
.491056881
.497006070
.487177465
.489506198
.472866602
.497568743
.487784721
.505152242
.472270012
.474389535
.492935444
.506544382
.494887922
.500984822
.466968913
.483318132
.465980311
.476368617
.477134182
.495934545
.486174892
4.509156555
.432431569
.473530215
.469959094
.482809440
.480924745
4.486729291
.496352632
.513538927
.476891025
.483380815
.503783664
.462133365
.488330899
.496037154
.485164546
.495391949
.484637046
.453372762
.486287693
.475425205
.496838307
.491075872
.483121040
.476937350
.483945549
.473354937
.486526451
.482031155
.491970551
.460900350
.494186908
.503687424
.444900556
.509936699
.486458160
.472574722
.523872054
.500163013
.490111324
.480829185
.498806040
.470684036
.495500963
.503735509
.476383388
.492679309
.518569039
.467316834
.500290389
.498043741
4.476731022
.517750407
.479129250
.516198349
.501213608
.502440411
.471328502
.503721467
.475349211
.481220897
.476489514
.481037728
.473553442
.497075438
.482700912
.482605739
.472216838
.487473790
.466939033
.479358574
.481146061
.499340786
.482808123
.482096858
.463390900
.505486389
.477991577
.498136293
.485878675
.464845924
.473804773
.486596451
.484666392
.484081471
.487220672
.494837669
.483471469
.464742652
.487166510
.508399147
.499298469
.526860631
.468039687
.469671497
.455509225
.476597861
.499551224
.501467202
.464702071
.484427400
.498004291
.513575744
.475917146
.514754715
4.498601544
.501712455
.498536213
.513604911
.496937530
.478766967
.480866114
.496683236
.504280856
.484043938
.495703184
4.502665419
.482236961
.502777299
.507910728
.505774997
.516820028
.467765811
.496996073
.500985698
.488588611
.512119062
.495075124
.471971848
.496570434
.492085092
.516259025
.496229264
.487913722
.468523356
.496360167
.492536657
.485203729
.469613584
.469730968
.469583682
.494772486
.491451334
.490715456
.485243654
.491500137
.496836610
.479787312
.494541589
.483080890
.503051762
.479449062
.481987630
.503418308
.468526119
.492426613
.491260101
.499288142
.504189692
.459059356
.466771810
.472187823
.477712214
.486283592
.474732599
.459809322
.481061998
.499710521
.497800502
.492227820
.505188952
.494200174
.446951524
.475317064
.487182727
.491359312
.505287995
.480587576
.466619392
.501851002
.496029025
.486076716
.484902287
.500127484
.472732371
.507550935
4.477165195
.502236923
.494363425
.491421645
.505874126
.505300412
.497254663
.507719112
.485029771
.488255747
.461526787
.484486593
.477670179
.501955154
.511132035
.502599018
.491603643
