.031407393
.007426557
.014453721
.014442929
.014689232
.014727525
.015408391
.014077953
.014737067
.016307933
.014579852
.013718436
.010255649
.013387378
.012467418
.013145492
.014382800
.015298843
.013059071
.016610529
.012140736
.010993391
.015050373
.014881323
.013160492
.015248923
.015721237
.014352297
.012219948
.013544801
.014182457
.013954404
.014586308
.012838268
.011471704
.013204868
.012985692
.015141042
.016707741
.013608595
.013697892
.014281919
.013135739
.014596392
.012821683
.015605397
.013158324
.015156084
.015276673
.014202289
.013227202
.014775733
.013910150
.014262542
.015011410
.014438133
.013039359
.012909937
.015309049
.013437003
.012439957
.016171673
.014661351
.014122743
.014553555
.015005076
.013815270
.014853818
.015821072
.014946489
.013058693
.015525266
.013857271
.013245535
.013790686
.015073370
.013568549
.011984267
.015723567
.014380421
.014071698
.010404027
.014401255
.014596889
.013205115
.014671142
.013341788
.013056233
.014864901
.014744604
.012032560
.012349159
.014152076
.013274951
.015553808
.014280665
.015442928
.014113074
.013977859
.015534640
.014916653
.015495346
.014146825
.006797608
.016690151
.015067367
.013363747
.015764483
.013428875
.013260408
.014120406
.013730889
.011959056
.012408202
.013628425
.013568422
.014002110
.015248042
.015581641
.013988649
.015721522
.014462714
.013473460
.014104905
.015174787
.011223021
.011577204
.015135911
.014728267
.013585381
.016392594
.015045865
.015814942
.013092650
.014428669
.015053282
.012393658
.011091348
.012882806
.013080981
.017617151
.016588311
.014160073
.012843678
.015873944
.013351411
.012865763
.014296830
.014258619
.013965605
.016539308
.013574462
.012421283
.013682676
.013853558
.014259994
.012801884
.013951522
.014626844
.013831932
.010999593
.011452697
.014016315
.015454799
.012882680
.011623829
.015573054
.012744840
.012349863
.013697842
.014691180
.013332867
.012999727
.013478207
.013455372
.011636872
.015074947
.015471007
.013178692
.015109657
.014730848
.014037982
.013753344
.013670882
.011860465
.012487493
.013783678
.013469789
.013029935
.012632626
.013427287
.013411953
.015282748
.014530296
.013103313
.012273358
.014058857
.015297498
.015511591
.013597086
.014491752
.012454158
.013388035
.013991562
.014020397
.018175047
.013647588
.015186950
.017797279
.012838967
.014269325
.011387108
.016015864
.013563751
.015367875
.015091695
.012200146
.012791548
.015886482
.013521373
.013847597
.015190616
.014383329
.012403571
.008818448
.014963023
.014857476
.016607724
.015681305
.016378421
.011408193
.012977014
.013959101
.013447953
.015565676
.015008274
.014083481
.012409404
.016374088
.012898260
.013770509
.014263865
.015352457
.014065022
.015615468
.014665508
.014508459
.013389407
.012930137
.014019353
.014022270
.014368245
.014559836
.015045192
.015087444
.013308904
.014085481
.013824010
.013468453
.014632881
.012192228
.013204107
.013480120
.015046900
.012561202
.010594403
.013344571
.015191698
.012759045
.012903260
.013860845
.014179401
.012909968
.014110439
.013468660
.013041724
.014924560
.013824468
.014313532
.013506662
.015518254
.015775391
.013203439
.013999226
.013140728
.013812133
.013743464
.014150357
.015795183
.013912388
.015905980
.014798471
.012135931
.012339608
.013357571
.014380034
.012864591
.013992517
.013413532
.012270271
.011817750
.013899512
.015873353
.015555922
.015082858
.014721008
.012660913
.014609295
.013341903
.014969728
.013605124
.015034856
.010082004
.014011808
.011637658
.014990937
.016091196
.013784381
.012431528
.012148306
.013475909
.013123226
.015329535
.014771718
.015987691
.012892049
.013920888
.012760168
.014690840
.013685293
.013677084
.011473234
.013394030
.013304859
.014397659
.012912966
.012546115
.015238322
.012560658
.014783843
.012668705
.013306025
.016309704
.015895519
.013683251
.014062685
.014831053
.014399659
.013187394
.015207362
.014096061
.013375445
.014728132
.014720464
.016032316
.012905090
.015231738
.013552036
.013667084
.014774342
.016387166
.015959688
.014039808
.014006098
.012364190
.012593992
.013599163
.014512497
.014416991
.015037479
.013114474
.011346977
.012736165
.013902093
.008353923
.016225700
.014402616
.014386823
.013593787
.014105936
.012570365
.013947720
.015282948
.013407487
.014981392
.015870350
.013263605
.015650214
.012691913
.013674423
.013732920
.013225906
.015535113
.013473434
.013650549
.014409258
.013427478
.013318859
.015526031
.013929326
.011965683
.015691188
.014884816
.013851288
.012816303
.012896590
.014632079
.012607773
.015747727
.012611564
.013853205
.012958628
.014749156
.015177924
.013350232
.016157329
.013939658
.012626396
.013787249
.008374127
.013034458
.013537055
.015959381
.013746710
.012930338
.015704854
.013956990
.012925963
.013572594
.014153105
.015710978
.013568012
.014599247
.013231904
.012503486
.014056776
.015067763
.015543737
.013908909
.011861854
.011154434
.012560524
.011258678
.012712558
.014674534
.013748001
.015430826
.014597247
.012547775
.013283943
.013137409
.014915979
.013974197
.015102510
.014997308
.013211864
.013099869
.014958852
.014547707
.013331732
.013769875
.013515805
.015287625
.012898921
.015418493
.016739087
.012495569
.015095385
.013635340
.012626603
.014141521
.016432271
.013852203
.014238515
.013776457
.011709153
.013238903
.015086052
.014078274
.015595066
.013456891
.016252155
.015017805
.013028498
.014782651
.013455308
.013069620
.013090785
.015064220
.015937255
.012574230
.013793123
.013063995
.014785902
.014626036
.014850481
.016196824
.012767428
.009425861
.015290373
