.498312605
.450502783
.502200539
.452744276
.473279874
.483465747
.482864307
.451231639
.470739731
.434434557
.480835805
.495047018
.488687614
.464008978
.486571378
.486568368
.452387571
.492943122
.469660443
.474917388
.476823136
.481878911
.450904065
.481971035
.477181514
.451376574
.472407324
.463698384
.474261781
.457073780
.465857347
.474782334
.469771016
.495414533
.476930588
.467889807
.469187919
.493022773
.469322214
.462790529
.472278528
.467247043
.471027417
.454930857
.472261195
.467726679
.479751442
.471394175
.504885240
.473583598
.443699279
.491259109
.454121215
.453040941
.465187873
.456103632
.493777331
.465573965
.442492836
.448611511
.470825704
.483329478
.475998442
.472371488
.462007737
.478389835
.481317781
.456366790
.485167618
.478112180
.451571991
.474273055
.483165120
.480728651
.457959101
.454261841
.472957661
.478071182
.458297168
.484289215
.484790641
.452819994
.475887804
.487788721
.472883645
.469180085
.482154920
.471528626
.462673540
.461198458
.466693954
.471411561
.485077958
.489393306
.483965304
.477887870
.471191547
.466758028
.462667808
.442723305
.464440598
.480997813
.460574383
.482856106
.486737237
.482513973
.487904847
.457735192
.441353064
.473304802
.471120126
.448349225
.492457743
.474462369
.457615480
.443637491
.478812720
.473179006
.462919853
.475404017
.459369479
.476072240
.464081130
.446437056
.472627578
.479709658
.457155595
.434809288
.465383202
.478272832
.498883225
.468323478
.491999399
.492447368
.493026007
.461490112
.492920963
.455812307
.475255830
.455075375
.466810757
.451315639
.468308785
.470434119
.474966744
.484743681
.460741870
.462320592
.451708528
.467144483
.451071097
.458292114
.479031439
.483148703
.473226478
.463358260
.430992780
.478679509
.478843456
.480906666
.488682473
.487993533
.472567861
.479595276
.469914496
.477749601
.475596339
.493488731
.459624949
.445057178
.467291007
.467334467
.463695295
.494428081
.467981148
.440379979
.462944984
.475226032
.469880902
.467289464
.458358789
.453305666
.469747357
.463373411
.454290357
.482183367
.481809858
.451254075
.483745947
.468358573
.463262200
.495346895
.428410437
.451240199
.462221549
.455282006
.507402770
.452071011
.483248851
.449768997
.490882870
.447554110
.479777892
.482703380
.462813314
.468343822
.483124931
.470785340
.487527038
.469830150
.483527130
.490493001
.461392483
.445778905
.441122011
.475383030
.450742811
.477164043
.459887822
.433554367
.465037771
.479310604
.512626254
.461701783
.466148154
.470925051
.445956880
.456676421
.473225907
.491181965
.446063586
.486151761
.469992843
.477135143
.467034630
.462614679
.490228960
.473229942
.487874562
.462221075
.466870983
.472275119
.470173648
.487883805
.447636117
.465364816
.439434699
.462169484
.464254413
.478479565
.460486066
.472633416
.469439002
.451248165
.479369004
.465638072
.458482931
.455165514
.455062845
.491248805
.483011263
.485408156
.449363075
.475422861
.451160287
.460314728
.459168116
.451305791
.458734313
.471040834
.469449127
.446419709
.479253917
.474199872
.468989698
.489605764
.474959267
.479163206
.466114333
.476563557
.472856672
.457875250
.490320115
.460088224
.527823246
.456960269
.476134801
.477687215
.463814085
.485315674
.448058225
.473259975
.455017725
.471617811
.439341973
.470492883
.491133931
.460975164
.455540089
.473237324
.453930869
.456942346
.460935846
.445468418
.466810223
.469119778
.489692775
.465215120
.444478314
.467584340
.466195842
.477208674
.464632714
.471388474
.457582357
.457388185
.454042430
.470786080
.474621806
.475462912
.485581429
.470941250
.490778607
.451181102
.448476655
.479882777
.483453330
.479386723
.480475251
.467970129
.436274624
.452857271
.465988743
.470575989
.427809483
.489338194
.486663332
.479847901
.458365167
.481892289
.479071547
.479596936
.468553810
.458160661
.486934755
.461270160
.460344385
.472954385
.489867124
.469812594
.495308019
.460339635
.477896932
.451533777
.442880715
.496298211
.463810825
.449359670
.446352296
.485186367
.445051443
.472704155
.484947567
.464997531
.469561828
.475409523
.474368627
.470998353
.456474358
.467563994
.459691079
.454600182
.483877555
.475922394
.453980301
.482623320
.467635931
.470757342
.452989388
.467640159
.462310172
.475158770
.448811751
.462010029
.461113169
.477059229
.458952564
.487988860
.459517411
.474728745
.478268175
.470428126
.475300842
.485729045
.478160712
.469025086
.471109810
.465807622
.433089599
.433972832
.471427152
.475854773
.458791097
.439942995
.476193324
.477984790
.453609371
.466970237
.479844716
.448874241
.491568205
.459365779
.449878019
.470579170
.454613940
.475471096
.467360373
.473663837
.471347232
.472726895
.478694767
.486049220
.473710297
.466214009
.474921164
.515319065
.468674701
.470452999
.456934212
.443259836
.487324338
.466795684
.471989117
.469920327
.455924323
.473456656
.480162111
.439287925
.463455262
.465229629
.472271968
.452887743
.452082093
.470511165
.475478442
.452166275
.482768323
.451402857
.459715324
.458838374
.471815277
.480254173
.465086233
.463276841
.468008514
.461701832
.470332658
.490722152
.488723510
.470890376
.455426019
.457478077
.474379473
.466708046
.473586283
.474629020
.471199381
.465547137
.469923552
.483127344
.495016849
.447659462
.467295061
.486767364
.447865968
.485115692
.468938899
.481572799
.446160920
.433099965
.454864917
.475877471
.461921492
.446520138
.494406205
.487303462
.466719045
.445741574
.470314563
.487173792
.453855054
.474841817
.470150934
.464215390
.485713459
.470866329
.485958174
.449057710
.465125374
.460449033
