.039130048
.015351696
.014671002
.017856875
.019050911
.017456705
.019589805
.021575386
.015364140
4.040104316
.021488401
.017474661
.014367070
.017325754
.024264471
.018552132
.018480385
.017619233
.016026836
.024915426
.014980112
.016251655
.026103057
.015172848
.016119994
.022742398
.014525931
.018396972
.020307556
.015260301
.024789805
.024675602
.017496612
.016192779
.018784778
.017678808
.018030119
.019573476
.020030319
.021750415
.018681199
.016244774
.022388790
.021061627
.017445530
.023050161
.022357832
.021459974
.022200425
.020847597
.019662383
.019033049
.016279268
.015590147
.019541514
4.039771389
.018136515
.021815065
.019437096
.016908927
.018117973
.022064630
.021035165
.020105566
.018826452
.017015685
.014283545
.022574202
.017592722
.013666455
.019378180
.017702753
.021776186
4.035649008
.023091308
.026918124
.025175926
.019698103
.012933781
.019763869
.022373790
.020190680
.018049140
.016096730
.013550129
4.038745626
.018705694
.016187726
.019728603
.019457040
.016391373
.015852873
.026259321
.017323672
.018942087
.021516887
.015192493
.017835051
.019197111
.016912550
.015992133
.017245042
4.040025531
.025323305
.024729889
.017298387
.018620745
.017727768
.024905051
.019544865
.018889230
.021487553
.020519189
.016330251
.015485244
.017434809
.018685080
.022828827
4.032938041
.021393158
.014791635
.017995815
.021738971
.016295277
.020144107
.021062816
.016625796
.021914556
4.040300154
.024141028
.015674995
.019523597
.019554644
.015900658
.029621243
.014656242
.019177998
.017695308
.015531966
.013850523
.015306471
4.047362391
.021398428
.027654131
.016488288
4.043750664
.016010221
.017440378
.016522000
.020919902
.017992954
.027036542
.014511142
.016467367
.012031096
.015264494
.019024673
.020972563
.018348831
.014501645
4.033462120
.018861374
.016401737
.020390896
.019427736
.016230090
11.238152851
.019957654
.017486121
.017679338
.015343962
.019890954
.016055704
.017618009
.022473978
4.034523198
.022641623
.019238473
.023996900
.020225018
.017068769
.014744001
.019585551
.018378247
.016300583
.018355037
.020940415
.019674650
.021045131
.025111947
.020683062
.018729785
.019777325
4.023950688
.021907773
.015446532
.016606155
.028851708
.017738706
.014278991
.019183796
.019420026
.019466397
.018636716
4.038147611
.021574024
.021785339
.016103243
.020650187
.018726310
.013758694
.015953579
.014401922
.016695640
.020474688
.013150863
.016980615
.016082526
.018810820
.020264902
.017072679
.016772330
.014864288
.018936475
.017939937
.019996787
.017033297
.019243103
.021881205
.020185562
.023870738
.017714612
.021690087
.026359796
.018296383
.019873327
.020667715
.021658961
.018380126
.020364575
.019029431
.012955805
.015963996
.017422241
.014783893
.017333541
4.038203731
.022486597
.018501731
4.041075287
.017830187
.022010670
.023546011
4.044291356
.016401095
.022162364
.016412720
.021693528
4.033360791
.022863197
.019134484
.014330679
.020453559
4.033176505
.014724445
.018025400
.017366234
.018012525
.017255894
.017082977
.014409022
.017306018
.023125511
.021816327
.015620048
.018965912
.017490727
.015653839
.018497670
.016020914
.016727944
.018415042
.021420579
.018411376
.018818453
.014932597
.016834022
.018136210
.021587780
.015977911
.014200565
.014596516
.018299041
.019048358
.018966401
.016214612
4.036937171
.017621327
.016330015
.019992370
.022669862
.016069017
.014289631
.014028677
.014718665
.016129266
.015851312
.018011484
.019292833
.015484066
.014664997
4.032779558
.015802342
.020139056
.017116776
.018463958
.019374149
.014955396
.015792089
.018749327
.016773280
.016373746
.021729312
.020269714
.015972042
.016215496
.019566893
.017055147
.015488801
.016858317
.018730697
.016516738
.017220808
.015621838
.019862801
.021728600
.021507313
.024613859
.017599734
.017669031
.019156853
.016232700
.021715328
4.033778842
.015520602
.016024139
.015559980
.013988530
.017346641
.015773860
.015061266
.016395864
.018784413
.022426679
.018258083
.016509527
.021861872
.019707800
.014447128
.018248611
4.034089847
.021156389
.016874747
.018317512
.015845759
.019033229
.015543946
.018043910
.017331486
.017852014
.015709322
.016785146
.016452249
.016336782
.016571923
.021533637
.017147546
.019392394
.020092984
.014952594
.020552723
4.035344051
.020698597
.020376034
.017320991
.014741991
.020208677
4.039144484
.017528877
.016833085
.021701845
.017869013
.018608267
.016234288
.017934767
.021294223
.017238683
.018625768
.018366449
.017107581
.024341896
.025956952
.019293130
.024785631
.021762114
.016546829
4.045223992
.031741627
.024082226
.035159600
.020914437
.021534417
.020189620
.017006218
.019903861
.019125367
4.053398383
.026408369
4.051724853
.033386841
.024089341
.019381151
.018970006
.021253243
.020383925
.017569171
.024117207
.018772417
.017047613
.019429138
.017844631
.019015918
.018347230
.018669198
.017760670
.020762638
.018211723
.019740308
.021439150
.018164510
.021562404
.017731122
.021465401
.019371213
.018283340
.018551723
.018603849
.020868251
.018341508
.019486751
4.052653085
4.046973226
.025174719
.021277447
.020975189
.021969466
4.040525368
.028951064
.018591304
.017575236
.017307104
4.043825734
.028516791
.019312615
.018837563
.020912488
.019906231
.018113368
.017578034
.022306465
.016953290
.018498630
.021560099
.032376883
.019982063
.022873344
.018815580
.023415504
.021636662
.017157018
.020925475
.020242827
.017975401
.017977359
.018409362
.021517543
.024077774
.020174830
.039868609
.020923807
.017297756
.020276139
.020378680
.019816468
.020502303
.018218672
.024773856
.023671636
.019815857
.025254923
