4.890974181
.899544091
.929796845
.893153402
.923650359
.924664130
.892849750
.893740001
.914889798
.935810993
.897441920
.919025680
.916568148
.892462993
.887275692
.875225512
.881557330
.886324628
.895279486
.898202025
.865783522
.891174230
.870453471
.908130941
.893929063
.897732134
.874325438
.858301097
.867897181
.858993229
.883488947
.886999540
.870760843
.875642232
.895019662
.874496451
.864278108
.889463607
.889524827
.872877316
.877003731
.919002437
.910513170
.900020364
4.904484348
.917886313
.888747640
4.912909043
.914366319
.884077948
.886126690
.915450810
.862804974
.879239457
.914068838
.890447948
.896696420
.916661243
.873857004
.884706249
.903629527
.872446228
.897411671
.894750930
.876936741
.897958183
.903885608
.900787667
.897128399
.910757656
.889369529
.879058828
.932594792
4.904255457
.882150617
.907439841
.902969647
.907394002
.897778065
.897371211
.913763886
.915274725
.930199297
.866188702
.938192718
.915410433
.906140010
.898524693
4.894634587
.897327091
.887173033
.901408444
.873360522
.882627387
.909341986
.898290912
.892527510
.940318123
.908572067
.876303893
4.862704668
.895948757
.894032503
.895776779
.878523354
.879018582
.885365324
.909806488
.882452562
.915967751
.903109298
.900192811
.867882829
.887816432
.885207448
4.899418259
.895846077
.901725075
.890643227
.895014669
.898030759
.883238408
.892627362
.875093694
.916235895
.925129226
.916449678
.857570852
.899565997
.897782352
.887733816
.889814784
.884071679
.881874033
.874493828
.880181179
.862189157
.903953735
.898795863
.903283025
.872798136
.932131852
.875141413
.872506406
.882883460
.918147495
.893703991
.895819499
.899749203
.909963330
.900417504
.898540941
.900856335
.896065910
.901185164
.879037168
.901804372
.886745111
.912510231
.871438611
.893575041
.874002546
.894888362
.866600390
.890855700
.899585762
.918228801
.903989939
.897861049
.887544166
.902624565
.882528059
.882724003
.883719320
.889470336
.881483310
.891364359
.894663768
.899478738
.906314711
.852199294
.891519902
.884664099
4.882935298
.866753706
.895995656
.897973927
.896348717
4.885263591
.902624498
.865992978
.871423940
.890598510
.904365328
.868829586
.911793409
.861203540
.874884901
.899574717
4.926927355
.879236015
.872703940
.905050907
.904110542
.875755945
.878423688
.897621963
.887143101
.875987618
.857620845
.870649423
.894289057
.904504322
.872123275
.894319835
.891834561
.872758589
.904815745
.888490001
.874015562
.877584765
.909612759
.869591618
.912857614
.858215091
.887435303
.922484024
.858317129
.913506717
.901475698
.912717811
.872680846
.897738296
.859255633
.896776861
.906099316
.875204333
4.915174763
.905868848
.897142467
.877892134
.891902491
.889015705
.884787608
.899719629
.925033608
.885589668
.886805893
.888156903
.869229017
.877331243
.871152868
.871548470
.887748348
.872759964
.858727673
.887250464
.846931371
.848985217
.856180304
.873593858
.891667431
.912674423
.915988125
.881824602
.911042817
.907915289
.883944875
.873524182
.898347378
.903523197
.882819283
.896189630
.871355404
.886380355
.906481883
.882511973
.911456810
.901235532
.903165690
.879102697
.867246491
.897076443
.907627616
.868591904
.891397947
.865460737
.888096718
.919996785
.905096426
.899052059
.882276253
.888529188
.890977861
.889397419
.906474353
.929664297
.899581424
.881763997
.883038858
.883986495
.928980158
.926336628
.887891817
.905780344
.868050299
.870517454
.885251324
.902585008
.864725234
.930153466
.901338508
.896258097
.895671214
.837778481
.890652775
.885584702
.858622216
.893627596
.886606109
.894294837
.885589542
.902657184
.905918964
.865844699
.873527083
.879114948
.883661757
.909733868
.893466539
.873227868
.907290400
.899945796
.856608660
4.894265668
.882594384
.906914165
.902769409
.861377250
4.874126191
.893142760
.859511910
.883765244
.924387729
.907642431
.903735924
.902043624
.902808779
.911605217
.899698523
.887093599
.911113356
.883240063
.888314793
.908366469
4.877106942
.875231978
.888374177
.925852185
.871035024
.881267121
.887219327
.873518761
.901922482
4.872323494
.908406024
.892871630
.921439058
.897735621
.889278044
.879294463
.897628557
.905805696
.869616262
.892203212
.885907071
.890572559
4.880954733
.891165841
.903379122
.912756583
.874954378
.882783956
.890245348
.866246573
.900143420
.866930507
.893944686
.854143947
.878434737
.905700533
.900412206
.899718702
.889228036
.902373342
.881199387
.917506032
.867230956
.867864936
.874640463
.903387411
.881841965
.892476970
.899764566
.886388651
.884539182
.872625802
.916767929
.884618959
.874201710
.900686365
.890806141
.889582487
.891367460
.899943574
.870386965
.886357121
.886854852
.903025808
.899027948
.862498942
.889073371
.898572106
.868935940
.878346435
.895798569
.895104145
.854744197
.887157037
.908725694
.890423181
.869096102
.901371020
.887035846
.910945977
.906307251
.920120589
.916644844
.867828705
.913906204
.863185385
.889363346
.872943358
.898498193
.883692943
.882650304
.917411570
.890657749
.893858615
.898614688
.914988239
.913084588
.890350005
.852961578
.855068092
.893018165
4.923947439
.915813475
.932769563
.882601394
.912263266
.893405477
.915908265
.917575011
.897274853
.881545558
.900017307
.869372725
.913950078
.896452010
.892430920
.890075507
.926493916
.891270699
.880942041
.879720099
.898153410
.916514545
.918206463
.915712483
.924227025
.905865619
.905688176
.881324613
.894347062
.892811353
.892421842
.936630492
.889005592
.883517345
.890083743
.881532324
.878279893
.888384138
.856521953
.869906578
.881634595
.904133057
.886889588
.888680202
