.061642818
4.080080374
.046999687
8.106449517
4.075877896
.063676145
4.065298833
.052834603
4.084182034
4.077693494
4.071730410
4.102322428
8.102195315
4.095526906
4.074223435
15.328986837
4.085001097
15.294535814
15.322532508
4.101460446
.054307925
.040840556
8.116586713
4.078300291
8.100877755
8.120948032
12.121078870
11.275828500
11.276630981
8.107354311
.079331874
15.306971239
4.080111982
.056525902
4.073727213
8.108234350
.057713186
4.072198947
15.338828302
.052378902
4.078114525
8.137669693
.057232135
11.280096943
4.081158999
4.105870886
4.072765943
.057201719
.047580400
8.113317398
.074795708
.042705241
4.069067664
4.094023624
8.107584937
4.060551801
.054673120
.039745847
.042179909
8.104350562
.052425085
.040990128
4.068735493
4.097987370
4.109942489
.052735198
.041545547
.045852818
.039794004
.043341799
11.253246359
4.104901651
4.074907145
12.125757923
4.086824981
4.113385456
8.098453442
4.080416413
8.107315330
.055161881
4.067027734
4.085892623
4.098550831
11.279175075
8.117242658
8.110250735
8.101205608
.053864691
4.079633265
4.088574334
8.101182344
11.293088622
.078530041
4.066747092
.064365907
.043592027
4.077353165
8.127692312
.054985209
.044613130
.046172059
4.087827890
4.069606470
8.088029037
4.081204789
.058634455
4.075066835
.062731635
4.081185255
4.075026315
15.325223335
11.290790939
28.303158705
8.108925485
8.119357394
11.292683168
15.324793371
4.082575294
.069936457
.051833311
8.101579659
4.100945111
.055307038
8.114995183
.051957708
12.111321822
4.098532107
4.103957996
11.290584422
.075990144
19.308573893
15.307652195
8.115101595
.058924116
.046500303
.043149326
4.063323498
.051959144
.040641732
8.114427655
4.088834972
4.077295053
4.095881260
4.089556772
4.091505349
19.325701304
.059156809
4.079337073
12.122712943
4.082011300
.056765735
15.294728102
19.336701205
.052568916
4.083397667
.051119456
.043177802
4.079877531
4.093646931
4.081314262
.055375719
4.085952871
.044121763
.051933280
.043077452
4.096710508
8.129287502
4.096443038
19.351749057
24.251878488
4.092316177
.053651068
.044889407
4.083026172
8.126538951
4.078276709
4.073736168
11.284846367
4.078043490
4.079917120
.049503873
8.088156458
.068864284
28.282758619
8.109599919
4.097920407
8.117232159
4.077943488
4.105214158
8.114173519
15.319424116
.054589771
11.269548582
4.095993973
4.085336815
4.074537988
.055202278
.045154000
8.089944135
11.302829405
4.089088994
11.279301482
4.074153625
.053141874
4.078696586
4.096519504
4.083958560
.049684142
11.265542785
8.111774381
28.276288296
8.107923324
4.073338090
19.359073060
8.108694842
8.122220972
.054542701
8.095245669
.069566865
.049042933
4.087071984
4.078520196
4.105517779
4.088544497
.049049561
.040296186
4.070940744
.056641748
4.088019690
4.086209374
16.142628703
51.596212667
.065345170
.043288164
4.073589068
.073840962
11.271411593
8.114214679
11.298885114
8.113272448
8.132637226
4.074421851
19.332938622
4.095936046
.056185163
4.067504457
4.094677605
4.096516241
.047801499
15.317979314
.048434097
15.310638822
8.125558844
.051075565
.043629005
8.112116044
4.077753314
.064629534
8.129234220
.068185559
4.077034043
4.082584533
4.076291271
4.078424033
11.276780570
8.104522956
8.112628946
4.106514685
.042773112
4.073420676
4.085821121
.059737312
.045693334
.042413021
.079793244
4.052389884
4.096595944
.049912426
15.311997107
4.083511826
11.279097950
11.283818430
4.093822560
4.073719766
12.115262597
.063961369
11.293560450
4.096260020
4.077855892
.054152516
.044905051
.044575879
.050079357
11.289077670
.052131103
19.333699959
11.298244225
4.083331899
8.096455207
4.087318882
15.296193075
4.089509829
4.079168677
4.096709005
11.294043855
.053184913
8.107681044
4.083206689
24.257853044
.057399031
8.103117683
.055931879
4.068586598
8.106888421
.052306644
4.059264131
4.077997140
4.095873548
15.318008585
.059143478
.052574022
8.097461697
.052610522
.042293497
4.093089177
4.088434091
.054225636
4.073864985
8.120196832
4.087661159
15.310959571
15.334176694
4.086589386
11.278819150
4.087793418
4.079106216
4.075041182
4.110454422
15.311253652
.048119757
4.080339897
4.069422093
8.120153044
.048698630
22.522038454
4.075861839
.061870338
.051320834
.045004397
.043203577
.069241162
4.079056019
4.099041458
15.306429097
.056553390
11.268349384
.057580119
4.088216734
4.073702408
4.078940846
.058079074
.042045359
11.287210817
8.114841861
8.125022300
.059227313
11.270025489
11.281832726
.071880851
4.078895184
15.286510138
8.109426447
24.254973414
4.076446974
.055237488
4.087209306
.056793972
4.085498456
19.337847805
8.130129213
4.093223310
.056102305
15.308497270
8.121349262
12.126306841
.080002578
4.087655149
4.097539848
75.759426593
15.325143229
11.282003801
4.092761558
8.092713767
4.083044937
4.080184006
8.112165301
4.086140910
4.078364377
4.086124869
.055044029
4.077297248
.053317230
4.073723566
.053341355
8.105201721
4.086819706
4.085867339
4.086429150
4.073200772
.060568302
.048504099
.045896050
15.318284675
4.099461679
.060381385
.051889777
4.093292745
4.093306411
8.107448624
.059101717
8.126153949
22.526965916
.052236508
4.070304673
4.086848910
11.274689474
.052211259
4.074337086
4.091378547
26.512513777
.082068699
4.063405535
8.112485964
8.113701267
.062118672
4.097165927
4.077394153
.054215693
.052780947
11.274750530
12.136610474
.059294724
15.326615140
4.080946011
.054117700
4.068537389
4.100423010
.059705347
.045198571
4.085428636
11.281854993
4.080648914
.057439940
8.111676068
8.102034429
.054441775
.042002549
.041977593
4.089608835
4.094654376
8.108820560
.055939578
.045466426
47.551359505
4.085949707
4.103485442
8.114866057
4.092889841
4.095627243
8.109821196
4.080439012
.070005358
4.074350578
.054871771
4.081304731
12.136885304
.050256992
4.086605494
4.087852239
19.333229108
11.288077570
.061018893
4.113183945
4.087950553
8.109441105
4.070867778
4.082229658
.055826535
4.091347979
.049235022
4.070558464
.052584265
4.069767810
.052608628
4.079006745
.044845728
.051778308
15.303265990
.052455880
15.282666855
