.036977004
.014665685
.015391353
.017730897
.017155438
.016419229
.022045777
.023406695
.019117238
.018835653
.024658842
.021419163
.031233492
.018289819
.019755865
.020410648
.023902868
.015924009
.020041897
.022479780
.024453286
.020308690
.021047392
.021837727
.023878316
.017286339
.020878933
.023160605
.020313598
.022833139
.014588327
.017462334
.020439467
.019083380
.022821473
.021490095
.020836880
.023055426
.022640967
.019018625
.019439376
.022718842
.016511662
.018407662
.021173876
.023196298
.020423334
.018556329
.022580838
.022982172
.018934995
.020951290
.020404539
.017454284
.012832233
.020575081
.021518791
.022497749
.023814377
.023589334
.020366329
.020351621
.021334664
.018261200
.018333282
.021481163
.024125042
.025001335
.017332031
.019598867
.019264409
.019312241
.022719747
.022812372
.021095036
.019115074
.018042738
.019717992
.016514903
.048057662
.016064277
.023371664
.023110497
.021918828
.022838246
.022924537
.017458112
.020187658
.021579119
.015900442
.020706325
.020155908
.024826331
.023357787
.019615448
.022190244
.021248117
.018864030
.022071660
.022188285
.022420827
.017014818
.022617410
.015675524
.025362165
.020671657
.016521859
.027274459
.020096281
.021402700
.017512403
.024337913
.015821066
.021789450
.020033532
.017590945
.021831200
.014831731
.017395777
.018153028
.025881165
.017345360
.020111364
.022881202
.020516657
.022338618
.019442072
.023043328
.020013405
.021114366
.021931200
.021425575
.020920615
.015572566
.014250647
.013934896
.015868982
.019338114
.021742450
.016322900
.027674960
.014986940
.019035654
.019747489
.021276825
.018600987
.020211322
.019610738
.018762779
.020291698
.022354451
.021057741
.021923284
.023227244
.019636364
.020668198
.017697736
.018282778
.019488780
.018688071
.019786572
.019810239
.020557490
.022707701
.017946944
.023885953
.022197659
.022154200
.021323825
.018404445
.020383281
.021738075
.017103401
.022351201
.019333863
.020756532
.018079070
.019692780
.022429409
.020677615
.019705363
.019893322
.022311785
.020270447
.024143412
.018140736
.018925696
.022419492
.020640448
.017513610
.022039451
.019493488
.019389488
.020084447
.018601320
.017971945
.016031108
.017609110
.022223243
.022500909
.018922821
.020387531
.021005240
.020027614
.021673408
.020280572
.025693039
.017046776
.021998242
.015385023
.018229737
.020600156
.024212662
.019916613
.019796197
.021400699
.019598488
.019900864
.023631827
.015181815
.013165270
.014295313
.015989275
.018928362
.021192365
.018155195
.019634905
.022459034
.020125656
.024794954
.023231577
.016929359
.018038819
.025072955
.020566448
.018181861
.023934829
.020108197
.018528237
.021109907
.022600243
.021731200
.021194699
.019132613
.022438326
.018679529
.020610032
.020731157
.017191818
.023565202
.024550704
.023902037
.018625945
.024435663
.021734534
.021049990
.013975438
.014157063
.020378406
.021564116
.027138874
.020932324
.019252029
.020099906
.022507409
.015867274
.016169025
.023554828
.015422107
.021784534
.022956910
.020518740
.020702449
.015229190
.015672690
.020828866
.013906979
.019022696
.018090653
.015403190
.017364401
.014906647
.015556565
.016396650
.014576064
.016204400
.015984441
.015389565
.015043022
.019915905
.017500985
.014042396
.016119525
.014067772
.013293061
.020625489
.014661939
.019235654
.022723160
.020671906
.021286824
.019754822
.022345118
.016942734
.023665078
.023127660
.014896106
.015734649
.029340587
.014559022
.016625526
.015148107
.015250731
.013165562
.015127814
.015302524
.014974898
.014688606
.014288730
.017624443
.015957566
.015264648
.015800858
.016021567
.019303446
.016440609
.013527354
.015628940
.017861028
.016862067
.017224651
.013972771
.023408119
.022377867
.023463077
.021098657
.020332239
.019639364
.021235407
.021248449
.024143453
.021511699
.020333031
.023494244
.019684113
.018903029
.020824573
.020212072
.021079032
.018629362
.021517825
.020700531
.021968158
.019824906
.022022075
.020063030
.021538867
.019082779
.020002530
.021126074
.017704152
.020929949
.011207683
.012388811
.016584525
.019852656
.016997776
.020916115
.021334199
.022804577
.020451115
.019657489
.019048779
.025711748
.021127324
.022140075
.022415367
.021713409
.022653909
.021823075
.017274651
.017920486
.017717944
.022478701
.017758319
.021150866
.017980569
.022378826
.022271534
.021552741
.019829446
.018987529
.017500527
.024498787
.020219947
.018321069
.023512327
.020655739
.018188319
.016937901
.019405322
.024704954
.020494365
.017880236
.019849738
.019716322
.021909408
.017912861
.019063362
.019645863
.020790323
.018565529
.021956158
.021663534
.019727280
.024148829
.021553658
.018844863
.021089074
.018723195
.020342573
.017298109
.020398198
.022979535
.016787317
.018425653
.019959114
.023073493
.021807367
.021959825
.019969489
.020855749
.021109541
.017976403
.018928491
.022182628
.018211946
.022118004
.021164780
.022167491
.012302667
.013213003
.014032423
.016581056
.018410396
.020884775
.021602314
.018720514
.019749059
.023645237
.021042480
.020502727
.024328567
.021585475
.018713134
.020475555
.021394224
.017188213
.019921096
.021700097
.019145339
.022386055
.023337182
.020284675
.020937385
.022477806
.021989801
.018073583
.021691050
.020990590
.019519503
.018090416
.019465753
.020598588
.019977085
.022144423
.020578295
.025146305
.018639166
.020143377
.018082705
.018955873
.017908371
.018534456
.019740541
.022738006
.018829956
.022585297
.021214043
.020747583
.021931127
.017057367
.019929165
.018054661
.017824328
.019823664
.020477998
.020692123
.019731830
.020416165
