.062965062
4.064759580
4.080797824
.051276162
.041342999
.045410952
4.062075175
.053069771
.047933652
.045463133
.044605753
4.100676978
.069785365
.048805694
8.098090671
.058360561
.046731172
.043366500
.041045424
.043340082
.041026464
8.109049721
4.068677129
4.091029934
.054777452
.040636546
8.098350308
.065578823
4.091596881
.045396127
4.086434666
4.083097243
4.083488828
.060052046
.047122443
4.078025833
.059515596
.039283011
.041028959
.045391058
4.075177024
.056121753
.043321738
.041908853
.042583482
.041993806
.039667474
8.101191418
.054386639
4.076610426
.056712988
.046948319
.043436472
8.102599459
11.287408659
.056966714
.045621860
.042655446
8.097097994
4.092903903
.050294293
.048976535
.049074571
.044340679
.044476129
4.063807436
.053706028
.043916786
4.075898047
.055271784
.046061317
4.072475907
8.110374302
4.075510722
.058679308
.043671457
.042312025
4.066778210
.058414484
11.277895936
.048511424
.042787952
.043015794
.042334809
.042641071
4.090753247
.047975052
4.061302629
4.094676698
8.100762830
.062307095
8.096618718
.062307390
4.097794841
.044991849
4.083743778
8.101355510
.054688018
.040919822
.044482092
.045409366
.044463261
.043845881
8.067666368
.063162644
4.072491772
.058435394
4.075704333
.057189291
4.091659943
4.077252025
4.096496974
8.127933688
.051066406
.042585229
.048117244
.041610939
4.052762822
8.128199943
8.090831596
.066109801
.044303627
4.095958611
15.311209096
4.084131031
4.089003270
.044704850
.046652179
12.138365931
.055947590
.051780583
.045650534
.066145148
.043329386
.048483471
.043156130
.046587144
4.072141961
.053222915
4.079002240
.056733890
4.077681248
.057090019
.045779756
4.062448134
4.091384768
4.062302153
4.080601971
.060680015
.044783075
8.111541923
8.125057008
4.101110077
.057249875
.051022997
.045680070
.043570609
4.072324028
.056370048
4.080071468
4.062097902
4.084683657
.059830897
4.093179281
4.090824211
4.092803559
15.325050126
.057847869
.051182044
.043987407
4.077437633
4.070967905
.055664604
4.069111527
4.086359451
.046873690
8.092962478
.061654690
.046017154
4.095514916
8.111546221
.067494021
.049825232
4.071538152
8.117559751
.052575148
4.088379420
11.290039437
.053028906
.054764855
.048831850
.041012681
.047044815
4.063030009
4.093369433
4.092258800
.049883853
.050626677
4.087629184
4.087550556
4.085278458
.050305955
.059305883
11.267944828
4.087490476
4.079112144
.054093161
.049541087
4.076691522
.047149060
8.108950629
.053533962
.042833787
4.082359492
.051133231
4.068024111
4.072070494
4.078383103
.064199844
.049512285
4.073164374
.055649887
.042022168
.048061597
.045164221
4.076269010
4.083708062
8.114903034
.054150751
.042553108
.040175085
.043018332
4.078124093
4.091684237
4.082824951
.066994461
15.336604449
12.132152557
8.120478986
.055225836
8.119897920
4.081035866
.056178514
4.068654219
11.290485115
.048413455
4.073713963
4.102133481
.049649760
.047661046
.047779676
.072587910
4.067164710
.055187758
.042369768
4.059839924
.055846328
.056602529
4.090887686
.052771066
4.096132130
4.085400271
.056857480
11.275225558
.053958867
8.102332046
.054094375
.042937702
.046652954
4.071480903
4.074121255
.053697229
4.085798629
.069683079
.045202676
4.065086428
4.085215257
.051808935
4.084641689
4.080085649
.048726878
.047019301
.040246868
11.269855934
4.087768560
8.094144321
.050208458
4.070031728
.053970005
4.075302475
.053755494
4.084256748
.055834005
4.090071094
.046014391
.043789539
4.066953080
8.096531745
4.088441810
.055987387
.043447065
.040674064
.043666492
4.077453017
4.092427586
.047443255
.044352405
4.068984748
.052136864
.045463390
4.056619167
4.098077771
.052080552
.043739212
.046227450
8.106638716
4.097829605
.054968599
.042671453
.047630555
4.073587489
.055351534
4.076711757
4.082795409
8.088165442
.063196267
.044683045
.051504440
4.070676230
4.084210391
4.095796371
4.108679654
.057532553
8.110109102
.051716112
11.273932205
4.100925838
.055516793
.048657605
4.079814004
.046307496
4.080486204
.051339852
4.083812399
.050091295
4.084637853
4.087197846
4.082783561
.052435486
4.113038821
.051253593
.044484325
.045963351
8.103429952
.050793364
.039853905
4.080961855
4.076830458
.056528501
4.088932552
.054155601
4.085370035
4.091578880
.053498869
4.072457395
4.099935165
.057064348
.070621340
.044105341
.040496510
.041737192
.042459642
.040423174
4.063501843
.052735318
.045842962
4.077039088
8.113198153
4.075660778
.053831493
.044254307
.050900900
.043217676
.047560457
.039945735
4.084223877
.050304165
.042561522
.046150310
.041022909
.050406503
4.069243069
4.085964956
.059489083
15.313072179
.057350843
4.080218996
4.095311601
4.093930422
.056286817
.047281621
.040579821
4.077528900
.059535173
.045110150
4.066497908
.053213140
.042551619
.046648554
4.086665087
.049423678
.040862377
.044612337
.044713592
.043877304
4.077843281
4.099077862
.056392741
.076441225
.041672372
12.124102766
8.108210107
.066087899
.048170364
4.065049777
4.092726556
4.094973873
4.074431755
.056074119
8.091270677
11.289623969
.048973803
11.289939943
12.133770232
4.093370780
4.077476156
8.119963149
4.090629538
.051080913
4.070826884
.055521359
.044123357
.047024901
4.075237039
.057073801
2.261249937
.059526243
.082473119
8.095271371
4.069956574
4.097606065
.050353893
4.088579715
4.101227639
.060938144
.046109459
.048350264
.041053781
.043138664
.044684855
4.093779723
.044423376
4.088839383
.051652876
.064971540
.050539124
.050612627
.048382121
8.111959150
.055388822
15.289859541
.063813167
.048427253
.079672111
.046954547
.046762955
.044290766
.044491942
15.281877545
.058485748
.046717579
15.311780515
.052897634
.052355153
4.078608519
4.075232949
.055856977
.047712909
.048872905
.042071926
.044255554
4.086846662
.047904767
4.092040736
.053571736
.041786328
4.090699384
.048474820
4.074049503
4.093673484
