4.069028011
.026223932
.042514908
.025053774
.024739984
.028893198
4.049187307
.032357124
.030892263
.026727258
.031573382
4.049913051
4.044619016
11.229019176
.030455767
4.049823801
.028805907
.023340123
.026595260
4.057100028
.024763735
4.037708952
.023052125
.018615540
4.027961891
8.019178276
.016561694
.041998171
.022759976
4.049767282
.025246855
.019866529
4.041481627
.027318128
.023580912
.017768839
4.053544810
.030449350
.022776794
.026296429
4.051914282
.029977980
.020411899
11.256549636
.028248203
8.058568100
.043187443
.026350387
.021934718
.036786918
.022009301
.024141948
.018789831
4.043403026
.034859894
.021039268
4.039570520
.028090705
4.038460196
4.069052378
.026993215
4.048995486
4.054179380
4.065519061
.035970994
.020751487
.028634627
.021827703
.018750497
.019186700
.020499807
.034448702
.023556307
.022506837
4.047557144
11.262748422
4.055946854
.029509449
.021906528
.028264626
.024986983
4.040448961
4.050585105
4.050118656
11.250004662
.023979617
.023125624
.021024727
.020270317
4.050025009
.030868805
.018499583
.021901385
4.039364230
4.053729309
4.057580148
.025868975
.021814178
.019314825
.019045744
.020944603
.020727230
.018867872
.020255942
.022955376
.020292567
.021252600
4.054345720
.027307504
.022661712
.020355483
.022952501
.018259419
4.040988632
.032036044
.022688087
.040295636
.021232350
.021922927
.022563421
11.237162436
4.056803197
.027377086
.028379161
.029290985
.026288096
.022668879
15.274588891
.041298996
.029928070
.021809997
.027325479
.021893987
4.049670330
.034561898
.024388091
.020519263
.019112583
4.052021074
.027302981
.022176873
.021722131
.025651037
.019212197
.019166118
.022452135
.046616663
4.061371530
.028427326
.038493902
.025710059
.020541856
.023250581
.020247609
.040622160
.025845837
.023016585
4.024691289
.031498507
.021173014
.030352416
.021297885
.026382821
4.042711935
.029401026
.019968423
.019842677
.040349793
.025553679
.023998558
.022993878
.019874718
.022096945
.019930382
.023112874
4.045828357
4.049733093
.028878835
.020688113
.022210610
.021019603
.020824525
.022001325
.037527668
.025513389
.021226972
.020411953
.032711557
4.057073610
.029185199
.025568679
4.037552571
4.057661652
.031137268
.038474848
.026684105
.022420062
.046746194
.025348978
4.036489007
4.045837987
.031216183
8.043847602
4.051870812
.031890247
.023574487
.020982395
.018903996
.021542587
.017406164
8.061983371
.032316193
4.045168506
8.057675762
.028422429
.023640400
.024133469
.023448240
.017788445
.021869368
4.047203309
4.045311409
.033466618
.051557054
.028692089
4.054139585
.028920288
.024333920
.020152417
.020519198
.034222928
4.052871840
4.062864090
.025786465
.026411154
.020540900
.020363253
.031217108
.034144743
.023206571
4.037795486
.035213107
4.057782482
.026549816
.020773705
.020062295
.020711401
4.054397327
.028247586
.024944002
.016803792
4.035199409
.029553472
.029955405
4.049132161
.031647003
.022943803
.024392939
8.069999346
.033374423
.022601130
.018822007
4.042777672
4.061861115
.031742128
.018311104
.021996520
.045361537
.025662354
4.053697676
4.052101542
.024573575
.023057013
.021094701
4.056915662
.022342497
.019868079
.018365647
.020092871
.020851569
.016700904
4.057422267
.021277727
.018765045
8.068906574
4.072409900
.024120961
.019654196
.022066192
.024548867
4.048817416
4.049230279
11.253808643
.029537137
.021412706
.021669124
.021828735
.029809100
15.259380367
.032838285
4.047947392
.032273897
.018844099
.024290531
4.047354874
.031077526
.026166143
.025168640
.019677700
8.073210829
.030045095
.023483878
.023667684
.019360793
.017564666
8.070834108
.025349386
.028581533
4.039817034
.033961332
4.042656861
4.054101217
.023875281
4.039585142
4.052782081
.024343773
11.243613225
.038094543
.027174766
.018907761
.023930494
.017247477
8.059028477
4.058949395
4.041601410
.034099925
.021790883
.017600044
.027479746
.020141099
.020850358
.020860067
.017972028
.020262191
4.026950744
.027764850
.022286585
.017989863
.022494475
.022535853
.023928952
.020318070
.023016804
4.042076028
.029003271
4.046336706
4.053548010
.029104945
.027517915
.022517060
.024205846
.020658220
4.038766668
.042884426
11.243127483
.022970426
.022118614
.022287835
.023452627
4.051437860
11.248608248
4.052802731
4.042232708
.025246605
.040731449
4.061349823
.027364710
.018632629
.017789278
.017580618
.020151709
.021041726
4.053278639
8.065951867
4.058823896
.029824638
.024758118
4.050008341
.025007184
.025301489
.017812019
.023663661
4.046943361
.022054243
.025339558
.019459918
.044472225
.023841132
.020240535
4.043989478
4.050652611
.026383952
.020852702
.022178877
4.051386491
.029392801
.022849598
.018242218
4.045031504
.037336932
.026753174
.018374622
.017614470
.019983011
.020314898
.017493463
.020325273
.032932711
.026332685
4.024622832
.030766283
.028431952
.023979713
.025082918
.020556427
.018626525
4.044195149
.027869487
4.050361814
.029161379
.036080063
.023677583
4.040801507
4.046768263
.032449877
.022215059
.022611734
.019170933
.023592302
4.040197009
.027955366
4.052068913
.032519429
.023581031
.022803760
4.057523681
.024253664
.024826678
4.039031239
.033763503
.029363144
8.064575809
.017512921
.015714085
.032378931
.020793697
.027870572
4.054280508
4.030106531
.026359728
.023219858
4.049691955
.033731653
.021816674
.022979074
.018985666
.022807922
.026164301
4.045050632
.028087834
.020168140
.016570242
.039988046
.022957784
.026224318
8.073193826
4.053413282
.041592076
.025361507
.023046682
.023621751
.018859488
.019010390
.019404437
4.039546502
.029667472
.026081099
.023446845
.021179182
.021357582
.018921060
4.043055781
.027927126
.022096257
.017217089
8.077984415
.025331106
.020916774
4.055457002
.028600457
