.490817372
.472549407
.479767109
4.439850726
.457965930
.447561837
.477434204
.457151594
.463834244
.498943999
.454344546
.476684511
.467264350
.453079395
.473067865
.459794247
.468592051
.461202036
.466796777
.476059569
.481618643
.495467440
.466707169
.450241394
.447452598
.478212683
.464896298
.467650322
.461734289
.455287134
.466747814
.472680154
4.460592610
.456536217
.478276874
.474143924
.455631389
.463918834
.455975981
.465599646
.456976686
.475771669
.472838297
.475145995
.466846289
.464882054
.463098668
.461174932
.474498869
.465678894
.466418163
.461039820
.464159291
.482556703
.475805261
.494401646
.441551625
.486285915
.461863219
.467892512
.459145584
.468757524
.468669049
.476997774
.474644674
.453148344
.486673773
.494438695
.444955815
.456127901
.499536047
.464839489
.472195504
.488281425
.474606251
.472354705
.471529937
.477930773
.456806103
.483185078
.453819272
.475453990
.488436831
.466147507
.467138286
.450213258
.481486334
.463661720
.446660357
.472734793
.438432782
.463121970
.455387417
.456211172
.468756349
.493124494
.478786252
.492385223
.473986920
.470388198
