.036332963
.014265504
.015594824
.016849017
.027628491
.018315089
.016982853
.017942582
.020626512
.019390069
.021978915
.018296172
.018975644
.022130127
.018964352
.018239338
.019231399
.019879997
.020555760
.021630074
.019545406
.016749265
.017902122
.019470363
.020838891
.018951727
.018614887
.015690576
.019848496
.019048854
.020424591
.018710264
.017835537
.019739202
.022148461
.017539698
.020832308
.021878454
.017316652
.019961665
.021023854
.019191274
.019824203
.020219920
.017862579
.018294297
4.027441502
.026209086
.018286922
.019555032
.018194044
.018434467
.018983686
.023976623
4.035389845
.022302663
.018511627
.021643358
.018265164
.018203664
.021709777
.019809656
.021821780
.022088577
.019570692
.019246061
.020554381
.015609154
.021765822
.024084869
.019193310
.016490880
.020283583
.020801678
.020473838
.021928368
.017566236
.020043787
.019661488
.019826783
.018805429
.014173667
.013561362
.017022101
.021633071
.018682260
.023061767
.021750407
.020856472
.019527695
.015722866
.026139040
.023495777
.020586342
.022005621
.020073915
.020458923
.019318524
.029446734
.020658051
.018925724
.022126416
.022443173
.018408381
.033931489
.022267958
.015210104
.035964562
.026139999
.016453814
.017226996
.019608875
.027112393
.020262971
.019201992
.021542411
.017872300
.019256243
.021893168
.020612936
.014229230
.020463100
.019658959
.016751237
.023438323
.016673485
.022725226
.016607984
.013016999
.017578253
.012589866
.016400521
.022049963
.024697472
.016470564
.018718732
.024942519
.030117742
.021277031
.020540184
.019077698
.021462036
.018403810
.017587211
.016998908
.017359248
.022280175
.019982299
.018811651
.019866088
.018674565
.021750332
.022705267
.022493013
.017717714
.021334825
.019104823
.021337157
.020384973
.016639818
.019291077
.026040581
.021367492
.013874474
.014456735
.019237576
.023435907
.018240724
.019317994
.021646747
.024111794
.019073072
.020844148
.024889143
.022330510
.016743361
.016746070
.017966635
.019282785
.021673873
.020238095
.020088509
.025158148
.018581355
.019702501
.020394723
.019377287
.017519876
.022811478
.018273807
.018593272
.020655812
.019125199
.023749953
.021512869
.018574980
.018440644
.023369113
.019504623
.015311835
.020012910
.021237980
.020552430
.026903302
.018544320
.019946088
.023895931
.020363177
.017848874
.018228009
.017855087
.016698196
.018920936
.018184633
.019808365
4.026894852
.014509378
.015278933
.014535878
.013310273
.014802966
4.031279482
.015149483
.018906052
.023157754
.021004549
.019332476
.013771917
.014274801
.017112478
.084332218
.020875353
.021688200
.019182533
.027284503
.033977158
.021014230
.019779043
.027553341
.023828320
.020112298
.018661607
.019401454
.023715860
.019878711
.018001054
.020223050
.030383940
.017156082
.019042609
.021868942
.019323030
.021627146
.019852120
.018919482
.018660437
.018471059
.020109208
.020742717
.018217013
.019555242
.021857442
.021209057
.021074806
.020651716
.021114973
.020510006
.018844690
.015712144
.017954052
.025004487
.024022515
.020081041
.019901288
4.023996982
.024013682
.018245181
.020999054
4.036228202
.024225851
.023598926
.017580588
4.034045487
.020804885
.021421973
.017172085
.017639880
.022565470
.022279468
.021114248
.022304677
.018265720
.021119977
.021602857
.023678463
.021179018
.023117915
.018490323
.019751962
.021401995
.016970694
.021979293
4.039258870
.025983919
.019591795
.021407568
.018133279
.022928342
4.038278154
.024371828
.015691753
4.041827945
.023007062
.023331525
4.033414087
.026598696
.026134648
.020514113
4.047561845
.025565306
.022715893
.017558822
.017995245
.020503987
.019328264
.019534432
.021529876
.017864243
.023528237
.020381819
.015754756
.018126247
.025591557
.017935870
.023785949
.018766256
.019387973
.018632212
.020228651
4.047286973
.014781327
.023346360
.025004424
.016999149
.017538489
.026379484
.025637641
.017528363
.019314971
.021036536
.018368708
.021179413
.032991408
.015883509
.023075856
.018397917
.016944730
.023976451
4.042181905
.025592641
.022594058
.022275887
.017281027
.018619670
.018937050
.020838200
.021741963
.017975620
.019031343
.018229832
.020905743
.018722589
.019903229
.022788644
.014633199
.019236721
.019161303
.021567211
.017705700
.019826603
.019342096
.023826700
.020760158
.020798075
.070102746
.016892855
.018875174
.019408389
.020512405
.022601308
.012285792
.016899814
.016209555
.017556406
.025604391
.018441127
.015247249
4.040415173
.026289775
.018428668
.017595364
.021273415
.019222346
.019881520
.018971842
.021271248
.020048732
.019324638
.020977078
4.044857692
.022638184
.017691018
.019768169
.018080103
.021692540
.021372164
.020260324
.020492617
.018544314
.022054459
.024776227
.018669723
.018740182
.018583931
.018587723
.023505592
.022290417
.018755249
.019249795
.021908901
.017438611
.017239610
.020485763
.022662532
.023805733
.022242592
.017908717
.018973144
.017028208
.021596503
.020878121
.021418136
.019004700
.019184619
.021809272
.021037221
.016707967
.022360819
.018842156
.017948865
.021435779
.020415268
.019777219
.017646987
.019242297
.021510197
.024202279
.017863414
.019145929
.022057670
.020650030
.018919676
.018851550
.019479105
.019210686
.027670951
.021237292
.018849764
.028183976
.022167984
4.037171812
.023887011
.017756017
.018913031
.020567177
.020972433
.017609931
.013589922
.013916593
.016494126
.018751155
.017872560
.025418198
.017423638
.017317970
.029983256
.021597858
.018352566
.022538870
.020250882
.017410388
.018576111
.018967491
.018050104
.020519594
.025631993
.014639145
.016477543
.018143689
.021202853
