.706820544
.706674178
.685212796
.701964861
.714933353
.682862326
.710322015
.732820082
.700842950
.720101437
.706603413
.747667566
.707679606
.704185678
.708747963
.707366204
.689289266
.684019661
.686964343
.692634579
.702073355
.721719992
.706206939
.715159589
.712179432
4.697359074
.704409991
.719632210
.711226746
.713508639
.701562226
.709204858
.712017853
.703442080
.713140660
.712706484
.706129306
.711033830
.711183655
.700461199
.656952452
.719620364
.717350496
.681455027
.705278831
.735972502
.710194524
.715753899
.713221099
.700209271
.730633883
.697316142
.736944838
.691258034
.703890363
.695817066
.714930429
.705694463
.680291816
.706873511
.703751749
.738574651
.696765314
.727747631
.704115494
.687599913
.705439746
.694027599
.683027665
.705528499
.688059930
.723804937
.703634712
.714528168
4.713613300
.716748102
.714770446
.708838221
.715078835
.701231264
.710168080
.706606023
4.724767534
4.704500389
.671057552
.705261247
4.738102871
.683645112
.716786967
.712100695
.696479526
.716460385
.689908400
.726256847
.725376605
.700902274
.693534998
.732304717
.722957581
.723864814
4.717960241
.729946796
.719543401
.723936703
.719488464
4.704750306
.695097560
.687775766
.725815851
.709881637
.715323782
.710806654
.703810525
.730618926
.716772826
.708442588
.723449663
.716667303
.683279030
.732858659
.702106186
.716024632
.680728964
.726886772
.727470663
.708231168
.707396574
.711332673
.727098108
.682108166
.703758086
.714357818
.718878308
.725678248
.675859372
.713384666
.706504699
.727393803
.725127350
.706539359
.692251440
.695412226
.743060381
4.708271805
.720211267
.707868986
.724593076
.703834821
.696434160
.695964373
.715662450
.713451737
.725718865
4.723744462
.695435222
.701753335
.704026369
4.730991693
.706424505
.726013769
.699382027
.721854045
.678048006
.721798179
4.687781586
.711306054
.711243649
.709159453
.703444978
.710022126
.690227984
.722648896
.724567247
.701106164
.686905812
.734111047
.702573817
.727599369
.687234427
.727209310
.686678661
.695333843
.688271835
.700719448
.705113486
.684905044
.718212606
.697010268
.711633256
.738506617
.717637197
.696478483
.692935955
.677286254
.717425292
.735871809
.706360657
.725707295
.697466375
.720009175
.693597301
.716132395
.701526016
.706565577
.705767173
.717216483
.727347424
.689704038
.711580542
.731791716
.703954549
.725672014
.689526395
.707152647
.739751551
.711059407
.711562212
.707770917
.721552932
.720889853
.683717795
.723302954
.725032324
4.733738621
.701089730
.716985918
4.718169125
.714709179
.723594870
.703575767
.693533952
.677587111
.719676167
.709152434
.681268083
.729618996
.669949448
.703217104
.719477666
4.708695461
.729295244
.728883797
.709898254
.710557798
.691956675
.712602089
.712715388
.685756788
.714503934
.721865884
.715812269
.703623378
.733567298
.689711184
.713297138
.710002933
.701436115
.713561299
.707605660
.711713739
.688512798
.703148295
.734516328
.702809808
.700450967
.706077748
.711417199
.704931618
.694423634
.718074581
.684986800
.683029322
4.744364954
.694064873
.717567077
.728387003
.724165838
.702011350
.711726403
.712418785
.728788137
.717358790
.737267695
.716278507
.712806032
11.920991569
.724540528
.715650474
.737592840
.710868178
.703986732
.706605758
.720667114
.662520000
4.717210711
.699151781
.704550588
.706932694
.721875950
.695142223
.730124844
.702692935
.718022413
.711435785
.681324878
.744362615
.714698129
.724094130
4.713538888
.706273016
.688204507
.711569403
.686622337
4.723097100
.711224380
.720594952
.714520026
.708845862
.682150391
.721774349
.717679267
4.711147833
.716755839
.717804606
4.710383280
.712487123
.720994040
.727417081
.713724023
.684672300
.715593847
.711577030
.720499860
.727010009
.678220300
.688453901
.735862759
.686563340
.730391540
.731968316
.712471741
.711914827
.709225381
.697714982
.694474389
.707456290
.709180839
.710977858
.718883015
.695518259
.720152952
.711687880
.720395273
.706787713
.706005357
.714134825
.708300564
.688865432
4.689193238
.711368691
.690696673
.702742007
4.716642926
4.690478742
.717310946
.717001052
.707676381
.728101107
.676080270
.722644016
.735134042
.735126336
.740382316
.702780677
.703571558
.710335991
.737817914
.717458580
.713722581
.721877171
.704085762
.717658560
.689455903
.706866801
.697138605
.710762538
.696173356
.717543098
.732636387
.746258053
.710376075
.719351362
.704385008
.720037406
.735446939
.737063448
.703902126
.693361404
.697186778
.714532561
.703448149
.698003128
.715597558
.722122767
.703236303
.719332872
.716024311
.716587209
.723164749
.718457591
.710366868
.689057178
4.723660356
.692299239
.725214781
4.738522575
.713132828
.711140945
.729142329
.722404302
.700967278
.714921551
.717819176
.703946045
.714005357
.691171377
.733049309
.704786685
.703851172
.699722920
.677689870
.718494775
4.701041188
.703532855
.704851910
.733427416
.710768795
.681631798
.726766647
.699949219
.723291059
.716084305
.700007714
.729972287
.695092968
.718238984
.741721692
.688006256
.701210421
.725837401
.695692467
.715751577
.713602478
.703332281
.704070248
.695787808
.676385205
.677916727
.703437312
.692120143
.711624966
.703355988
.728447025
.666871060
.706370230
.710017705
.724291785
.712056769
.692496747
.708173215
.710243088
.737896863
.715438536
.720315417
.725213966
.717177089
.696862073
.723869738
.722916376
.724975470
.703107470
.699579300
.700948125
.728241080
.723616490
.714739096
.716914871
.709630037
.714979723
.725040405
.648601791
.704919806
.728296078
.720682505
.677925734
.715948519
.738131705
.744375082
.711551991
.706384969
