.478982383
.457601425
.478987556
.487890750
.483207911
.479370945
.497289226
4.513313477
.481537317
.502335299
.479095568
.496206897
.481186107
.488806372
.470418171
.479562978
.459967387
.481048677
.474186516
4.452617524
.491847304
.468628702
.471523697
.504271395
.462146361
.494920134
.495051906
.492724549
.476872439
.485859256
.485851244
.474883011
.492851272
4.500424364
.490094645
.483652226
.472252142
.466345951
.469570453
.483289351
.495669547
.487068468
.479281880
.492213307
.475291296
.457497103
.500144706
.474524876
.492828702
.485468077
.476788738
4.480528771
.487637579
.489897843
.498579986
.461916978
.473371217
.492560173
4.494322526
4.493848576
4.503816998
.505403654
.472744152
.479485318
.487764009
4.478853548
.482924992
.478457563
.487149659
.485303593
.489084446
.499331481
4.478493033
.463265353
.482357820
.485651985
.460771880
4.479300102
.466511278
.471998197
.489941953
4.492908595
.486154785
.498182875
.467871564
.489169316
.487492537
.485424024
.492302804
.466976644
.481248568
.474953416
.485549061
.503275484
.478791613
.494303781
.488489571
.491594905
.485356003
.503084129
4.485102610
.459884649
.471495773
.487053995
.473404467
.468162183
.469845749
4.476558198
4.490168892
4.482950663
.467727552
.486433153
.483711656
.480183439
.507957668
.479611117
.473319456
4.486723538
.473393247
.483134916
.478220343
.485033470
.473855650
.480416565
.504395376
.476292762
.489992000
.486190707
4.497996454
.497798026
.471633126
.485784821
.473020063
4.482330356
.468504587
.459550214
.487137386
.484411557
.485150442
.496824729
.487117177
.479479697
.505284136
.468210667
.475492475
.470425239
.471665673
.455247572
.487289972
.487788438
11.693744267
.472167763
.473507823
.502246553
.502793936
.474916843
.471492879
.465627298
.481440266
.466628248
.478870831
.493631469
.490268832
.479996053
4.491301747
.461608362
.494872243
.471838625
.506198114
.494954101
.483648051
.498506585
.458979445
.480412571
4.491616709
.468462902
.501735593
.469164276
.490942536
.477171239
.476499435
.492992508
.506212417
.475838798
.475016078
.472751841
.488256862
.471417157
.487843481
.476364508
.475852377
.469862304
.480959313
.455161876
.485363533
4.504373024
.474480734
4.481391745
.486650882
.490102673
