.719036289
.705706617
.725467351
.696007003
.713599749
.695689974
.685109462
4.707386974
.688579195
.729537805
.683952136
.717816806
.674163290
.721943483
.664456043
.700232675
.684402270
4.711560520
.707536658
.699903816
.696182598
4.748664192
.739143704
.740137273
.679727592
.709258538
.675518236
.730378153
.699386806
.715654724
.723286303
.647899204
.691841149
.700709180
.690489301
.715498580
.725470043
.694005473
.677799538
.684236349
.706168360
.707261966
.698880948
.753174292
.703665684
4.711947737
.708730645
.734862158
.723595782
.665999951
.671545167
.726263229
.716412107
.685307573
.690107199
.699442769
.705337833
.726206122
.679260279
.707329831
.734006584
.693319529
.714623772
.737043018
.678016807
.677267274
.708097721
.700308089
.694279933
.725555613
.727079893
.677955690
.717215161
.738814723
.725024267
.719122398
.703795907
.692940984
.709895193
.761623158
4.716002967
.709251919
.694475256
.695168067
.720750231
.706515943
4.708660040
.727912488
.686503745
.723582901
.705592810
.679586445
.703860767
.700286690
4.748203884
.758548761
.725563932
.676637191
.718538738
.720920875
