.033985709
.014836133
.017745240
.021763544
.017642181
.022551942
.019323452
.017687461
.023563870
.020079607
.021567799
4.054430140
.023869465
.017245358
.017234902
.021813324
.020763904
.018023133
.022722152
.018097198
.016691280
.018885388
.020343712
.018437785
.021968746
.020957359
.016270587
.020136218
.020954609
.016065844
.025087054
.020487636
.020517837
.019473250
.019503534
.018547259
.017866587
4.032092866
.025872249
.019939594
.017020905
.016960996
.020987784
.022039601
.019152533
.019513192
.021049235
.016002001
.021345027
.018171582
.019148159
.015385210
.019473448
.019374419
.021056775
.015304803
.022443421
.021846335
.019538855
4.044762625
.021920116
.018521743
.019331675
.034940920
.022708656
.021012835
.023514705
.019999376
.016673537
.019772547
.020327221
.019410529
.019790759
.020583139
.019395818
.017483337
.013159542
.020738081
.024160103
.021678569
.019291759
.021927694
.017576770
.017389655
.016372529
.032175614
.018853626
.018888208
.020147955
.019829549
.020847180
.019578350
.020428695
4.031781004
.023710663
.014328952
.016399920
.021583029
.018980497
.022844985
.018571844
.016935569
.019564350
4.034177295
.022579286
.016690827
.020367238
.019539685
.019703054
.018733379
.021196959
.018393558
.019478395
.021144753
.017665251
.018938748
.020878054
.017128228
.016297424
.018678924
4.027637084
.023802539
.020936562
.019781029
.020227641
.017556303
.028560097
.022612671
.017763066
.019442549
.017163485
.016965973
.018126923
.022199852
.018943476
.019448383
.021692778
.020331815
.018977894
.019450633
.020764093
.018696085
.022432201
.018064210
.015583133
.017498382
.018009082
.020430113
.018329019
.024589174
.018639497
.017222155
.019106861
.020149637
.015334575
.019446383
.019750653
.019602976
.018103171
.021225790
.020130677
.021909958
.011316107
.014977593
.016773709
.019337626
.018554033
.021770325
.017641599
.017923451
.024282653
.016572572
.017605430
.022428034
.017309869
.016907510
4.040603741
4.037359823
.023592068
.020418071
.019929455
.022713760
.020810721
.019157739
.019288831
.016401769
.020067756
.020636252
.018861595
.015418622
.023071533
.018991978
.017349080
4.033536826
.022869354
.020088632
.021278168
.019990876
.018796340
.017498382
.020917978
.018938349
.020863057
.016631659
.019985793
.022067719
.019528346
.017651017
.023228210
.021724197
.017876031
.020992483
.021304836
.017924284
.020110843
.022510748
.020430530
.019926038
.019194867
.017668767
4.049654534
.020210182
.028501427
4.030183609
.024549546
.019822782
.023203043
.021581104
.018046501
.017541551
.020277436
.019821741
.017922617
.019159448
.020368942
.017939411
.022271566
.021778200
.011731925
.015060682
.017813902
.021049445
.023185166
.021237915
.017327204
.022873271
.023139454
4.034914290
.023652363
.022277566
.023935964
.020945563
.017985121
.016398519
.022136806
.023525355
.016078248
.016747667
.023472893
.019767320
.021549352
.017775399
.015984076
4.037466413
.024578590
.020143469
.017396209
.018678458
.022946776
.019353377
.018060501
.018871471
.019934206
.020073549
.020737883
.016279261
.015711516
.021239915
.017330537
.022228271
.019407339
.019315583
4.038454394
.025942500
.021268541
.019682596
.012216319
.011926412
.016070141
.017160893
.033544292
.019984138
4.041672567
.025240246
.017812464
.016493510
.023060156
.018763930
.018567229
.021076975
.018473482
.017133737
.022932244
.020436372
.017455309
.021913113
4.050107709
.020165840
.018387152
.018456191
.017957959
.024872801
.019760271
4.038843416
.023716841
.015955153
.016146147
.016078065
.021684912
.018666933
4.036778887
.022805539
.016285058
.016378513
.015701120
.021430587
.021215678
.019157875
.021688995
.022790248
.018850135
.017566971
.019608276
.018308030
.019169914
.020382621
4.040683136
.022832619
.021210592
.020406162
.023956705
.019753601
.019871347
.018498562
.017965997
.019479861
.022060854
.019594065
.022391051
.022635292
.020201211
.021750157
.013976720
.021742532
.022728997
.018729971
.015278049
.021782863
.020609613
.021388878
.019983635
.021669535
.018097618
.018401065
.019241577
.019826599
.020696277
.017921873
.019141789
4.029053479
.017325478
.021320172
.017402183
.019872180
.018813259
.016946449
.019238786
.020854687
.018497895
.019855014
.018840550
.019239786
.019211370
.018888673
.021253507
.016896659
.018140408
.021014390
.020849396
.019931803
.016432509
.018412606
4.039620049
.024346190
.019427279
.018783927
.017359644
.019189704
.021814113
.019156414
.019916554
.020729775
.017252147
4.025930056
.025735600
.021016057
.017121777
.019806100
.022165059
.019496402
.018119158
.021883152
.019577773
4.040663986
.017002239
.021792030
.020069424
.018501103
.026724690
.015045516
.021136928
.020385413
.019522442
.020128046
.018953670
.020521324
.020487701
.017162941
.027781154
.021273256
.027222756
.022885033
.017334977
.018755678
.020328331
.019441862
.020264833
.018751469
.018601891
.019685520
.016381385
.019377489
.018871465
.021239299
.016587462
.017183566
.018744761
.018342400
.015353255
.019608856
.021508540
.020772856
.020328955
.018541393
.021551955
.019703852
.020996849
.021763531
.015847029
.016553838
.019636230
.014013885
.016403093
.023395182
.018065035
.019078791
4.025130056
.026181418
.020123004
.015916860
.019283283
.018769343
4.046087145
.021129303
.019829723
.017510054
.020391079
.022312844
.020871895
.020008467
.019138372
.016551796
.019865430
.020565114
.017108276
.019001835
.020320373
.017763420
.018111867
.020394870
.018494437
4.042893595
.020207939
.019930421
.017082652
4.046775344
.020142935
.019127119
.019271086
.018135304
