.039626273
.030068308
.016340482
.017672352
.019136930
.021616713
.022186045
.023057375
.024211204
.020161718
.027393234
.023045291
.023116500
.025648782
.024595536
.025704739
.021421005
.024862742
.031496927
.025355200
.025768281
.022825667
.023271207
.022734376
.026538361
.020370759
.022917625
.025616657
.023561205
.024408036
.016837063
.024693077
.026388529
.020259926
.019677137
.014780655
.016302024
.019785136
.027659816
.020309301
.021210006
.024622452
.021592296
.020372675
.022806250
.023818330
.024302411
.027745565
.021710462
.021567963
.024120412
.024291703
.023519872
.018888473
.018378308
.025373408
.023147040
.025144159
.023492706
.019715512
.021926295
.023985121
.023430664
.026204988
.026791861
.020200468
.026516820
.024019954
.022254169
.025366116
.019055639
.024204370
.023967330
.021838879
.023092416
.022188877
.020101510
.021991045
.021004798
.020739841
.020739424
.020623425
.024105662
.022918666
.023217415
.021956086
.027547483
.018410932
.024327995
.024684493
.024406911
.016371732
.017899768
.023309123
.017807268
.024480202
.022459585
.021266840
.024495702
.022934374
.027310442
.024559327
.023659664
.024036454
.018230891
.020719924
.021911420
.023463706
.023215290
.018093517
.024993159
.021943462
.020431509
.020915466
.021914212
.014508906
.023138332
.022217128
.013853491
.012700162
.018597016
.017919310
.021572880
.019135930
.025706240
.019000931
.018988847
.024319078
.021087881
.021596213
.020805549
.022291210
.021282297
.021726046
.020984424
.023430373
.025428657
.025632156
.025296075
.022599250
.023503414
.020872633
.020603467
.020499425
.024162370
.025580698
.023051333
.022728084
.026300279
.023782163
.022413877
.017543062
.023310123
.022867791
.021400089
.025485282
.021730087
.026211863
.024023246
.022295919
.022846708
.022710001
.022718334
.020723132
.014023282
.016164691
.014042366
.018338225
.017786393
.020571133
.022736209
.018004684
.024652744
.024513244
.027324359
.024724618
.020211718
.018286017
.026240488
.022680750
.026092614
.020848383
.021396380
.023935412
.027217776
.024366744
.015265903
.024721160
.027181109
.021377756
.020749174
.023001208
.020994256
.033164505
.019508762
.023773121
.024850576
.021236923
.023227082
.021971795
.021020257
.027430150
.026535486
.024209911
.023743080
.021563588
.017645186
.026871985
.026471820
.028169856
.014677988
.027299442
.023290457
.021978670
.025121367
.023855955
.024198453
.023315998
.022975666
.020997007
.021905836
.024128996
.022350043
.018568141
.027118235
.025618615
.021357047
.020184426
.019839886
.022439210
.025228742
.025841905
.022751834
.022738001
.022338835
.023244456
.024960451
.025533866
.022791209
.019455179
.028066022
.025115784
.020282218
.025316033
.020917591
.021157256
.019844136
.025044284
.021830670
.023329915
.022554585
.023042583
.019067764
.022860250
.020972424
.032428632
.022919667
.021785754
.024453036
.023282123
.020508634
.023171083
.023617956
.025629781
.018619682
.019905178
.023433956
.023333498
.028074522
.025455990
.021467297
.018392850
.020921923
.021235297
.022217377
.022446085
.021412297
.024169204
.022366127
.022899750
.022242586
.023216416
.020925507
.018644848
.021004881
.023058208
.020869452
.021216994
.022760118
.024487367
.022761035
.020326119
.022876785
.025265516
.020681228
.017517148
.019580438
.020415645
.020736020
.023410559
.019401427
.025656667
.022579506
.022193881
.017810721
.023606004
.013354186
.016495592
.016796508
.020015459
.021711956
.022173747
.023172037
.021906789
.024235240
.019355705
.022962404
.023957528
.021650866
.021214867
.023450403
.019235912
.023046691
.020695989
.022809150
.026277891
.016101458
.016145167
.017176331
.014657585
.015988456
.017039494
.017732618
.015505290
.016565038
.014568835
.017976325
.020706232
.016345286
.017361158
.015033374
.024025514
.018020031
.020118109
.023132098
.024385636
.019918024
.022928849
.030044452
.021631852
.023048348
.021620976
.023591595
.023612886
.026060962
.020296230
.025640130
.022804055
.021827391
.026120544
.025169963
.023311719
.019718188
.021205684
.023997467
.017228904
.024152174
.026103126
.023645467
.021569974
.017467570
.025361670
.024470005
.021318390
.020727476
.026220749
.015172493
.027875703
.023821341
.022842968
.021691139
.019745229
.021027933
.021413723
.025460419
.024593546
.025076335
.021757139
.022532011
.023315675
.022250011
.027586744
.024205463
.018739356
.022048429
.022104178
.021095974
.023089634
.022031470
.025773583
.021563514
.025028627
.024675587
.023286841
.020867558
.023849006
.020660558
.022693302
.021998886
.025580125
.024163838
.022540135
.024727086
.018991105
.022328885
.023558965
.023074008
.023347091
.021234681
.024010755
.022079387
.022608634
.027098870
.020144435
.021762220
.023085091
.023254132
.023221716
.020474475
.022025428
.024869919
.025867916
.023603631
.022070262
.026797829
.023866131
.023400049
.024683877
.022405719
.021759387
.024708794
.029793320
.022453926
.021512305
.021513638
.024902919
.025628291
.018077315
.028253866
.031157981
.022534218
.018954729
.023166299
.019120270
.026358413
.020271558
.026115582
.021089265
.025232292
.024328712
.023285673
.022975592
.021823012
.025120043
.020623100
.017474401
.020538516
.025346125
.022444468
.022360177
.022634259
.024080421
.015366033
.013152082
.016302196
.016651779
.015045992
.019266562
.014509160
.015850740
.014146745
.014518953
.015406658
.014678410
.014634036
.017966108
.013616331
.020511016
.014607660
.014120121
.016660320
.016049114
.015391491
.017038319
.020180225
.023635589
.015856156
.013374665
.013621831
.015573449
