.038418663
.014380962
.017179596
.016738553
.020724273
.018012432
.022886239
.018986976
.019634478
.023801116
.018454433
.019409269
.023950658
.019874771
.021718860
.022378862
4.024760443
.018048640
.018876351
.020022813
.018542891
.024033367
.022300695
.017690972
.026189207
.024632619
.017246596
.025356996
.022081069
.018651767
.017264554
.023567658
.016794928
.019626020
.018848393
.020642357
.018290933
.020072813
.021339400
.018599725
.023276115
.019149935
.019586395
.022694029
.020253105
.017147929
.019760312
.021637943
.016064884
.018950309
.021964902
.020192147
.023007489
.019120769
.018991977
.019357727
.019019435
.017839639
.026455917
.020489064
.021387609
.021534526
.020677149
.017820556
.020687649
.020430398
.020068355
.021073233
.021098567
.020748898
.018817684
.020609149
.018533850
.018840559
.022290487
.020165730
.021969861
.017766389
.018794017
.019007227
.019104893
.019941729
.021616817
.020952524
.022908489
.021489776
.019991521
.016376176
.017729930
.021468151
.019556228
.020987274
.018119515
4.021061266
.017281638
.023213989
8.055732365
.022685779
.021913485
4.037023023
.025021787
.028454881
.019199185
.022939572
.022170195
.017321930
.017661014
.021039649
.022319612
.022364945
.021859069
.020792691
.019110019
.019782062
.020715399
.020082980
4.029649084
.020432689
.021636984
.018579516
.023294781
.018220557
.018271057
.018878392
4.049553480
.025050287
4.042108456
.025275204
.022090902
.024373410
.021153858
.020429689
.020947816
.017624098
4.030915297
.027093960
.022615071
.021868611
.020644315
.019681062
.019361645
.022099319
.020563065
.020849690
.022681196
.021944319
.019780229
.022886364
4.029269666
.025489038
.019812771
.021001775
.019199310
.023108406
.018722226
.020601106
.019327394
.017213721
.020157771
.017725181
.024399451
.022379987
.021815360
4.044949632
.022113778
.022251028
.022709821
.019611895
.030156470
.022373904
.021820486
.021669527
.023075614
.020259730
.020490273
.022922614
.021064525
.021658651
.024621702
.021250983
.021969027
.020368606
.021220525
.020715399
.024411952
.022205528
.019563229
.022066736
.021782736
.023838575
.018862268
.021680485
.017939015
.015989467
.021394026
.023178448
.017044428
.021170483
.022374779
.014708588
.013653168
.014784422
.014510254
.015641008
.025704206
.020391689
.022785196
.019617520
.018593517
4.031088963
.024894870
.022233820
.019712270
4.021792435
.021247567
.018462725
.018252182
.021949819
.022053902
.020960315
.021158608
.024029284
.016893387
.023005239
.015332465
.022055194
.023440323
.022354695
.019711437
8.049112386
.026032998
.024036284
.020104105
.021467484
.023892158
.020579398
.021408859
.018702143
.021863819
.020583315
.021415234
4.046544387
.022180778
.019043602
.020974608
.024959287
.020563231
.019350435
.022720446
.023340365
.017530680
.020321397
.019371978
4.039314323
.023692533
.022448529
.020806482
.023700491
.022700780
.020799899
.020412856
4.030004585
.024567286
.019187519
.020161105
.022652154
.018357225
.020370772
.021576401
.021685943
.019184269
.023434574
.019089352
.017472472
.022163861
.018790268
.021753610
.022503279
4.045165133
4.044006879
.024311202
.019388561
.017929223
.018458891
.020145313
.023638158
.022699988
.018932434
.019736437
.018835351
.019780812
.019862979
4.033855222
.025214579
.018946601
.018429933
.019256477
.020744273
.020929233
.021017108
.018213849
.020782690
.019425478
.021166150
.022685321
.018512266
.018075349
.023088447
.020311814
.023372407
.018524975
.018380933
4.031532173
.022532279
.024178951
.024319368
.023464740
.021224775
.021156691
.020833899
.022490362
.021559484
.019455686
.019527187
.020191355
.018952185
.020997150
4.046689762
.020478481
.024089867
.021693152
.024829995
.021762027
4.045041549
.022380737
.020384773
.019468270
.018807101
.016911928
.015944717
.020464356
.027502461
.018114724
.021075691
.020282147
.020125938
.020062063
4.033273845
.013484542
.022647780
.022342779
.022706363
.021464109
.014462587
.019442186
.020858857
.018353557
.024677577
.022993781
.019155727
.012787332
.013145249
.016730303
.018434350
8.053596567
.025120495
.020152147
.018968101
.021512151
.021421818
4.039946324
.021332150
.021608693
.024257868
.024185493
4.024170525
.021852110
.019254852
.025486039
.023384615
.017637889
.017193595
.018728559
.019734978
.018495266
.024340368
.021422818
4.039027697
.024428993
.023229407
.018580183
.021978278
.023262823
.017693805
.022878821
4.028973082
.026352375
.020527232
.018513850
.017273137
.016211343
.021446109
.023690033
.020765523
.022681488
.018779392
.018581225
.021588485
.022679196
.021908444
.018625434
.014903255
.014009711
.016098509
.019514061
.020686107
.020274897
.020305522
.022667821
.017199554
.021628110
.024715286
.020662398
.023336365
.022437862
.018109765
.016833720
.019904813
.021151566
.025322121
.022153319
.021686318
.019716354
.019908438
.020295938
.020644357
.021727319
.019662478
.020630398
.020556273
.019944313
.016925095
.019206144
.020337481
.023758574
.018547058
.021677443
.018107266
.018192223
.024298618
.020898566
.021802361
4.046887638
.021304108
.023839450
.019283644
.020371356
.020797732
.020478523
.021910986
.019649728
.022872906
.019705562
.021341567
.021637235
.020586315
4.038365987
.024543535
.024469368
.020132688
.022022902
.024995287
.021673944
.020045313
.023031197
.022230195
.022357028
.022254237
.021801152
.020000354
4.020785640
.016960053
4.038997947
.027669754
.019268477
.019183060
.023233240
.022822364
.016667760
.019720896
.019117893
.019873063
4.039886408
.024412285
.023622366
.024970953
.020435731
4.036617439
.021332609
.018489683
