.043968868
4.036957660
4.041133910
.021844138
.024431711
.025889854
15.250282158
24.195213473
8.055125573
8.043581254
4.041720936
11.248269295
.024860118
4.039975560
.022922676
8.055138541
.023806355
.026141468
.021744369
4.040071435
.030497526
.021618826
.035589236
.021372067
.023326153
8.054173224
8.053820979
.027534934
.019065188
4.034910534
4.041695264
.021498848
.029799668
.022122341
24.205355151
11.239333464
4.031279753
4.042728761
.024273246
.020124099
.026747186
8.046017024
8.055768997
.023419051
.018851809
.020960426
4.044395308
.024599276
.022350989
.034168473
.019822531
.034774400
4.042073162
4.036931660
.021921107
.021657478
11.240646257
4.034023487
4.037768391
15.250891815
.022342972
.022394639
.034425214
.024166626
.020997268
.031080086
8.050437960
8.051865947
.025090458
.031959542
.017696156
.019728735
.019587482
4.036133151
.033736825
.025935599
.021937942
.019888572
.019612984
.020095034
.019770945
.021777731
.020266245
11.248844868
.021860420
4.038349904
.035115300
4.043114495
.035428046
.022308366
.020176156
.022325658
4.046992493
.024979179
.019972234
8.052039260
.023620436
.021876229
.026747811
.022637491
.037872022
.024703099
4.040270543
4.042849085
4.043226199
.025777944
4.037623558
4.042901742
11.240895581
.023604107
15.255267766
4.035820141
.028592417
4.042414362
.030209171
.021393559
11.240029381
4.043189454
4.037960375
4.043142799
.036227561
.025384414
.019469330
.021121407
4.035078303
.025153243
.020827859
.020913986
4.031731515
8.045901276
.027408707
.030728278
8.052124158
.021688585
.024694482
4.032664548
8.041167009
.036609295
4.036521042
.025995412
.021034467
.022137491
.026223416
4.034516110
.033791204
.022263617
.019039337
4.035435528
4.037983746
.026447916
4.033647581
4.035571491
4.051486546
.027984449
8.049684460
.023425932
.020437325
4.049170078
4.049205537
8.045280745
.025360347
15.250241552
4.036858281
.022562221
.022909605
4.036846763
.024919151
.021266983
.025056612
4.038078411
.029860221
.024542600
.023759874
4.037219056
4.034604580
11.250759498
8.041750602
.025126895
.021932026
4.040665677
.029993251
4.038258035
.023393145
.020224229
.020696034
.019868762
.027856593
.033953360
.031160459
.021400725
4.040073950
.037669404
.019854773
.019271215
.020532876
8.045127582
.031188408
.021144571
.022103927
.019647408
4.044536331
4.041805490
.023457330
4.036795218
4.035993447
4.043392159
.026145938
.027773145
4.038038856
.024117638
.024991327
.018473874
4.036555026
.022540808
.023889257
.023448329
.025785305
4.035035364
.026475571
.022732979
4.036526151
.026176023
.022325218
11.242546454
.027816383
.019702692
4.047656087
.024333991
.021119076
4.030829036
.027326692
.019840710
11.237583192
4.039578916
.028359567
4.033499614
.027623672
4.041170339
.023561526
4.038494130
.023622735
4.038853551
.032386878
.022878883
4.034835529
4.037481138
4.035427210
.035871510
.020284774
.023843950
4.039076097
12.061736929
.025519328
.025740834
4.043897477
.029230155
.021312278
8.042285713
.026550240
.024352221
.024963904
.020042351
.024662264
4.038231780
4.044543151
4.034008345
4.036063689
.024711286
4.035976589
15.252075805
4.048097241
.023600632
4.037726589
.021902836
8.051434783
4.038220518
4.042340696
11.246773309
4.045385387
.023361634
.024318952
4.038776370
.039713925
.027514841
.027497589
4.039188370
.033779220
4.038646972
4.050641048
.020963160
11.235039975
.030825056
4.041581606
.022803831
.021798093
8.041214114
.027648772
.018819859
.035765244
.036485305
.024888273
.021965598
.024338111
.022233951
4.049042905
.024793179
4.038675777
.025792859
.020622941
4.051885299
8.041727700
11.241286539
4.049223899
.022949902
.024145283
.022118180
8.048169621
.023237859
4.039072378
.027470013
.023817380
.023075422
.025414870
.021759168
4.029473333
.024108946
.022844874
8.041767382
.026923551
.021605939
.019170837
.019050171
4.042449457
8.059481845
4.039290025
11.242080006
4.035764118
4.049540170
4.041711255
.030820904
.032739478
.021453090
22.438353531
.021102520
4.029478884
4.034280473
24.198337868
.035264643
4.040184072
.025549289
.027656916
4.041793610
.026381729
4.040076592
.018887020
.029425070
11.241614187
.025911415
4.040494228
.024395324
4.055210011
.033885349
4.042856376
.023598948
.022657278
4.038558586
.022917837
11.250674555
4.038354941
.023973639
.022155051
.024935752
.024866188
.023235132
.026911006
8.038517704
.019881409
4.040691970
.028288170
4.043016570
4.033369273
4.038294967
4.038786174
.036958373
4.054815036
.030504131
.022205605
.019466677
24.202088952
4.044775385
.033279389
4.040919413
4.034356554
11.251387871
.024840956
4.048078730
4.042716617
4.035110958
.027471932
.025456120
.026372888
8.050426013
.023041877
.021128807
.020570390
8.041938855
.029814371
4.039197059
4.036277728
4.034469803
4.034314840
.023691325
4.037397093
.026299815
.023412234
4.040708518
.022750132
4.022938149
.023439068
4.042150392
4.037036624
.036232382
4.033278686
4.041432163
4.038208365
11.240681929
.030161505
.021516806
.022813843
8.047635930
4.050937927
.034153783
4.043405676
.022122657
8.058316894
8.047119851
11.246264783
.023744994
.022515333
8.040870744
4.044264006
4.037664857
.023766075
11.243735882
.032605114
.022259911
4.032315451
.032034474
.024720353
4.034617557
.025302787
4.041559667
.031832260
.020443360
4.045895990
4.042405416
.030733068
.025360323
4.038690380
11.242128481
8.049025846
4.040395032
.023697824
.020518558
.019759577
.021814500
.044578868
4.041298940
.022869272
.025772411
4.052176190
.027834873
.027075417
.025482194
.022063515
11.254777408
.036602237
4.037649583
24.205103187
.024489483
4.041222202
8.044697595
4.037725318
11.239968535
4.043050335
.023285857
4.034823293
.021959979
.018358754
4.033785388
.022658493
.029334550
11.241767927
4.039503304
4.041638008
4.043906639
.025723054
.025164038
4.042626897
.025931265
