.660369456
.649450257
4.656353689
.661300525
.653437139
.648881605
.653273140
.650188184
.642308874
.651246190
.647947203
.641875462
.652604854
.658239689
.653878938
.650373453
.658493300
.644035669
.643910543
.647150612
.650341226
.650238141
.648221734
.651102937
.641272035
.657159626
.649047300
.642877999
.639780616
.650001907
.647706961
.650200299
.648652620
.644143061
.652499369
.657659222
.646279678
.642083524
.647121378
.653930105
.643474903
4.648958020
.648145207
.646846976
.645615489
4.660015087
.655458372
.650138319
.639369523
.665967031
.639425365
.643348671
.654503680
.650416869
.656979854
.647588557
.651247890
.655946930
.638706712
.648145599
.658189798
.665842716
.651219792
4.661894818
.646908424
.654624356
.644262373
.653774403
.659823895
.646353582
.647080882
.653006760
.650148492
.645700551
.660146555
.641677044
.643824351
.654765933
.648406616
.654421350
.734797744
.642610851
.654434019
.645940608
.649057480
.656689852
.644560278
.641824914
.654105649
.646067180
.646404136
.652652169
.655547791
.648100713
.645466142
.649463905
.650874009
.639929304
.654344936
.646300897
.638034989
.657688925
.653776084
.645944600
.654162058
.643249801
.647814597
.647384863
.659838388
.644841173
.659029058
.650102480
.644437812
.660947926
.645322229
.656344720
.642539402
.657036930
.652650027
.644205256
.649414466
.652603141
.647087860
4.652715501
.654763476
.646147219
.643863971
.659724250
.642450096
4.636848510
.643529858
.639794427
.645989194
.653644392
.653126402
.644131031
.653155642
.647313558
.653200792
.643609057
.649615538
.649559809
.652519086
.644180470
.643967050
.641501797
.656642557
.656734814
.649404574
.654849263
.654504892
.642836178
.648051660
.645401768
.648245713
.657465210
.648054825
.639134426
.645922783
.649755153
.649066908
.651437237
.650766944
4.657679951
4.657999931
.643520026
.651613750
.655865099
.657228979
.639204986
.660324307
.646844458
.652939766
.647413888
.652326682
.650614687
.655724012
.643211817
.648782600
4.660388160
.648396871
.644159144
.652923812
.646466978
.657589964
.649763502
.638417491
.657335659
.651692520
.648352466
.659408222
.642652053
.641071480
.651011413
.651443005
.651145877
.649729094
.672559743
.643104097
.652187928
.649306500
.646681669
.646298523
.648724408
.649413804
.656148980
.649968821
.660937641
.644227001
.646349259
.664484805
.646345302
.641025451
.651206818
.649043737
.650709370
.650891904
.649671693
.643854894
4.647003119
.652063169
.654746396
.655531174
.651105487
.648059077
.650563733
.647156058
.649656756
.655748158
.654615530
.647586652
.642773618
.648116573
.645248402
.658824440
.644438126
.646532185
.654043486
.644367505
.647522198
.644386337
.645507800
.643894539
.649919988
.644822264
.638225440
4.649064441
.648198359
.659490226
.643854041
.664962547
.647093479
.641563953
.653935036
.645557671
.641367884
.649829577
.640519236
.644200933
.657913838
.645868566
4.645751675
.646511062
.646903826
.643075222
.659616509
.647082355
.641781647
.657439830
.651055907
.640545318
.653946494
.650828756
.640562567
.650188468
.644119523
.660688766
.650142055
.649926279
.641189689
.639240660
.644196643
.659802912
.653407906
.643659306
.645958351
.656071551
.647333837
.646598764
.651072906
.646417152
.645225445
.656194293
.651810853
.641501000
.642177743
.639425981
.644313717
.655666247
.655845943
.645376559
.648689972
.648680487
.650024943
.644642328
.647929590
.643818804
.647827921
.650738964
.639926315
.649401675
.657294906
.647539204
.647349365
.657158360
.653051406
.639733727
.658631569
.641102475
.645535728
.653474169
.711064434
.653787929
.654110396
.649592889
.662238300
.651211312
.643207911
.644895293
.644478323
.648108096
.654618369
.651031181
.640915844
.645423809
4.652463409
.641069780
.661013535
.652270905
.647436663
.648586832
.647363793
.645620458
.655276525
.656436109
.650468199
.646217832
.657817011
.657121810
.645109161
.655304815
.648260563
.641375342
.659823328
.646001972
.642678291
.645814736
.650302460
.643917162
.651127027
.661327721
.652011922
.646819373
.649423898
.648487714
.641575078
.663203088
.647150558
.641742067
.661940511
.651995174
.638460632
.645746157
.641267392
.645763943
.654752498
.650488790
.644141897
.650294576
.657214362
.639883814
.645713775
.651243437
.635744068
.646602843
.656274834
.648546567
.660910011
.648962620
.646632303
4.644696739
.650168322
.653533213
.648987913
.649901731
.642110712
.642669228
.641376275
.652339636
.647910132
.648403521
.658484107
4.642969230
.647021522
.651279814
4.649653051
.660542709
.649319548
.650589668
.660201740
.650259742
.647402241
.666702513
.647430785
.643556671
.640444122
.639551054
.645361223
.659819105
.648051052
.640902552
.648738989
.648038427
.651727951
.655397933
.645987867
.646544508
.647616248
.651244229
.645807112
.642105379
.643936890
.642266425
.641524195
.656880686
.644730497
.636920769
.659346924
.649757644
.648324560
.644168897
.642406846
.653700884
.656260459
.658278851
.636147288
.648138680
.646733680
.645036256
.653082819
.648467074
.662731238
.647882821
.652441986
.637678799
.646165728
.650228460
.651900529
.648645067
.649098246
.647416292
.642426866
.650480426
.643436539
.650879430
.647708389
.659152589
.637293176
.648896760
.653175351
.645949185
.648145553
.657242368
.650049254
.644729165
.655311327
.640897120
.646216404
.651474824
.643688567
.649618793
.646744933
4.650000109
.643767381
.648254889
.659769112
.654175620
.638293202
.647115911
.647719894
.651296678
.648491641
.655466822
4.660286355
.649505432
.648864080
.658824517
.643152106
.650354875
.646835790
