.041116051
.018631137
.022762292
.020786486
.035196925
.026040662
.025202068
4.055123406
.037103760
.023858411
.023589700
.018859635
.020248948
.022479978
4.043460952
4.064504064
.024132301
4.059526744
.028133485
4.058329162
.032819718
.025640116
.023558586
.018951229
.018108300
.017042784
.021722643
4.042697125
.033739398
.024541183
.021783936
.024104260
.037620287
.027794021
.023243998
.023140872
.019838950
.041564472
.026095348
.018693041
.027661744
.020835403
.023267769
.021884292
.049155684
.026562659
.026488200
.022820738
.023813667
.019791909
4.036176553
.048802854
4.062157197
.038083501
.027418843
4.047920470
.033637297
.026067961
.044758935
.032251557
.025350967
8.058857299
.033579087
.023775989
.025050462
4.045528158
.034834192
.021950601
.022519857
.046237848
.024765497
4.048341388
.031244515
.023669117
.029660091
.022542029
.020287302
.017175941
.021995441
.019785964
.020589096
.020014343
.023605925
.028868556
.024213389
.028270509
4.040104414
.031733003
.023267799
.023509885
.017977334
.019020760
.024010598
.019204762
.017706498
.023523510
.019293055
.020832777
.018985969
.020728109
.019466806
.028044219
.022027913
.024128267
.027299795
.022728253
4.052897155
.026555455
.022702211
.018917385
.022034456
.023859889
.019298889
.020464940
.019345722
.021387158
4.036536582
.033050517
.028110387
.028438557
8.061311820
.048917664
4.036945095
.033931941
.027649925
.020517733
11.253289166
.029902112
.028252222
4.047010876
4.059755759
.037740081
.027590900
11.253607918
.040291245
.025582625
4.057914681
.035275748
.026204840
.024805703
.020400375
4.048885717
.031681719
.022112640
4.042285409
.034559367
.020741087
.018696487
4.044536021
.034717535
.042596559
.031412550
.027077889
.028035398
.018887614
.021479135
.020994465
.022434560
.020742337
.024015281
.021905305
.019819205
.024977330
.019135282
4.047478341
.034952079
.030527459
.026652094
.021223341
11.254379301
.034996413
.022137266
.022411601
.020587628
4.045391176
.035499262
4.043513318
.042629443
4.048419424
.032209295
.023042860
.022098937
4.058724251
.031400969
4.051584784
.029495250
.024425131
.018274379
.032737273
.019814515
.021037316
.046438093
4.046715747
.040544521
.021696581
.022880713
.021331996
.021512247
.019094982
.028676496
.021404790
4.056638957
.033032152
.032233689
.018895069
.019841491
.031566394
4.062991470
.027922041
.026109738
.025357192
.025231067
.018907862
15.267489245
.028310294
.026267156
.018979737
.025943737
.025761028
4.049217027
.036557134
.027781415
.025548152
4.043459660
4.055056229
4.056523939
.041689282
.025122953
4.050448202
4.061220003
.031555900
.023118694
.021546353
.021721479
.021533894
4.051185831
.029458016
.029141055
.023732946
.035716201
.022871583
4.052245758
.032530976
4.052425015
.035547024
4.043188975
.029683559
.024578626
.024615376
.021732366
.023700164
.021178281
.023209038
.021469116
.021316032
.020119070
.024486127
4.051878371
.032355323
.028459101
.023991501
.019020901
.021201575
.020471780
.029507437
.023855501
.020395238
.026581344
.023425583
4.050079640
.033067909
.020560073
.022949248
.021187825
.018776108
.020724698
.022826665
.020260364
.019174276
4.048893922
.027910224
.024187627
.021136575
4.072080956
.030367445
.026463436
4.062574918
.031747199
.025582643
4.068023074
8.071775760
.028992151
.034937997
4.044434693
.024073556
.023741472
4.052192377
.029190151
4.052396003
.030906656
4.055777441
.041450311
.022943313
.022874970
.030499195
.021490974
.024988088
4.042828153
.035278908
.020513953
4.026787820
.040092947
.030411773
.024632227
.028779772
.020222557
4.044454352
.034713743
.022898315
.023344190
4.046654506
.026773153
.023289483
.025087860
.023590859
.017027601
.020702772
.020412688
.021572940
.023919691
4.058075826
4.057938848
.040047823
.039814991
.027567870
.018157580
.023149287
4.040369194
.031267244
.028290453
.022281870
4.056649380
.027999078
.028354745
.025465411
.020579912
.022056496
.022137787
.021261246
.022526621
.022974121
.020935288
.018189247
4.037657890
.037265951
.022386704
.019830371
.022481413
4.046692599
.034801660
.022099704
4.058091930
.032136119
.023745288
.021707829
4.054917930
.034004618
.023551579
.025451120
.023544537
.022605413
.022093913
11.261357895
.034599420
.024065220
.026933081
4.044057167
.032333502
4.047466549
.035940563
.024145000
.023119127
4.048182337
4.056572181
.033769741
.025803086
4.047392776
4.054398882
.029531998
4.047729318
.039795233
.022912008
.027082252
4.045557116
.030701830
.027640334
.022086218
.020679386
4.052081858
.032232388
4.050299562
.038790374
.025879151
.025815943
.022036077
4.042248815
4.054349353
.031723889
.023691531
.022918033
.020201581
4.044434682
4.065802776
.026259913
4.047648753
.039704297
.024956328
.020552086
4.056984125
.028553079
4.049767741
4.056704742
.038209276
.027280542
.023308674
.024232547
.019028597
.020690344
.020981427
.019286346
8.072108414
.033368243
.027877542
.021547343
.028167334
.019394596
4.053650421
.031949745
.022017842
.024841213
.021398468
.021883592
4.045968226
.034485782
.024382381
.028725999
.026111461
.022193551
4.047335807
.044088393
4.042242732
.034094117
.027984292
.043204371
.029801607
.027495361
.021571665
.024658450
4.064190108
4.063400776
.033394390
.039191921
4.051493175
4.045215936
.033066778
.031988408
.026168891
4.045713426
.027397044
.023201765
4.050750308
.028814552
.019315867
8.060360622
.031115550
4.035396977
.037588325
.023755359
4.057627277
.031897298
4.045306646
4.065832848
.028782806
.024716648
.020101160
8.065123440
4.066830887
.030027594
.026766394
.024667816
.051728023
.025762345
4.025651228
.034209030
.024788723
4.052744569
.026179302
4.048699998
4.058372345
.037321812
