.039352957
.013918669
.018814810
.020398647
.016324593
.017574097
4.038737655
.024406286
.022733280
.021463442
.020453564
.021098066
.020205189
.022031903
.018935018
.018719684
.020029854
.021005316
.023527907
.018810226
.019806021
.023236532
.022933281
.021729652
.021140399
.021526901
.019126560
.023210448
.020567606
4.037057024
.027745587
.021879486
.021094400
.019533686
.020300272
.021151233
.022164570
.021090650
.018698517
.018951851
4.033672138
.026983543
.019917604
.020354731
.018472600
.018747184
.024036117
.017981515
.023969409
.020430731
4.032131675
.026318708
.025277662
.020171480
.020801732
.023944034
.020489273
.022199570
.021802235
.022350404
.022241945
.023375323
.018320516
.019263478
.018998351
.021043525
.021247067
.020785607
.018937601
.021802985
.022632488
.020393856
.020297522
.016705636
4.038209069
.025072621
.018099390
.019888145
.018599058
.025652081
.022254445
.018454100
.018483308
4.030243461
.017815556
.024161576
.024069742
.023342865
.020199521
.019828312
.024505327
.018805726
.016889678
.023387657
.020439106
.019253144
.025657706
.019460061
.017761848
.019693728
.021640652
.020800024
.024188117
.022067070
.018009515
.021716985
.022389071
.019234394
.022538029
4.038120444
.024551493
.018957518
.022625946
.020174271
.021415109
.023432282
.021254983
.018305557
4.030450378
.023605991
.019065519
.020710023
.016968387
.019779896
.023378615
.023448490
.023024322
4.051376194
4.035845937
.022484529
.023409073
.025856123
.020290064
.020489648
4.035872312
.022478029
.026328249
.021611526
.017783681
.020980525
.022045694
4.028338163
.027876587
4.034356182
.026454458
.020809940
.023073989
.025888039
.020652356
.020924857
.024803911
.019898146
.025565122
.023840325
.018510309
4.041868248
.023500574
.022588988
.021964736
4.041623343
.025782919
.024152202
.021630071
.020590297
.021594408
.021931834
.021361723
4.044129846
.024159326
.024589535
.021255983
.020657749
.020243039
.019990063
.019365249
.023016312
.016954316
.020380609
4.051956087
.023395151
.021161076
.021500667
.025590729
.022822789
.022405204
.023335240
.026054060
.025128733
.021521749
.022255552
.016467697
.023966637
.022804166
.024437800
.023127051
.024014549
.022443785
.021555537
.024594118
.018401426
.021109039
.021170158
.023006397
.021856175
.022863827
.022729506
.020458018
.020617670
.023025103
.022527526
.022280051
4.050434234
.023874230
.022220181
.017780319
.021377929
.023124426
.018478377
.021967372
.020589714
.017598379
.022599019
.022939569
.023055725
.020937347
.021329351
.023444687
.021799971
.017968635
.020711077
.022408371
.019053029
.022273884
.021590992
.020318157
.019477572
.021967164
.021002132
.021707356
4.028683050
.026569760
.024152369
4.040219974
.021179782
.024295896
.023557010
.024310812
.022851578
.019850744
.022804166
.019412245
.022985357
.020500098
.020954971
.022323504
.018490917
.023621296
4.040574981
.025197851
.020945888
.020230332
.031507948
.026602465
4.035527595
.023323657
.026124261
.037226158
.021232317
.022858530
.035890738
.026362958
.020730982
.018356100
.024894620
.019840979
.014938088
.018645808
.018956726
.020864524
.022941322
.021513859
.020870941
.024990203
.021105900
.026459417
.025553372
.020511648
.022518487
.020400606
.019988438
.019040852
.019893812
.019878188
.022855447
.020430356
.020954316
.019129602
.018454475
.019331436
.020790649
.020483856
.021975153
.022257362
.018696142
.018685642
.020063521
.022926614
.018918935
.021588401
.017872597
.021095150
.020246564
.022875947
.021291817
.021005024
.021493984
.018920059
.020227647
.023316532
.021861485
.020520148
.023888617
.019041560
.017678639
.019823520
.023546366
.021799318
.021224900
4.043711837
.025097371
.027467795
.051548842
.023278866
.019100498
.021184557
.020964082
.021637632
4.045255510
.025778255
.020791393
.017480345
.012627511
.014748608
.018475901
.017268868
.022581485
.023950583
4.039871235
4.042777245
.025487953
.019963026
.023436723
.017062183
.018442738
.024710499
.016207987
11.284526621
.017760964
.014082588
4.031753409
.018563385
.017122171
.016170944
.017038847
4.039419295
.023951120
.025463076
.022698844
.018824026
.020169959
.020439095
.018139185
.019172737
.020783890
.022157654
.025692592
.020904168
.023109172
.018095732
.023792930
.024425401
.023380101
.021001741
.017907337
.019938276
.021286876
.020187457
.023145877
.017717150
.022012462
.021109605
.022134157
.017020352
4.033943441
.026766265
.020152087
.021161724
.019107703
.022264559
.020507588
.024554845
.020496548
.022741506
.022892573
.019879825
.021972634
.021257088
.019776045
.020214705
.021585927
.019810417
4.028560658
.025420957
.023631990
.020640865
.022301263
.023125838
4.044414937
.025448662
.019127742
.020481216
.022816039
.021810568
.022570233
.016828749
.020339191
.020365937
.025271849
.021025948
.020520962
.024069650
.023558040
.018900143
4.022885797
.014385813
.014664823
.017759145
4.040522789
.027147182
.021489062
.020791598
.023553540
.018737911
.024101021
4.043249693
.026539957
.022961440
.025442039
.021346703
4.044891843
.018924348
.022248603
.026981825
.018493022
.022189984
.022469411
.017394936
.021760990
.022540445
.024145975
.022024461
.022379838
4.043308103
.018135222
.022823569
.023611947
.019687684
.029358207
4.032176801
.029488063
.021471811
.022947441
.027224263
.024859356
.020597782
.022402250
.022871908
.021296619
.018017687
.024707869
.020260650
.020734514
.024015112
.021263165
.026074592
.021728611
4.042700854
.022658296
.020654100
.025084987
.021492966
4.026660147
.016892763
.024796141
.020752504
4.022348557
.017013416
.016590879
.015288773
.017401873
