.039815286
.015082862
.014848738
.018791380
.015617775
.014476158
.017004016
.016936516
.014933237
.016133813
.017936135
.017272348
.014401282
.015093361
.015724066
.014748197
.013724328
.015544609
.015917107
.015435151
.015612650
.014423199
.015875315
.015501276
.016154063
.016729018
.014410408
.014492949
.015647233
.016177354
.015010070
.014466157
.017126349
.016276604
.013572372
.015878482
.018605630
.014069494
.017200014
.019524000
.015083195
.016983016
.016234104
.017618304
.014635323
.016317896
.016048230
.012260171
.020041164
.018208175
.015965898
.015951773
.017455597
.015348235
.016589769
.015260610
.018278632
.016374478
.015784149
.015064195
.016545393
.015512775
.015592192
.016558393
.015446067
.015554484
.017383930
.016300395
.015406318
.014299742
.014799655
.014650531
.013600872
.014132618
.020685867
.014328616
.015368401
.016056480
.023797389
.032556208
.018721338
.023804722
.024703091
.019334752
.016128980
.022639980
.018632422
.022949853
.027775197
.022152525
.025097714
.021772735
.021051657
.020032705
.018752880
.021548778
.019414833
.017402722
.025683627
.024217137
.022319107
.024631176
.021413321
.019297835
.020938116
.020825408
.033219412
.018749130
.025485711
.015599941
.015253777
.015784524
.013803287
.014946529
.020448535
.015812274
.023019727
.014383700
.019906873
.025731460
.024593592
.020745492
.017431097
.015151486
.025088964
.013767120
.022620146
.023909096
.018938462
.020178454
.016072022
.015249819
.013334040
.023554683
.016960017
.022148274
.022476523
.023326683
.024530801
.020468077
.020353120
.020537702
.011414135
.011929798
.017295972
.015426735
.019031795
.015381110
.025195756
.019790707
.018135550
.027313991
.023311517
.021584986
.021898484
.021190323
.025769918
.019879164
.019957914
.017790052
.023703307
.025015798
.021181364
.018922171
.017743927
.020227079
.018763588
.016720351
.024678800
.019436001
.019201544
.019066878
.019765873
.023772389
.021482613
.018711880
.022594605
.022838104
.020098371
.023096144
.022542189
.018711755
.019889705
.023815472
.019864789
.022378398
.021143364
.024607800
.014079993
.012059298
.019072836
.026065083
.033465244
.014806280
.023920013
.014910654
.020374203
.014280450
.015243527
.014470199
.015158819
.037586676
.016144063
.016305020
.023352308
.018622297
.018504840
.024172553
.018267258
.018842587
.025164214
.022686022
.022403273
.021246947
.020806783
.025775210
.020079746
.021024907
.021299655
.021418029
.017602054
.025551044
.022179274
.023640348
.021230489
.021543445
.017731345
.021464445
.015266777
.017623512
.012476045
.013853494
.017033099
.015894440
.044781421
.016381478
.014908530
.019122419
.026324040
.022568897
.017244889
.022874562
.021287072
.018620089
.013862161
.017219931
.016761059
.013808203
.016221188
.021385113
.022553063
.023440600
.023082560
.019793040
.017129890
.017109640
.017407889
.024989257
.021205198
.020883866
.023985388
.017375806
.018016301
.024624300
.015350152
.014818655
.027526574
.018505964
.119902065
.015608608
.027091827
.022862937
.015482275
.022840895
.025488795
.023377642
.025944042
.023109018
.017744928
.014117993
.017077348
.027027118
.023482683
.022930311
.020886657
.021551737
.018672547
.023430058
.021576237
.019048461
.018249924
.030350305
.023278976
.023905597
.021157323
.020176621
.018400632
.026095666
.018883520
.025107797
.022268227
.024674382
.023247555
.020217528
.020733776
.017158707
.022406551
.029594640
.019667691
.027288485
.021413765
.022513343
.022429715
.027034104
.020880887
.027306685
.015904748
.020619347
.018465066
.022922709
.021616921
.021033090
.021548004
.023211286
.015298622
.024344322
.023665034
.022188622
.023449448
.019453972
.015580452
.024441484
.019320222
.018039560
.028885497
.020588754
.019664260
.022877990
.018926597
.021736039
.021041333
.022045868
.024330772
.017912810
.019111386
.019651382
.019945214
.022951029
.018457347
.022404324
.021164622
.017098480
.017999017
.023496775
.025755677
.024737100
.018580470
.019568964
.016651773
.019678630
.023849479
.016506732
.014317454
.015768571
.019023967
.018809385
.018607678
.017889557
.016081277
.015475196
.017581517
.017983223
.014773368
.015204282
.017302810
.015999318
.015425238
.030411438
.016855729
.016491940
.018725927
.016687022
.014602743
.014087830
.015005199
.016847896
.015646653
.015702570
.016353023
.014316412
.014593243
.016423898
.015709986
.016402690
.016051651
.015827944
.017898514
.015445738
.015905902
.014467368
.019187297
.016230358
.016683230
.016961770
.017173269
.016493940
.015944735
.016671647
.029199277
.014225579
.014775283
.015334863
.014224953
.015521320
.014550784
.014787033
.017997805
.015942318
.015329613
.015920317
.016964894
.015525153
.014055912
.015922443
.015655736
.015405612
.014781325
.018634843
.016875478
.015686819
.015867902
.012932337
.016575439
.017931680
.015055740
.014985323
.014299744
.015861693
.015079906
.014232995
.013899205
.014410702
.013949205
.016284357
.013782539
.018389927
.013888914
.016593397
.015034948
.016256482
.022416652
.015541904
.014097412
.014076662
.015652194
.015499237
.016631021
.014393993
.015622819
.016936228
.013049627
.014528743
.015100989
.015130822
.015035032
.015831777
.016213566
.016770520
.013074210
.028551114
.023989309
.020654871
.019826584
.018837549
.023271272
.015141281
.037264352
.020671705
.017332767
.027631494
.036575314
.014501868
.018027637
.022254028
.021393241
.023110272
.014926824
.014762450
.104663098
.014463493
.016827437
.019090256
.022276487
.019298922
.013947204
.018420260
.015968818
.014198745
.026353878
.015444154
