.039030564
.015131345
.017612375
.021248732
.015407385
.027284079
.024704549
.018329454
.021034525
.024057010
.023179681
.022773349
.024347259
.022373019
.020610526
.020978941
.022968474
.020919858
.023433680
.022777808
.025556212
.021379815
.020779443
.023127681
.026664414
.026166459
.025216963
.024451634
.019935946
.022090311
.025278338
.025950418
.018773452
.020399320
.020476361
.022610476
.024053343
.025047006
.021229483
.020526860
.028249074
.033515882
.019002410
.020545694
.022377602
.018581495
.021699730
.022016979
.023049099
.023803053
.020304111
.020979650
.020920901
.022723058
.017229543
.021036816
.024618508
.019992947
.022524809
.021446773
.020909484
.020955025
.024994589
.025572878
.025255963
.023961469
.021363440
.021017525
.022108853
.024218218
.020586277
.026391750
.020954525
.021337899
.023080432
.020710151
.023724762
.023044557
.024019552
.023006515
.019727865
.026155625
.023228556
.021821813
.019211200
.024156718
.021447231
.019644657
.022690975
.024479425
.022187311
.026972371
.023343181
.021796438
.020703402
.025778502
.022567893
.021531878
.023227175
.020513887
.022191885
.023273550
.021192054
.026377254
.023429589
.020892247
.021588745
.021061205
.021350162
.021090038
.020356790
.018724793
.027591467
.018194658
.019799655
.022705355
.019147781
.026257846
.022674230
.024787755
.013446666
.019039649
.017956485
.023129844
.017420696
.021441349
.022256632
.021649509
.023540502
.022025133
.018006313
.025270205
.021974466
.022828208
.023273039
.022329001
.020001301
.018138391
.019525345
.021531045
.023170119
.022735037
.019910173
.020140213
.036500442
.016602603
.019475133
.028303429
.022359578
.021454998
.019898795
.016097560
.019233798
.025737230
.020788832
.020988039
.017500595
.020079710
.019719169
.021085122
.024977148
.024041317
.016718056
.018161632
.020116332
.018182757
.019048587
.022199324
.026547721
.025515726
.024679729
.024063357
.030945578
.019823458
.018590088
.022363447
.026209305
.027021176
.019966832
.023830482
.020866703
.022232655
.028674544
.022630569
.023713857
.022155904
.022311362
.024241646
.020760953
.023909605
.017019093
.017528549
.025220057
.020092539
.021667823
.025199724
.021209658
.026756843
.023907897
.018400337
.018217588
.023030567
.020916368
.027233465
.028403751
.022032196
.021040242
.016772385
.023579189
.026055429
.026307551
.024364769
.014715227
.021114117
.022278653
.022443361
.024319727
.020252662
.024252894
.023875854
.021930737
.022268027
.021596614
.028035086
.026115678
.021216407
.024586643
.015895222
.022874025
.027350088
.020109745
.026386801
.022849566
.020275828
.020418244
.022445193
.026249677
.019570289
.020585327
.018526210
.023986520
.023324314
.021596947
.016118971
.017897463
.019153500
.026525342
.022277360
.021203532
.019975788
.023398481
.017156675
.024709475
.020209203
.022479318
.026862215
.029231622
.020792409
.022894775
.022702525
.020073953
.023823062
.023520980
.022119112
.020793034
.021427073
.022479902
.021870863
.020849033
.023439605
.023691980
.022894608
.023597522
.022899608
.029922744
.021283781
.018451752
.020108703
.013572399
.010625912
.013749731
.016202096
.018605252
.020018037
.022354194
.022914108
.023187440
.018718542
.018083795
.018379711
.020573327
.023506271
.020311536
.019856122
.019177249
.023018149
.021993445
.022959149
.025348680
.021149073
.018328836
.020721700
.022636818
.025409471
.022633193
.023097857
.023603772
.026724424
.022871483
.019413165
.021413114
.020550326
.022934691
.019528040
.022328360
.020659076
.019893038
.022035445
.021442865
.020509952
.019713121
.021412614
.019583206
.022094986
.019436539
.023079482
.020849283
.023624855
.021324198
.021089699
.023517355
.016763551
.025389514
.024541892
.019676038
.024377309
.022673608
.015067601
.022504859
.021356614
.025765553
.020576910
.022949066
.020225995
.021626197
.021240115
.023125315
.019973704
.025467471
.022913025
.019727955
.022172403
.022325735
.025114765
.025891720
.023072107
.025675595
.024176352
.022307777
.024160894
.022780316
.024431559
.018089546
.022653650
.022559568
.023033273
.021932862
.024266602
.023687188
.021170115
.028083960
.021395865
.022903441
.026631508
.022931441
.023087440
.019966620
.023570479
.022336902
.021850613
.021839154
.024058102
.025391222
.023518730
.023201689
.027623045
.020530701
.021908070
.023325981
.025263264
.020441160
.021878279
.021902695
.021091366
.025038224
.024645809
.022807566
.023408439
.025283014
.022726234
.020270036
.025940427
.023827562
.021312698
.021946529
.024502101
.015983221
.017020675
.018626751
.023673312
.023546064
.026142511
.023725729
.027026840
.025707804
.023759187
.024227019
.021635697
.021458989
.020834576
.024843974
.020663451
.022638109
.020395785
.023169149
.022624984
.023250440
.037895083
.021934987
.022286277
.023234273
.023507813
.021759279
.020228619
.022920108
.032542149
.015896847
.020843367
.022310652
.024162394
.023675396
.021830321
.026485175
.023403439
.018690543
.022533484
.023931354
.024426059
.019473915
.023261273
.022351360
.022576235
.023022149
.022231861
.024910432
.020221077
.024101519
.028554500
.022328235
.018485419
.022485360
.023087732
.014539311
.014840851
.020511369
.021038783
.023279856
.021077990
.025492930
.022935483
.022262694
.022390735
.020152661
.023832812
.022487526
.023712146
.023667354
.026969465
.026393051
.026758758
.020159161
.025138015
.020966408
.021667572
.019526123
.021265532
.023669896
.024880890
.021689738
.024114560
.021165240
.022718859
.023915186
.023159815
.025273347
.022023195
.022949774
.022377069
.020899825
.021323156
