.042228109
.015226548
.017085293
.017657784
.022273397
.027483507
.027321007
.022932854
.019737279
.021891065
.024744299
.023878343
.019765647
.017895904
.022162973
.021835391
.023071762
.023972463
.024098045
.016469112
.019309769
.027214368
.019768976
.023921754
.025129871
.024277165
.019750223
.036135582
.022621296
.024924288
.026784823
.025046951
.022996916
.020386760
.025817657
.020091803
.022570335
.021044548
.022825290
.017880725
.022768499
.020807339
.020932505
.020944255
.034640746
.020389381
.021554002
.019270802
.025289987
.018814386
.024074325
.025567195
.019186842
.020924544
.021017669
.024229699
.021088669
.027321103
.024578113
.019412716
.016940476
.022727245
.022607496
.022567121
.019738007
.025173109
.023528158
.024765153
.020906960
.025882731
.018267178
.019780256
.019151466
.028929094
.022523536
.031284126
.028265139
.023289491
.023672739
.022869076
.017611389
.017688097
.028098180
.016250686
.021946663
.026018314
.021562206
.019594506
.025359315
.025451982
.022260328
.025065275
.021291540
.019036299
.024670444
.019578255
.020227545
.015455522
.019327089
.022874659
.024552027
.023058866
.023564531
.021727329
.019761046
.021422248
.021574080
.023373823
.021758830
.020725459
.020439251
.019459630
.021157624
.019445672
.020418585
.022148703
.023422406
.021402414
.020319460
.020084753
.022322078
.025606814
.018322635
.020319960
.022153161
.022072203
.021635330
.018360885
.024814358
.025262774
.019827004
.021899537
.019515922
.021052416
.024833317
.020420584
.022341244
.022190411
.023377114
.021888287
.020578584
.015457604
.015064106
.019943003
.023270157
.017831970
.020960999
.019104048
.025386940
.024754984
.020169752
.025891563
.023371614
.018912549
.021785121
.021659704
.025699855
.023450073
.024077153
.020784791
.020887708
.014321317
.016446934
.019996836
.021874995
.023605781
.019843671
.024563110
.019481255
.019027757
.023578405
.022411869
.018503217
.029099008
.020205794
.021520164
.022194536
.027090475
.022826866
.019098256
.023381572
.021652079
.019572338
.023846279
.020028211
.021745079
.025790146
.024424818
.019088465
.022137161
.022654951
.021355914
.020716708
.022674701
.023106823
.022618117
.020744834
.020534500
.022528034
.017895053
.023826946
.024488485
.023116866
.021700579
.021007666
.024046487
.021965495
.014780441
.018319302
.017506763
.024816776
.023867196
.021037416
.020167418
.020303418
.018466676
.025221274
.020784834
.028647134
.025322399
.024754526
.023631155
.024197403
.023192157
.019001549
.024027904
.023264490
.023002991
.025179940
.019087673
.022576784
.026341561
.022143120
.019146965
.022581826
.019742254
.019372339
.021675246
.022469993
.022645992
.026415310
.021619830
.020742875
.021106499
.022610117
.022204410
.021381581
.021131957
.017947386
.022356410
.024010237
.019311089
.021041374
.022018203
.022759367
.022238286
.020714125
.025251982
.021329164
.022786950
.023939946
.023452031
.023099282
.020374793
.024483193
.020074044
.022202536
.022383618
.022666825
.023523239
.027462931
.023794988
.022138827
.022323035
.024328986
.020214961
.021446539
.023368156
.024055153
.025562689
.022390743
.021937703
.022357577
.022639117
.022783658
.020283585
.025256190
.021901328
.021998037
.022382493
.023757196
.022414202
.021379914
.019782003
.025028941
.021454163
.023663697
.021776620
.023711571
.025675355
.020143252
.023920904
.020300085
.023619530
.024468901
.021966578
.023746946
.034347112
.022468784
.026811642
.023282906
.023015908
.022079370
.022558201
.020675417
.022097244
.022517285
.020584751
.020489876
.023060199
.022522368
.023399989
.022369826
.022466034
.022520701
.024379902
.023052283
.022889825
.022824783
.022519159
.023503114
.023062824
.024438902
.024688359
.019933253
.020658292
.023203907
.022996033
.021698621
.021718246
.025330440
.020420834
.023877779
.024284319
.021690913
.024963025
.020753375
.021804412
.023659488
.020828000
.023216115
.025287440
.021941620
.021408872
.024510776
.014897815
.018960382
.019967295
.019572171
.019716379
.024264819
.023762030
.024073236
.035053317
.021077165
.024964983
.023433406
.021872953
.025479481
.021274289
.024146695
.023236365
.020231252
.021658121
.022194869
.020076294
.018941049
.022179370
.022678617
.024490151
.023540572
.024002320
.022405077
.026524477
.025547897
.017950012
.023708197
.020845958
.021282581
.019969628
.021571122
.017099182
.023430822
.024421902
.024681609
.016727349
.021933162
.023102448
.022789700
.022671533
.023118366
.023322443
.024974025
.025313275
.021316277
.018660821
.022454027
.023058360
.023065301
.022722218
.025917838
.017096184
.031966246
.019428390
.022001469
.025484783
.028898109
.022305623
.024596618
.022191206
.020701667
.022372039
.024586108
.019696328
.019920994
.021961198
.016648544
.021603906
.022136072
.023656395
.021857857
.022097107
.027068594
.023667727
.022694688
.021304817
.020392482
.024010471
.019128527
.023876639
.025471842
.024231553
.016051286
.020611019
.021087809
.022717805
.023084095
.020964893
.020280229
.021241433
.022745468
.023024467
.024915586
.022879593
.018822230
.023814048
.018954938
.022838006
.018722770
.024186127
.021650344
.023094590
.018290439
.028245114
.022857339
.019969557
.022053883
.020013598
.024539499
.022692505
.019421225
.025072330
.024226166
.018030021
.021202218
.022554255
.022948796
.022282589
.025983325
.027493861
.025003412
.019210850
.021399342
.022516129
.022117714
.026418948
.025518576
.023330709
.019623430
.021905339
.022231379
.024476580
.023150250
.021886338
.019904137
.025482076
.022753460
.020663426
.023397374
.021914796
