.063991181
.034119204
.035886529
.037027102
.037661099
.036791895
.037086602
.040152753
.036140857
.038081345
.037007723
.033164078
.036957641
.037367389
.036801309
.035133691
.035731228
.036987471
.035306064
.036248142
.037981258
.036175642
.035834019
.036202474
.035641185
.035746809
.035653893
.038089297
.035817809
.037043969
.040196658
.039117623
.037201717
.038784291
.036905551
.036392054
.035006894
.034881061
.037070341
.037286798
.038647749
.037328339
.038806415
.037676045
.038133835
.037306422
.038854705
.036105346
.036904758
.036545092
.037493130
.037022840
.035951929
.051026056
.038312208
.037153756
.038950287
.040726528
.036316177
.037202422
.036476801
.036903757
.037484379
.037179547
.035887804
.037526961
.034910059
.035533347
.035215183
.037302046
.037210505
.036180885
.036076052
.036942506
.037000547
.038096375
.038804162
.040823985
.037076297
.036315342
.034643268
.035167390
.037124671
.035853053
.037195546
.037594419
.036214717
.038750662
.038482330
.036974130
.038264040
.038325998
.036309093
.040046489
.036261967
.037227046
.034640810
.037810417
.037537752
.037061171
.037270420
.038233373
.036367300
.036779257
.036300175
.036822714
.034139812
.037493794
.037514252
.036458883
.034739434
.036293467
.034695018
.037389170
.036049135
.036018136
.036654340
.035494638
.034782684
.038654996
.037152712
.037863792
.038000291
.035975510
.036373717
.036787589
.039712532
.035522054
.037404669
.035926177
.036490091
.036731798
.037936042
.033988438
.036299717
.037105588
.036761673
.037607252
.041847062
.037766501
.037838167
.037388920
.036069052
.037147129
.038241206
.038912453
.067400088
.037390503
.035767762
.037551335
.037409336
.038412039
.039043202
.038720579
.035552513
.039084243
.035399513
.036777506
.035797261
.044675712
.037861292
.038362748
.036717131
.037247629
.036578299
.038434955
.038360789
.036423050
.035165640
.036441217
.038078874
.037187253
.039161368
.036223550
.034609393
.036876048
.036485341
.039084410
.040598110
.036010011
.039321534
.037265045
.034848767
.035306889
.037068337
.034722975
.035453514
.035108223
.038525580
.036860422
.036112259
.036924380
.036652381
.035962760
.034371811
.036320426
.036228759
.035666221
.036695048
.039583658
.037383127
.034974141
.037271378
.036222093
.038187373
.037205962
.038219748
.034599477
.036973339
.035363222
.037836167
.035889303
.037894917
.035626720
.036263301
.033976979
.037260795
.037395044
.036676756
.036809298
.037703126
.038131790
.035581804
.038212581
.036868589
.036668465
.037464044
.036564674
.035352389
.035364972
.037299128
.038045957
.036537590
.036378508
.037989207
.038069123
.035102473
.035107348
.037968291
.047734195
.035535805
.038369997
.042629640
.040423736
.037851125
.034404936
.037612002
.037830459
.037087254
.042724848
.035784345
.042030519
.040703234
.039003410
.038125540
.038367372
.038962952
.035162557
.036570340
.034836767
.035474638
.039783281
.035943927
.036478799
.035507430
.036566632
.035321473
.038842453
.037551293
.035125265
.037059005
.035652263
.036870380
.036391258
.038316706
.036586549
.034944308
.037164546
.036490633
.038634413
.037207920
.036211717
.036052635
.036548341
.034680934
.035150015
.034243187
.034014813
.038126790
.034672642
.036562298
.035447513
.035979427
.036079760
.035183848
.038845453
.034206395
.039565907
.037775167
.039648616
.033314067
.034357353
.036662423
.036096510
.035523680
.033613940
.037688751
.038360831
.035754387
.035557262
.034723934
.037547168
.034056771
.039531407
.036006468
.036744089
.039145701
.036484675
.033865522
.045807748
.036136427
.037693668
.036638632
.036875298
.038525454
.035753595
.035692970
.035908428
.037069087
.037244962
.034956891
.037618835
.034618226
.037615710
.036035552
.037364836
.034935183
.035253222
.035805012
.034508352
.035648637
.035765553
.037259045
.033789231
.034651809
.035765095
.036271050
.035962635
.038514580
.035470929
.037771042
.036093926
.036844297
.034828516
.037527626
.036134003
.035184715
.035838797
.036036172
.039208622
.036234087
.037142252
.036779642
.036992225
.035307522
.038634887
.037204266
.035085773
.037573265
.034647962
.037833535
.035953375
.039429530
.038394367
.040504026
.039629682
.037402813
.036369067
.036948232
.037313105
.036580191
.038009978
.035402851
.056445347
.034680354
.036943011
.036779762
.039289668
.036261512
.034695054
.034895679
.036269839
.038354538
.038001206
.040058864
.035592752
.039158403
.037865700
.038403406
.034700507
.035129297
.036898330
.034527337
.033897672
.035893746
.034569544
.036515952
.039720354
.035511872
.037753818
.036498365
.035920285
.038172982
.038439731
.041030176
.040577759
.034634705
.036232030
.038495977
.036657903
.035816741
.036676236
.034731577
.035721947
.036687401
.037012233
.035976488
.037220607
.038390350
.036624733
.035720196
.035474906
.036563692
.036640567
.038141975
.036327441
.034554825
.035081573
.035852028
.039859007
.036036694
.035564779
.034951240
.037742059
.036621982
.037733350
.036963063
.035408029
.037331853
.037005937
.037017312
.039609549
.038983594
.039114802
.039058551
.035091780
.035379694
.038699887
.037353185
.037782266
.035226903
.038438887
.036404356
.035017655
.037079852
.034487865
.036703146
.035256695
.036480230
.037225435
.034917655
.037162310
.037545474
.034344825
.036396689
.037879556
.037319226
.036755854
.038741093
.037818057
.035172403
.036978186
.034595322
.037298393
.036718479
.038445220
.036768520
.031969295
.031960669
.036251189
.036974727
.036906103
.035635734
.035343693
.039429048
.036936269
.038925300
.035050862
.036621354
.036646729
