4.061867923
.026248870
4.036689735
4.039409326
.027331455
.029092249
4.020412426
.022583448
4.029282397
.025192410
15.259483968
.029859801
.018785380
.022775548
.015796129
4.035035967
4.035673368
.021727267
.021403268
.017919265
.018486140
.038925499
.020681728
.023794558
4.039893772
.032726427
4.041542310
.023943345
24.204048139
4.039404692
4.034642367
.025431036
.024062577
.018953204
.017834662
4.050368365
4.032464704
.023194453
.018944995
4.031745621
4.040277035
8.033899874
4.044015643
15.245475268
4.040382998
.029852517
.021970648
.018710026
4.039270629
4.036966768
.028582476
11.248375984
4.041547811
4.046527746
.022619677
.021060762
8.049990677
4.042184086
4.044760743
4.043735760
.021123666
8.045142789
.024728445
.018898460
.021022372
.022236994
4.039728837
.028078276
.019132919
.018817670
4.036660029
4.039097425
.020231335
.021745999
.019642836
.021327999
.023186537
.032004538
.018525200
.020437694
4.039704629
4.046466612
4.044386972
4.040561259
8.031990816
4.034519806
.022356178
.025939834
.037179340
4.036678848
4.047592707
.026992105
.022095333
.018958220
4.037293334
.021095587
.019778758
.018969137
.018968053
.020006966
.018303930
4.039124120
.021435877
.020783379
.019821466
4.036354173
.023653201
4.043164106
.042523603
.031184509
4.030978950
4.032414909
.026493866
.018975613
4.037748135
4.037501928
4.034474277
.030867344
8.045673247
15.258204206
4.029786070
4.040086414
4.032153563
24.206969225
.020490134
4.037263085
.025541563
.020891381
4.030378178
4.038138982
.028630378
.021401935
.018750662
4.034301916
.023189141
.020792239
.022630811
.017613302
.022189605
11.243388612
.022585983
.020657745
.033877967
4.035168124
8.052953752
4.029492966
4.039353450
.029416755
11.233645433
4.048261018
.021217645
.019281408
.018820787
4.034861486
4.043730565
4.037903952
4.038181691
.022330362
.027161407
4.040077124
4.044844716
4.035512959
.033230249
.022567622
11.235621977
.025701140
.018878607
8.042939109
8.050081889
.023152534
.021045925
.026974797
.024958937
15.252893643
4.036599362
.023923171
.030809582
4.037251252
4.032580109
.027295528
.021019630
.018881693
.024341431
4.039037061
8.041272976
.020071448
4.041289578
4.047247539
.022156848
8.050169518
.023715417
.020147865
.030356215
.024231064
4.050235285
.023186033
4.049611712
.022670745
4.032637997
.022838244
4.033072993
4.041986243
.031731141
.023896136
4.042488538
.024197300
4.035758564
.021510952
.021494327
.021092997
.018303775
.019734678
4.032258766
.027206270
.023092061
.021159455
4.036555264
4.033885155
4.038412192
.029726660
.019912859
.017735510
.016570731
4.020912371
.020697485
4.040396726
4.032337628
.023458251
.018491012
.019552460
.019354503
.023558458
.021379315
.016586158
4.038398378
11.239461236
4.039728895
.025733769
.019560376
.024215702
.028280992
4.034456242
.037957950
.023082284
.020413271
4.044074080
.020744809
4.043460295
4.044362596
.021844660
.019888308
4.037464987
.029101433
.026575589
.025537810
.021707440
.023606625
.020580788
.021532151
4.039165311
.027678088
8.052563360
.033318864
.024103670
4.034187155
.026948205
.034215398
.023376125
.024393332
4.034299221
15.248441456
.029631093
4.037197564
.023643959
.022651763
.021954813
4.031930984
.025792516
4.034234733
.024878486
11.247777948
.022989967
.018466064
.022119561
.025146607
.020427874
.019862964
.020037837
.023310297
.022588806
.026771504
11.234870983
4.045144662
.021916978
4.037338333
.027428535
.029811085
.027677657
4.038814687
4.034468071
11.239796259
8.051297523
.025628921
.019686080
4.033489582
4.041578270
8.051223201
.024694474
.020968022
4.038654517
.021614181
.018698384
4.035208560
.029936932
.026176857
.019705944
.033716798
.022107245
.020259520
.018572584
4.032745138
.024575796
.023167148
.020299020
4.047493059
.022145597
.028227069
4.038218859
4.041738766
4.032536958
.025686098
.020875457
4.035973698
11.244994327
.022189982
.034244504
.020296581
.022338510
4.048011582
.025566964
22.453946808
.020264791
.017995032
.025899709
.035452011
4.034076251
.024807129
.021088601
4.036833585
4.045956516
.029784290
15.242825024
4.052734123
.019110288
4.035882175
4.036390767
.022904508
.022212229
11.243134003
.022766593
.019442522
.023290085
.017875839
.021391032
.020017554
.019575769
.031130172
.026583327
.025067143
.018825158
4.043953887
8.040724206
.023514251
.021569031
4.030779647
.026816115
.023428877
4.039726588
.026728825
.018884324
11.244053440
.019967474
.018220127
.034791544
4.027790633
.031666003
.020957935
11.243717929
.021567313
11.248754536
.022333551
.022081014
.022261844
8.041485553
.028596699
4.030373703
.028530533
.019453223
4.041218775
.023371159
4.041819224
.030830312
4.049115387
.024108387
.022299583
4.030437734
.029362369
4.035965808
.018238686
.021216885
.021263175
4.031654675
.021761167
.019797284
.020922807
12.045256388
.024061818
4.035024982
4.030721443
.023027303
4.049218377
.025283096
.026618865
4.035954418
11.235402093
.025044267
.019112247
.039817992
.022320266
.022741382
.020413257
4.038537368
.028018288
4.031329749
.024766096
.024508393
4.041524815
.022005938
4.044555928
.027557338
8.050530800
4.030847800
.033045966
4.034675006
.022309332
.021231395
4.028753492
.022177883
.026292514
4.045580404
4.037194323
11.244954465
.037080183
.018638818
.022795532
.021314602
4.034048900
.021871800
.043297069
.015688583
.022721285
.019546719
.017951415
.030834884
.024132884
.036001496
4.034959376
.023438355
4.032642461
4.040552355
.028382304
4.035542656
.021267229
.026103764
.023855181
4.036624470
4.034602424
.024086801
.022094963
4.040014698
11.234393247
.024830084
4.028963101
4.040832840
4.048420826
.023223902
4.040439718
.025510069
4.037994761
.031331085
11.243585883
11.233961796
.031044511
4.042902151
.022663791
4.036646183
.021972178
4.035259875
4.036761056
.023817602
