.039638209
4.030630498
.025371497
.024434306
4.031344848
.025050500
.024284765
.021478607
.023655985
4.035974717
.029638833
4.038396735
4.036883661
11.231739394
4.049072222
4.047541375
.023376114
4.038239587
.024442760
.027217543
.019142733
4.036202042
11.239415787
.024619980
4.037783766
.024952050
4.050530539
.021719356
.019033864
.019529687
.015543509
4.021949122
4.040163236
47.515250431
.027228471
.019342153
8.048930249
4.048056216
4.035713938
.023596910
4.039207458
4.039709116
.027976831
4.042988099
8.041229536
4.038667121
.021522165
.019696281
4.041252017
.021263792
.034488889
4.031403024
.028011035
4.045268753
8.055153101
.020765304
.018678382
11.230794058
.031879235
4.035908947
.020426060
.020323936
.020921843
4.029860844
.023912415
4.034874714
.022288902
4.040434701
.020757804
.028900045
.022751984
8.038902602
4.043740571
.020596021
4.043656039
.024119221
4.040101879
.024656306
4.034875630
4.041686135
.020753692
.022490913
4.038065725
4.041293098
15.241757746
8.052535517
4.043240410
.024014678
4.046887015
.026964670
.018975638
4.032653107
4.035313250
.021313546
4.036606657
.019827262
.020052216
.030655287
.020496579
.022242717
4.033937785
.033287450
.018677399
.021767056
.036217508
24.197139805
4.040961425
.025044803
.029073029
11.245511975
.028995739
.019795429
4.028363753
.023855030
.031634291
11.237050278
.023804040
.022053234
8.047946774
4.033931437
.022944278
4.040209159
8.046448285
4.036638933
4.041815716
.022141951
15.254424179
8.054087286
.021335473
4.036147881
.021361805
4.050362002
.021898422
.022158793
4.026783480
.031204908
4.030714009
.035970043
11.239035765
.022807378
.020149083
.022953917
.035077040
.021728626
.018720166
.021768627
.020748182
.019146953
.019195952
.019465532
4.039730765
.022346649
11.242448685
.020030678
4.040151071
.022349103
.022799597
.018009664
4.026937621
11.245756811
.022609808
.020050219
.017622753
.016524684
4.028809216
8.052496391
.023534889
4.035253667
24.210135564
.023728888
4.041652513
28.220832278
.021790322
.020995623
.021094163
.016870005
.030343647
.023106866
.019950490
4.034276370
.020865021
4.040468675
.024504274
.019953549
11.246682205
.026876061
11.239842755
4.039678555
.024479126
.022586774
.024239879
.019220064
8.042717949
.026330228
4.036906678
.019573142
.025907358
4.051234417
.022172028
.020092719
.035088561
.020552226
.021961292
.020035231
4.037009865
4.040359406
11.240582653
4.042106218
.020809681
.034784523
.022179165
.029914036
8.054002740
.027528501
4.046934001
.022572359
.019888005
.020991080
4.036086739
8.051016714
.020685721
.021041511
.025674522
24.210173573
.022290996
4.031662424
4.041531705
8.050271304
.020990384
.023207070
.018588240
4.039445515
.029755360
4.041855163
.021021980
.025908811
4.032271082
8.045065331
.025683011
.020596659
4.033343694
.022578237
.021452371
.020556045
.025686087
.018858767
4.034681049
.019465800
4.031840650
.032578190
.020905952
.020929120
.020264250
.021396615
.020261624
.021837695
4.044827826
.022057276
.020969785
.022166192
.019056301
.018028018
.022701687
.017857436
4.032679624
.023267058
.018477889
.021693612
.018423806
.018159850
.019515339
4.038639739
.022121067
4.040844720
.020986993
.025577872
11.239366745
.022967227
12.047441809
4.039440872
4.042051913
.024879021
4.034566420
.034930428
.020951757
.019324302
4.042647921
.025936289
4.034623291
.021049776
.026730154
11.239445539
4.038171394
4.048194124
4.037884606
15.249942812
.023336535
4.037268951
.026718808
.026951932
.019164058
.020636258
.022047458
4.040913097
.024060906
.022477374
.018867143
11.235966662
.034604899
.019992698
.018219366
.019990573
4.034479436
4.038158798
.025561477
4.039348409
11.245179860
4.045491960
4.041344138
.022664883
.022017136
.020915223
.019353645
11.245084786
.020044100
4.035159403
4.043328960
4.037583436
.020749682
4.043103269
.026536319
4.040585489
.024005229
4.044686644
.024192853
.027197850
4.040571521
.025614852
.028263557
.019315607
.036205219
.024986382
4.037665081
.027937008
.019001672
4.038334995
.024364257
.027061549
.022817590
4.031098118
.025615507
.022277757
8.049479399
.022071506
8.053797255
4.039274194
.031678505
.021992311
.023278397
.026276781
.020953517
4.040748207
.024072002
.021901581
.023638543
.024044751
4.031100691
.026470583
.021685951
.037582507
8.042654222
4.040694714
.028432953
4.021765178
.024982109
.019048010
.022352936
.020307471
.034570343
.021921309
4.021849538
.024792317
.023288896
.022102393
.018625217
.025048610
8.042012566
.024229774
.024263857
.023971022
4.047834562
4.044938013
4.033598899
.026941573
.020276263
.020725390
.018861426
4.026759840
4.044620774
8.041832157
11.233074497
11.240604690
4.039283969
.023002548
4.039488303
4.040180388
.024106844
4.043012107
4.029730639
.026084101
8.046482644
.022734709
.019207308
4.042159165
.023321052
.017995438
4.028583256
.027398978
.018012011
.019850854
8.049159826
4.036866823
4.042564740
.023883080
8.051400122
.027875475
.020284020
.027753224
.018918513
.018619762
4.033231930
.020465688
.022194821
.019597683
.017451963
4.028427948
4.047529961
.036505020
4.036921787
.026252332
.020860048
4.035169150
.028791931
4.034541188
.023426438
.020988423
.021487551
.019564581
4.032692552
11.244508663
4.035213426
4.033241067
.032140156
.024858811
4.040766160
4.044925202
4.038171059
4.044653687
.025339564
.023618676
.020450903
4.043180967
.024838768
.025026937
.022287708
.022541460
.019666064
.020447527
4.045391733
.023726677
.022887504
4.046498532
.032483292
.019592271
4.031627493
.031540717
4.037385284
4.039487680
.032923750
.022740243
11.238922644
4.040282292
4.039683836
11.232488272
24.211788142
.022788998
.027018896
4.038810597
8.053913759
.026754256
.023933016
.022670128
.019901680
4.037855045
.019908010
4.033649854
.033557838
.022697785
.022315488
.028673485
