.050004002
.025634681
.023707348
.028098693
4.032641573
.025106046
4.035333757
4.033331566
4.042066334
.023132632
4.046273210
4.047968299
.023518657
.022630304
.023620785
.035187670
.034168323
11.239822596
.030724050
.023115164
4.040599009
.031857992
4.038198393
4.042289026
15.247536882
.023874806
4.044064247
.029070530
.020729414
8.046344658
4.036930076
.024986308
4.043349813
.022999177
4.042300890
.025886221
4.038948038
4.031978896
.023362371
.021141274
.020424173
4.042224877
4.043744353
8.046166027
4.037217429
11.235470075
.026787368
4.044515230
.023164946
.023049985
4.038258826
.022171338
4.037361596
4.040315712
.034418368
.025482518
.019701664
15.254105700
.028278353
.032012949
4.041816446
4.036616904
.022195727
.027946342
.023524967
.024325488
8.038896002
.023851586
.021466356
.022543010
4.041931637
11.247568991
.035162297
8.044673576
8.048992730
4.040328573
4.040916880
.025659840
.023472699
.020092027
.034466010
.024525939
.033000677
11.235427157
11.235187871
4.042762025
.023811260
4.042492640
.028043539
4.037895517
.026401745
.022381722
.027412772
.027087139
.020718094
.035418986
4.040911097
8.044695912
11.233819935
.023064505
11.231048060
4.045394782
4.047460836
8.054627430
.036175043
4.054854732
.035117859
.024598106
.021446684
4.040532507
.022372581
4.040843647
.023955166
4.031816080
.028245368
.025605336
.019331829
15.247177664
.034611050
.020382570
.020271900
4.043764678
4.039474223
.026017435
.021570561
.031113786
.021950405
11.239496455
.025151661
.019560588
.021685314
.021828609
.021888862
.021072505
4.034382870
4.034151512
4.041900558
4.044566041
.021656315
4.037955668
.023802167
4.033470386
.024182553
.022658426
.023601495
4.032431974
.024176219
.024616648
.019590966
4.040323483
.020664037
4.036549835
.028649552
8.049035913
.024790861
.037250085
.021975199
4.043034767
8.060799283
.022508131
.021284638
.021163176
4.029449053
4.042466001
8.047113390
11.240210489
.026348571
.022738928
8.055015470
.026233193
11.250997137
.024649315
4.052656196
4.030414703
11.238628540
.040109202
11.246739726
4.039430808
.032289678
.022902504
4.040416114
4.034874934
.023791409
4.041185195
11.256401122
11.243587899
15.250613878
4.039825848
4.045669506
.024758387
.039160994
.032331020
.026047904
.026054709
4.035540203
4.036915673
.031658236
.023450888
.023981944
.020481016
.023786439
.021672923
4.031368444
.024236577
4.044762667
.023792856
.025169102
.034212640
4.039753265
8.056095186
.030414328
.024119908
.021573796
4.023694579
.022902207
.038686096
12.058856348
.028660655
4.054586295
4.042176097
.028306090
.020476964
.019385226
.021900586
.023170703
.020456255
4.036889796
.022029634
8.040575480
4.032146230
.027293276
.023329920
.034516623
4.048675381
4.043488544
4.035874118
.033086586
4.046148983
4.043046903
4.040468710
11.237468710
8.054619826
.024950777
.018571193
4.030693890
4.040551138
24.208480488
4.044959183
4.041437214
4.037013439
4.039429478
.026504002
24.212405685
11.241326053
.023856861
.030488240
4.035978125
.027086069
4.045051066
4.038214015
.022706332
.025629240
.022254195
.018597685
4.042472701
11.246899397
4.045985013
.032275991
4.049070250
.030296863
4.044133388
11.239430124
.024082003
.022472339
.016804035
4.050238111
4.038580227
4.038045847
.026361810
11.232348860
4.045915959
.032480001
.023528699
4.029590060
8.053971286
8.051374599
.024426777
.024668283
4.037103944
4.040337155
.023660060
4.041008688
.037617644
4.040161443
4.040293961
4.045669641
.026145434
4.047853331
.035835249
.024031530
19.258954483
.024724507
.027559903
8.048219116
.028503382
.022398831
.021556187
4.036504000
.023863779
4.037239016
4.043100230
4.044237010
.034659518
.035406090
4.036196003
8.047497761
4.046304900
4.045580214
.028539536
.024520788
.021642064
.021362516
4.040239648
4.037528423
4.034242747
.029907779
4.022533414
4.051307928
.026365165
.026403666
4.040411750
.030100242
.020879720
12.057114437
4.042146119
4.046724019
4.034236985
.035494028
.022627692
.027703166
.022915948
.023104118
4.042911638
.023480687
4.037312915
.029322575
4.030763484
.027581908
4.037326919
.023638017
.022665916
8.055271527
4.043217212
.025104675
4.043813009
4.042672648
4.041593540
4.046411453
.026703886
4.041998844
.028317290
.023135115
.021400460
.022406436
4.032284260
.024531515
4.053506398
.022827753
4.042104885
4.046983426
.035186666
4.037970445
4.025011981
4.046465335
.028906603
4.040763868
4.039078768
.021202459
4.039905453
.022027696
.021603149
.027665362
4.034205705
.023677527
4.027454948
.026725786
4.034240776
4.043212370
4.035442412
.033741772
.021793671
4.034910418
4.049329684
4.044317440
.023439030
.022733227
.021318664
.022364971
.023785993
4.025711611
11.236242282
.031700755
.023608012
4.036016186
.025735499
4.034924272
4.041807484
.023317832
4.036139626
.027006803
15.254948996
.030249726
12.052990179
.024023637
11.241715991
4.037698812
.028528674
15.248404238
.037587653
.022876762
4.041932413
11.250711875
.024018322
4.038095785
4.041029690
.025798343
.022965393
.023730527
.022661473
.022052883
4.042186508
8.046482663
.025610841
.033125137
.018878012
4.040928122
.027270068
8.049871246
.030542940
4.037787116
.026455661
4.036031414
.024157135
4.034503910
4.043935446
4.041331731
.029172711
4.036146833
4.041292817
.028323455
.025528676
.028958420
.025952097
.023598365
4.037229904
4.037503168
4.040136489
.024165621
4.041601005
8.047672774
4.036204159
.027069401
12.052773285
15.254118842
.030421346
4.040165438
.027800115
4.031548788
8.061685443
4.045842912
4.036448806
8.050741914
4.041104298
.023357374
11.247903846
.033454421
4.051605656
4.036687996
4.045653057
.024529337
.022783372
.019608568
.021045741
.022843539
.023791042
.018781235
11.238692496
.028370986
.022869923
.021377751
4.035484799
.024349845
4.032269972
15.251256390
4.041654600
4.035148950
4.039344042
4.038399634
15.252229638
.023053219
