.456643913
.442781053
.437782750
.437095249
.443847547
.438238858
.435143578
.427971544
.431157753
.448344038
.445572622
.437868150
.439499658
.436990527
.429860509
.445384839
.434028195
.439721330
.432695474
.434240526
.431794747
.442023272
.431375992
.439383126
.443316262
.433492031
.431067143
.433911450
.441478551
.436969306
.448238763
.443170125
.434170808
.437522929
.435240035
.438667289
.435286040
4.439809469
.440726166
.434990797
.440467140
.435836803
.434255258
.435532914
.432448366
.439445909
.429431461
.435692627
.445851080
4.440091153
.435090536
.436591185
.436097936
.438949193
.436394334
.443940090
.439256346
.433915608
.440698874
.436648110
.434459706
.441256223
.442126087
.429241922
.436574395
.437156854
.432682837
.439367784
.436001122
.437374437
.441559658
.432725777
.437764695
.440231189
.443953716
.444086147
.439857842
.433008489
.431859831
.448928588
.430855941
4.439775019
.434696271
.435030730
.433549633
.434533214
.435858528
.438851785
.433697332
.438244935
.428381074
.444459080
.439955814
.435230517
.438356951
.431649029
.435896882
.450461409
.446826997
.438993941
.434709534
.427345143
.433390247
.436131725
.432449965
.435583526
.452824734
.437249730
.439874793
.436998394
4.433225518
.438246334
.437914937
.442067134
.431246414
.439971612
.433854125
.429278932
.445050899
.432979294
.441590088
.432968922
.434201457
.432624779
.438948900
.435786809
.427033287
.439887468
.433620819
.431898603
.440843335
.442427818
.435099633
.432640920
.436249090
.433067843
.437989348
.439392701
.433289480
.436250651
.432967145
.434693559
.435242555
.435877368
.430137072
.434300355
.429369500
.437865995
.436590092
.437714024
.441073945
.438166449
.433292582
.435137931
.436488281
.432347788
.435842852
.429538690
4.439519786
.434960547
.439440316
.432974639
.437493110
.441231548
.438535180
.437906913
.435330358
.434213759
.436913418
.434981293
.443333435
.443283860
.432908526
.434553909
.435533656
.436277528
.435682630
.439172529
.437537185
.432800294
.440951264
.440630402
.428863224
.435349438
.438380582
.437322765
.434030207
.435309445
.439594289
.440818786
.435434923
.441259627
.434414392
.436503364
.440263365
.431701189
.431628743
.447547002
.448560222
.430994177
4.441097659
.446081844
.447194265
.436013426
.442633331
.439627241
.434000476
.443634109
.435775181
.434316481
.442783854
.433967092
.434985583
.437664622
.431394250
.428378774
.444988484
.437626175
.431765606
.434329497
.436910342
.434006095
.441139070
.444598805
.433045804
.439338424
.433767388
.440877907
.443499121
.430989368
.434374117
.446790719
.441394652
.437600766
.443103981
.432705697
.432229987
.446387039
.437885259
.436842231
.444050401
4.451050351
.438000725
.435543755
.440502602
.433786216
.436318708
.430930379
.439354325
.436115705
.435516784
.437517284
.436679437
.441590132
.430228062
.425891645
.437822124
.437263368
.438608531
.449268926
.433072968
.439026899
.441465794
.430087712
.440164632
.446484217
.437268965
.438067030
.448401743
.433168679
.431330086
.439086044
.439785045
.439058048
.433501737
.438711234
.441596682
.427690429
.435293253
.436045495
.439505634
.443323502
.434473690
.433914955
.437667126
.427911266
.435991588
.437445748
.435970467
.458911541
.438387498
.435869193
.434163911
.427470302
.438835211
.441860344
.431939137
.430090047
.433742069
.431911475
.433607301
.435439269
.431839613
.444723587
.435807371
.435814244
.434155245
.433219119
.442005526
.439734969
.443559668
.431808452
.437000160
.430768886
.431291210
.438972645
.438450862
.435636234
.444483880
.441680417
.438555844
.439614740
.439283965
.436444883
.438690862
.434990807
.432156473
.434829585
.445259827
.436720376
.443163164
.436931183
.421491969
.439300348
.438006969
.436713071
.432060170
.425492627
.433220065
.439428451
.437779309
.440124904
.437476313
.433281087
.442789737
.445840528
.443204657
.430673030
.444411189
.437014990
.433782725
.443220311
.435633521
.440220004
.441194082
.442946981
.433469192
.432921580
.437860459
.441037858
.441358176
.440908672
.431852934
.439664016
.435994787
.434985966
.435437427
.438860615
.436423962
.435405267
.432724197
.436334478
.444885429
4.442709914
.444282743
.434367366
.437318220
4.450670177
.438153948
.438497846
.438234726
.445644170
.432031861
.434608532
.436465496
.436023574
.434392695
.430008384
.434848589
4.432161197
.435637382
.444206036
.442369580
.446095211
.444487006
.431636612
4.441837570
.434273928
.445405550
.436428076
.446106206
.440858665
.429906751
.436301417
.439051599
.443297019
.440775752
.434408785
.431501628
.442933246
.427691713
.435693057
.442732321
.434168033
.434085797
.440631731
.438013524
.435430853
.438152166
.442910372
.445091364
.438821840
.438688488
.436075572
.434516929
.438884579
.438334592
.436115899
.441058780
.431961794
.432631510
.435050252
.432968492
.439423734
.443915403
.441575939
.439133993
.433620044
.439393115
.433657288
.433917617
.429006521
.438599087
.440676473
.438193450
.440390148
4.433122347
.440069412
.432582435
.438401039
.442959196
.433001877
.447678082
.430482832
.433714676
.450349449
.438460882
.439368345
.444708310
.440062486
.438944524
.438985973
.437838180
.438345004
.441200843
.433136467
.431476709
.436194142
.445134398
.438192054
.439998555
.440047072
.434789521
.435007770
.438032820
.433225486
.431762361
.442025735
.442837758
.442954526
.438462308
.437426071
.435447791
.441629544
.438866775
.440058817
.441401832
.433264628
.438315870
.440886505
.435852925
.427671853
.441758060
.433055579
.435669456
.435773729
.435741277
.432380655
.439663051
.433077576
