.039856753
.021619852
.020305030
.024284785
4.050958363
.025753359
.021846981
.019312717
.026041199
.023782774
.025202014
.019079920
.024966258
.026459541
.023855900
.021601642
4.052724102
.041784165
.021831811
.023493347
.019999646
4.062993033
.031509856
.021176464
4.052459279
4.053705025
.039429675
.027795176
.022704276
.021708423
.021259331
.018353935
.020370394
.024798823
.021674298
.020075097
.021884802
.020952200
.025270543
.020439106
.025640513
.027984439
.021649260
4.049527401
8.064910322
.035573731
.022838246
.024919499
.024434322
.021892600
.026863166
8.066692994
.036452749
.027677726
.032333410
.020881162
.018628321
4.049941047
.033817068
.030656915
.021138958
.023973771
.026849832
.022997291
.019619467
.021476800
.021271503
.021878142
.017701051
.020975413
.020641240
.023251630
.029184258
.021157751
.019741845
.023959270
.020189397
.020244522
.020547863
.020291691
.017901055
.023484968
11.253206392
.029510307
.025941188
.023150377
4.044932495
.028151061
4.056441597
.026533185
.025377160
.022612768
.023717125
.028302430
4.038146548
.027565755
4.042201469
.034746912
.028012017
4.043723001
.032133022
.022733571
.029024580
.025786011
.023240498
.021886386
.022154267
.021279164
.020255601
.020886407
.019213037
.020060513
.024199060
4.050318618
.027338962
.020961533
.022496607
4.039510972
.038214528
.031836600
.022975284
.026500527
.021298123
.019461792
.021742841
4.037534472
.030166814
.024087975
.023457420
.021177662
.019118701
.020468814
4.042925547
.029829182
.023952097
.023388293
.022956784
.021778467
.020762237
.023251373
.022664194
.019349332
.019421083
.017691588
.019553044
.022527525
4.037873230
.029581009
.023366584
.022977576
.020633401
.024338522
.021061452
.021630589
.019460168
.020775237
.018855112
.018479188
.019343790
.023664966
.018931573
.022588567
.022705987
.021994888
4.043680270
.030553781
.038707151
.033837673
.021709500
4.055339356
.028763900
.021460370
.021919839
.018674645
8.079391760
.037364415
.030763400
.021275617
.019607039
4.044178002
.033529100
.024675899
.020785365
.021332459
4.039562108
.032997923
4.041180900
4.043841013
.029181855
.025505488
.022283546
4.048946430
.028489175
.022779181
.025757910
4.041513409
.032366631
.027491113
.023042770
.023807411
.021442320
.021748451
.020458092
.019947498
.027765202
.022760098
.019774952
.019158315
4.049869305
.025511739
.024175835
.024042207
.022612179
.023130564
.019351402
.023124481
.021048645
.018836349
.019632658
.021186690
.021585656
.022630803
.021099938
.025917706
.021841412
.021882705
.027089105
4.041591762
.024743264
.043637096
.026097281
4.068149979
4.056204198
.026107532
4.034424089
.032693374
.028474788
.022201869
.020721046
4.046096244
.036211987
.021999240
.020078034
.021709984
4.055786108
.029452141
.023693191
.019416603
.021718692
.022410998
.018976511
.023086470
.019785861
.019526439
.022491333
4.052843172
.027035842
.021481854
.018395374
.018561211
4.046710006
.038386323
.022606544
.018407500
.017933990
.021170556
.030139655
.022347830
4.039667407
.031841624
.027850217
4.036472239
11.256891101
.034809442
.030148808
.020141484
.020545991
.018214237
4.049518363
4.054706697
.028080100
.022763494
.020865374
.017595808
.023243962
.026949202
.020872623
.029937620
.024873981
.024659435
.021815630
.019677880
.026498554
.020847028
.017447003
.026708430
.021855470
.023286078
.020922334
4.050234940
.029485046
.025538139
4.059793471
.027508764
.023436522
.022068372
.022544380
.019848413
.020091126
.020908975
.017461202
4.051248609
.027311929
.025397602
4.054542971
.040777057
4.053533145
.029030004
.024794841
4.042691573
.038265760
.020466343
.021072770
.019601910
.021443195
.019420781
.033438295
.023413940
.022804845
.019264195
4.050874814
.039608910
.022681551
4.051497617
.028885209
.027800189
.021211106
.025346143
.019258112
4.048721773
.029413825
.025663090
.026674984
4.060709394
.022950583
.024078646
.022301822
4.037267802
.034083243
4.041566546
.037388721
.024073521
.024490861
.027789296
.024368775
.024703740
.024638739
.024416485
.022352031
.026817362
.027568959
.024698948
.021643559
4.035192639
.031137523
4.044236935
.031090555
.024913267
.025774114
4.043570820
.030538142
4.045381871
.038779759
.026745174
.020820404
.026271874
.019733677
.023407783
.028409870
.021184994
.019683635
.025787408
.020646735
.023037985
.028212242
.021651003
.022235888
.018953581
.020824363
.022273305
4.048647359
.031314421
4.046899036
4.066328150
.034153904
.031253106
.033404684
.023014010
.022342166
.021493568
.022508418
.025159421
.018371349
.025709513
.023015760
.019452825
.035107712
.025775806
.019914375
.023262514
.026641362
.038339443
.025062691
.022274812
.018749215
.023907130
.022221479
.021467633
.021448508
.021400008
.020779456
11.253566598
.033030277
.024955398
.021706929
.021149588
.020852291
.017975828
.026028749
.020994127
.021002585
.027253060
4.047202579
.025769994
.023520167
.023316122
.020254573
.021704347
.021762348
.020356741
.020006861
.022172312
.020964460
.019755982
.019609354
11.241572255
.025785620
.022514235
.020174781
.021573095
.022661945
.037375888
4.055838802
.027858320
.034611604
.024239694
.025039787
11.253771553
.027582872
4.044454404
.033909012
.021023484
.020084178
.017891770
.021708369
.018968495
.020379474
.021511033
.021177404
.020804606
.022154627
4.050014857
.026596153
.022591342
.022005999
.022752928
.020704146
.019569379
.021924581
.020195014
.020472560
.018728741
.018224192
.021995875
4.036101235
.028951980
.029422987
.030574546
.028407013
4.051558019
.030609130
15.269549246
.028551682
.024191783
.025295216
.026625861
.024487745
.019039121
.026053644
.020211848
