4.086958630
15.287128979
8.084493463
15.287157672
4.081586200
8.093598872
4.071179528
.047918045
8.081584505
8.080266852
8.072027410
4.067118904
4.071216134
.048877120
4.056751555
11.275615279
4.072451454
15.281048845
8.090841682
.059023464
.064870278
4.062117388
4.065616997
8.092617566
4.062556984
15.298278350
8.081355132
8.097173910
.049240095
8.090045540
.048583063
4.066700863
15.281546040
12.106205123
22.487991170
4.061499820
8.085981390
.052199872
28.256699337
.067860268
12.091430743
4.075077924
4.070501528
4.071852924
.052611081
8.072344510
15.279420822
.048281119
8.070041182
.066170675
.057327391
4.068634071
4.068214492
8.088452781
4.078478622
.050173027
.049345213
4.070072539
.045623195
8.093211301
11.271008664
4.065508238
4.082054164
4.072941459
4.066982383
24.235737520
4.068305258
.055881551
4.062957679
4.086544038
8.089894350
.044856688
8.091488760
4.071000174
4.066655867
11.276487673
16.101702649
11.269821985
4.071970127
4.084728321
.053596375
8.083511845
8.092834509
8.091599338
.047970650
.048873733
.057216972
4.065303453
4.071345008
.065125339
.046788735
.048225669
4.056335007
4.073081148
4.062855168
58.772243657
4.072744267
4.065456274
8.082252908
4.070243134
.047212207
.063682395
.047761093
4.081730519
8.083231170
8.083472323
4.069319702
4.075123476
4.069523949
4.087828296
8.068707119
4.070799807
12.104537403
11.267846305
12.093382503
4.077457481
4.061776637
4.076255097
.047912714
.062025880
4.070695264
19.301591092
15.290686571
.047255001
12.094074350
8.088059673
.044671786
4.071287769
4.065913570
8.081194283
19.288054934
.054817408
4.065563320
4.069110280
.052886873
.046329470
.048941640
22.487955525
4.058663911
4.066430867
.050258009
4.061781545
.053294077
8.077016455
.047760333
8.093357767
4.060362812
12.109884772
4.064093179
8.077209174
4.080688080
.049572975
4.066733014
4.084139109
.046964343
.046068385
19.300923341
4.075210020
.048094851
16.110162051
.046362930
8.094088803
4.075841416
4.086353220
.045633161
4.072127452
.056719791
.047210071
4.056665777
15.294980072
8.092518875
4.063924697
8.084261565
16.110679770
4.070988434
.053209806
4.071853273
4.071862481
4.060011970
.053976649
4.057347058
12.105615693
.048543376
4.062257276
4.068410967
4.075872554
8.079085807
4.067602943
.051816940
8.068607364
4.067148417
8.070942104
4.070570031
4.067482276
15.287921855
.046936582
4.077068095
4.074484475
4.064889922
.048635267
.043716288
.048029998
8.084616192
4.078646394
.046339229
4.066963888
11.280560564
8.081023061
4.081401640
11.276442271
22.494434635
4.079776411
8.085259666
15.291828835
19.307322460
.051768075
4.069879882
23.306857330
4.078546144
4.068337465
.048003995
4.069120329
15.276272255
12.106879974
8.096430991
8.091749918
12.086567934
4.065932208
.046308987
.062487054
8.091006331
19.286980239
4.077333028
16.111512846
.051034993
8.089731528
4.062215576
.052636182
.047965553
4.061575279
12.095107194
4.075254913
12.086191607
4.078034360
8.096309214
4.070330066
.046064540
.049015498
15.277043739
4.082810905
24.228239015
15.284486170
4.079893726
11.275834051
11.280627077
4.074639298
.049024679
4.062865395
.053179141
.049739326
4.078916172
8.090580493
15.294577705
4.068470522
11.273038592
8.086865811
8.082083869
4.075688434
11.264631465
8.093702859
8.088949207
4.071526015
11.273361542
8.091534007
4.062026003
4.070061350
.050331891
4.067183810
8.090611243
8.091877246
11.278640260
15.287368002
4.066897735
.052308125
.046542461
4.059882317
.063879367
11.274087061
.049920278
8.084975033
8.091814499
15.296778422
12.102406792
.046535573
4.068830294
11.270933988
4.073433875
8.088940500
.049317754
15.294473667
4.076442995
11.273547827
4.065026664
12.080642701
.056537875
19.302386640
.053504631
15.289157032
.055032253
4.068195821
4.072043999
.050711713
8.084266970
12.095541762
15.296449442
.055186582
.053465882
4.064991541
16.122982535
30.525621242
24.247084565
.049346688
.043435813
.063174388
.049900779
11.276651153
15.290192502
8.099717307
.049221091
4.067854331
4.068435064
4.070270718
.044054535
15.282139948
4.065900389
.055397076
4.065455277
4.063985404
8.095038451
15.271012303
4.060339501
19.262708805
4.068270480
4.074595779
4.071744220
.049982004
12.097750089
.054857135
4.074141553
8.077824465
8.075743968
4.074426942
19.308951778
4.073167974
4.072435244
11.291363909
4.074663988
4.090202122
4.064772608
4.062063510
4.063609094
19.303554939
.044111301
4.080065410
8.091969784
8.092026360
12.103974176
4.072478160
4.061026464
4.078536212
.049353386
4.084908314
4.068813761
8.081184057
8.082352166
8.077052756
.054030948
8.074706079
8.096425484
.047052378
4.069983122
4.067366449
12.077656000
.055458024
15.300407213
4.073166042
8.095073112
8.082439394
.061614833
.048324204
12.103138230
8.091555136
15.290567031
8.081190704
11.276098658
.054274288
12.096525750
8.095056168
4.071909648
15.290967910
15.287968215
4.085325215
4.072464556
4.071597413
12.102274169
.048034803
4.061555198
8.087054641
4.069127734
4.078981575
4.067725980
15.285343229
.052193223
19.295156690
.048808413
8.070829143
.055845527
4.061892001
4.075795373
4.064136761
.048232749
28.251753550
12.097097595
8.087686422
15.283734172
.051169922
.041499341
.043316922
.042399235
.045363132
8.085868223
.049162921
4.081136489
4.070264382
4.068420677
.042713034
.046483156
4.068487720
.042219816
4.069145843
.046147880
4.077689812
11.268864655
4.066061228
4.078183120
.058323721
8.084713903
12.095482808
4.078972202
.049484453
12.104073210
4.062614231
8.093272646
15.301470682
4.074553059
8.087838859
19.305879713
23.302053852
15.285813903
4.081882184
.052646392
4.070282992
.046535686
.044551396
.045288410
4.079017467
11.271894885
4.068120203
4.077167860
22.486837132
.044780338
4.072703007
.046435453
8.094875528
4.076176467
28.242096824
.061654560
8.083819356
8.087770442
4.065474539
15.295152944
.046989051
4.064045350
8.082846437
4.063602547
12.101527237
.053461381
12.100991783
8.094083505
15.292355393
4.090333696
11.264397897
.054817078
8.080387579
4.071596226
8.082811943
8.084971670
4.076967951
4.065930534
.048993446
