.062582403
.049219649
.047634752
4.062872323
.054421377
.054497960
.047068967
4.076077291
.055532822
.046960219
.048789071
.047337380
.048960902
.051706369
.050968753
.048394493
.041674533
.047620711
.046335226
.048561449
.049573062
.048087663
.043351846
.048471950
4.077527565
.050666715
.084920754
.058834530
4.060628530
.063352434
4.078295941
.047440503
.047537878
.045542319
.041510451
.050661214
4.070629160
.054771163
.044840077
.151188611
.051717743
.070118683
4.081935573
.057289423
4.090428220
4.098484413
4.080999127
.058044290
.045885980
4.077411296
.054613498
.044979575
4.062481020
.051467995
.048453573
.048636155
.046849384
.049094233
.059141401
4.074160794
.047908747
.054028505
.046579555
.059385231
.060707173
12.162411257
4.100435230
.060705964
.054005837
.066867430
.055795649
4.076916432
.046901175
4.091895504
.052154610
.049751640
.049759224
.043820838
.046722261
.046349349
4.095471420
4.092423166
.058036413
.051620325
.066679058
.048675987
.046461722
.053135348
.055164698
.052773228
.052019695
4.088745461
.058088538
.050090094
4.079304618
4.088645378
.050463673
.057992539
4.095766750
15.288975993
.056682012
.047453250
.043606589
.045407983
.046689426
.051299120
.048000201
.052823475
.057286254
.055102031
.046183265
.065868649
.054104002
.055995187
.048142658
.052250067
.048836900
.048641611
.042525978
.047645331
.049749139
.049897304
.046014726
.067818418
.061254957
.045232820
.058790070
.049233145
.046911549
4.094196247
.070319257
.054137789
4.070326872
.059622599
.055273528
4.091347421
.056676554
.049754763
.049987052
4.072664178
4.093075308
.063394637
.049414059
.044581369
.051624282
.054261958
.076327186
.051769031
4.095136994
.067394296
.051614533
.048172657
.050175092
.070135013
.050039343
.053761797
4.085038243
.057500002
.050816583
.048578569
4.063060805
.086541187
.078134665
4.092714857
.056993217
.049603015
.051759031
4.076543222
8.104926954
4.092326836
.057667828
.050466459
4.079865543
.058935523
.050341797
.050714084
.047689995
4.093064456
.053552591
4.080998632
.064384833
4.097519978
.057089547
.052924806
.050028467
.049636472
4.097774186
4.088345511
.071148958
11.288915339
.064771703
.056200058
.049660972
.048698817
.053381968
.052617894
.045743061
.061835614
.047741370
.051638198
.052723893
.045280734
4.084599640
.051987860
.051256119
.054845242
.056659219
.054757076
.046944505
.048658901
.054675411
.049750554
4.071964296
4.084358893
.057000298
.053401509
.051443450
4.081194813
4.146774421
.061827987
4.095174687
4.113524245
4.090099878
.079151275
.121872207
.056413096
.059044647
4.105888854
4.106269392
.080374718
.056608636
.054419204
4.096635635
.098513620
4.089243060
.065871729
.052748683
8.091752980
.054318997
.051105870
.055943352
4.072032689
.053486799
.045749311
.049788595
8.112246704
.052388019
4.068239695
4.150304170
.216159499
.095130242
.282800551
4.095940782
.058820649
.063952461
4.087615933
.057035713
.050127840
.075720982
.050215964
4.091220139
.049891176
.056337805
4.085852997
.054986905
.050865915
.046829922
.045057236
.048875355
.045289107
.048952521
4.073742480
.059514849
.055048946
.048501193
.060217424
.082916269
.048124572
.048162864
.049954883
4.083648942
.054498703
4.089426161
.056614177
4.088269134
.056382888
.054574368
.057814162
.042800680
.047810035
4.072454800
.058394896
.050555870
.048719059
.050854700
.043643248
.050447580
.050821367
4.067685087
.066538635
.048610898
.045432063
4.086871538
4.047716433
4.079788798
4.095744104
.069869470
.047502288
.058927938
.048009074
.045315566
.050863955
4.090189424
.059407849
.050918412
.052714807
.046603216
.077897580
.045661020
.045018402
.053266884
4.090028259
.045451105
4.064173537
.058564527
.047416247
.047252416
.049076768
.055412607
4.082897972
.060073550
4.068441027
.060068091
.047545121
.048640065
4.102245817
.051019370
.045868058
.040262628
.047568287
4.076008304
.056610003
4.065514843
4.075569069
8.097448317
.058131698
15.301593729
.056374928
.054568325
.049524763
.048199446
.050067547
.053007844
.051156326
.047254708
4.072591667
.072539936
.046465050
.057019545
.044287952
.044139163
8.089028903
4.081359850
4.062108004
.046326468
.044556491
.044822154
.046449176
.049415098
.049269516
.044316785
.044667447
.056857713
4.067881049
.070306000
.072793178
.081610948
.052180562
4.069656229
.063577962
.057549413
.054612990
.039057558
4.085150197
4.148924118
4.090429617
.062765763
4.085504244
.058406609
.049350180
4.091705187
.051224740
4.049967209
.048762354
4.064489156
.064844488
.055936640
.051324989
.050641081
.052301018
4.090329836
4.091922608
.055314606
.048357109
4.096958921
4.071708275
.071162410
.056183928
.051436445
.053578252
.046181261
.074752867
.047387676
.045420706
.047562566
.046908424
.047567599
.044531074
.049758006
.043873348
.044505322
.046849284
.043593439
.050564194
.044744668
.042760405
4.065070939
.053201223
.044711745
4.125768933
.057435043
.069875140
.053814920
.073739300
.059708764
4.080316618
.087529880
4.091064195
.055325735
.051164703
4.150358131
.067597625
.050699043
4.091424232
.055297986
4.075895799
.080650423
.112270159
.059319936
.132180331
4.078276427
.062048061
.056333095
.054785240
.047717208
4.097746918
.057210859
4.079965162
.071740475
.049982373
.047842983
.046968119
.070520867
4.088904386
.056597500
.053928658
.052245888
.049707087
.047159369
.092107633
.049039532
.052884608
4.051300935
.048258843
11.310840774
.051817634
.048254096
.048531927
.050446027
4.082995012
4.086255767
.060510024
.053209825
.059897782
.049792702
4.086596263
4.100293049
.068258051
.048620342
.046299454
.048966754
.058073013
.045509173
4.065554281
4.092764561
.063055825
4.115321566
.079925819
4.073674637
.056128080
