.470123030
.434675171
.425011451
.433435976
.440186884
.423962169
.457380834
.472878579
.464936015
.448751330
.446052758
.450138001
.461199749
.487764451
.445324314
.440646037
.468010471
.496771771
.448262720
.467862227
.456838383
.478175932
.451479870
.471456646
.449453531
.465368182
.463935762
.477157103
.461672218
.466371011
.473671240
.465280076
.447152977
.450091903
.455002479
.468347017
.439403213
.440230860
.440205835
.422452841
.431210058
.430441458
.424258266
.428039260
.421736368
.436809893
.424621035
.425153281
.435682979
.432758858
.436718068
.435219742
.430450941
.438301527
.427487188
.431568206
.423457295
.433569191
.434038203
.438022518
.428264118
.426613222
.430343390
.427425613
.438066171
.439502062
.429871623
.429188484
.428856155
.420902115
.432829289
.424843208
.419454156
.428394617
.424546140
.433578967
.428683731
.425008405
.424494286
.426919895
.431643663
.426314557
.423268688
.424756410
.429320676
.423893952
.425432070
.423910018
.423711634
.421161781
.423085600
.422506596
.421588196
.425693425
.431243926
.426744377
.465501400
.457191026
.458816553
.458192335
.469250306
.464556859
.468074850
.466825429
.469248817
.468479971
.471030953
.466997406
.458669764
.475275546
.461473228
.467018862
.462111598
.476470559
.459150992
.469375151
.468349222
.599224746
.447699703
.458077511
.459393985
.451757087
.476272681
.461667099
.468214415
.460876265
.460949273
.462065351
.458958245
.434592245
.463388107
.469907550
.463330028
.453739573
.464464735
.453652640
.449803747
.474532391
.472102140
.471534668
.466257624
.470980837
.469766085
.463567225
.465902771
.455917318
.449372284
.454519509
.457197867
.472183528
.456608542
.434754367
.470178756
.481193302
.454727009
.473224458
.466962500
.468963883
.464549216
.457303541
.446321436
.460031681
.457676147
.451771291
.456832286
.460480579
.461180563
.435864661
.475033329
.483173576
.467750898
.448924800
.463058550
.466171559
.456873065
.458285240
.462435630
.452128663
.451743272
.450350139
.461755632
.459714634
.457116285
.459749990
.465845276
.459432709
.457140972
.454032104
.464233390
.454101313
.445006022
.434944432
.462562508
.451315064
.464710929
.454341145
.460138673
.441074288
.455352449
.446959890
.460503313
.455263119
.447250926
.440709801
.440706314
.445918365
.436503308
.450381690
.457319842
.453245438
.452346903
.447022565
.457374001
.463444892
.461039545
.443380871
.454202828
.441934066
.447305816
.455503993
.452564889
.444880028
.453082830
.446778857
.460602299
.467892023
.469548980
.475004395
.462270107
.478953675
.474768459
.466911146
.456908711
.461985014
.468062983
.458830232
.462449272
.461540873
.464069451
.461340666
.453520815
.462552462
.461101668
.468809943
.475031365
.441755593
.451035013
.461841841
.468059121
.464105915
.455511123
.477710185
.457383003
.476351337
.465410347
.451589624
.469824205
.455132173
.433910295
.438828692
.428849853
.430674539
.424931687
.431320936
.432251154
.424097699
.437458241
.427410918
.428487215
.431655605
.423842942
.424002870
.426830410
.420374737
.436855922
.423671584
.425041126
.435702285
.429476275
.427726708
.427847869
.431613142
.423838677
.427528774
.434027666
.426357036
.428111814
.432937202
.429961250
.433316115
.431029877
.436840702
.434561209
.423376093
.430845752
.428957207
.429758052
.433715040
.427844760
.438731013
.424384763
.425591070
.431207096
.424211695
.432393387
.428199032
.432993836
.435438008
.423881344
.439351623
.425626122
.440969866
.435193054
.425737411
.430477789
.449616526
.457420606
.462400703
.465437543
.458833445
.462632766
.450435746
.469065613
.459929321
.489405574
.465088497
.456544566
.472330107
.483207864
.463739834
.477497611
.486812938
.470462395
.477174484
.486538477
.462458219
.467427384
.476560853
.453579892
.476104591
.465743424
.466886255
.467135841
.460826431
.457844548
.491344898
.464083565
.494511535
.458760088
.462177083
.451195629
.467027780
.486229906
.471585566
.482614555
.479943743
.473430811
.481163826
.471634263
.458111031
.474795681
.456731891
.468070767
.458315134
.463349687
.471637864
.461501570
.468965010
.473847017
.465984256
.488018550
.447990740
.467240917
.467519323
.456936870
.476898608
.477996419
.482344066
.466785335
.483666333
.469374353
.446128863
.468674583
.485727356
.466773421
.475086378
.470257290
.475863469
.456213091
.466270490
.483008996
.464210518
.471679682
.488470225
.479123266
.460065751
.461835739
.468025792
.469299923
.479951748
.475586262
.450818380
.476014050
.452464116
.452848385
.457810708
.473174216
.461815152
.461455137
.476587789
.468266720
.486344161
.456465620
.472246052
.470867186
.467768434
.446457509
.466036738
.470825691
.482451600
.443516260
.425755723
.432149572
.425790881
.420891537
.430111267
.435770611
.426694119
.436088625
.423752255
.424973832
.429559001
.422944082
.428698292
.421635063
.437158457
.432394820
.427239077
.434831125
.421817062
.420693263
.423768563
.437036735
.434902691
.436946578
.436545123
.434849812
.433862988
.435022973
.432809498
.428497373
.430682725
.427799296
.431892720
.437214869
.419098905
.421049297
.429484935
.428188947
.435344048
.430308216
.428316267
.429069665
.428538014
.433558980
.424998931
.426047319
.428992438
.422335934
.430242688
.428600647
.433794060
.430037656
.426907519
.429331019
.425481116
.426031634
.430034522
.431014201
.464110571
.462258082
.441346230
.456882313
.452889888
.463547186
.473392477
.476208020
.468120760
.469593488
.467178958
.465542419
.472408525
.449584674
.460637882
.474797548
.458497461
.469570129
.459596094
.471111352
.450269465
