.472390765
.474783614
.479504140
.480007195
.495093456
.507336362
.471626677
.502338793
.504336338
.480946599
.473245090
.471069333
.484986525
.478249580
.507811794
.510831405
.467092161
.494049565
.482355049
.489907804
.488006511
.476771797
.503100438
.491231293
.492741952
.475449350
.484526265
.494041482
.497281472
4.478388230
.473479764
.481634366
.500338541
.484633143
.492300900
.479652280
.479593945
.482659056
.517014570
.472188887
.482912906
.481488509
.480274251
.515015128
.484141241
.484280194
.510041043
.505929455
.492515372
.488852710
.503827993
.470994865
4.472805353
.491629908
4.493851935
.447436471
4.496935718
.497112016
.488718149
.485698686
.471681257
.478824401
.480429858
.484568630
.489793084
.460268304
.500292959
.513380438
.486649993
.474485226
.499929831
.475050250
.488294645
.503872042
.500195816
.493314986
.521475372
.480156080
.481740032
.501406373
.490605833
.473554671
.495756853
.477886467
.452633728
.477683173
.492345541
.478303311
.494575669
.475518675
.503524759
.490644468
.485646580
.481197494
.493175101
.453915715
.466346706
.475930350
.487141484
.492221041
.499969316
.484959109
4.481782998
.503097418
.487939500
.491198813
.504193982
.501150297
.476878661
.464737633
.493340646
.487458907
.489055729
.516909895
.464584839
.486487388
.487290654
.476421734
.496085616
.490160473
4.494114634
.475694817
.491731304
.504814254
.486840705
.503696004
.457052472
.452729835
.481302003
.487247882
.485198768
.489851588
.470983771
.461238984
.497943250
.486663853
.498770584
.492569396
.472268782
.508789824
.470845139
.490853131
.487119441
.488160712
.480339030
.469259037
.477981321
.509815693
.496978210
.465325801
.469766132
.481952271
.489130068
.502043179
.491441027
.499273086
4.481569149
.478933383
.485592505
.505297197
.514995790
.489331197
.495214971
.502383811
.485047494
.490206672
.500331232
.492103123
.451525926
.510705670
.481596932
.478156952
.497935604
.497367719
.494555876
.504970691
4.472102666
.479609480
.490849304
.485025978
.505992972
.485234800
.519491857
.480838104
.487268478
.484105501
4.468505390
.500596101
.484299866
.493047582
.489788299
.500544328
.482668411
.493977568
.483275976
.469259370
.506381587
.527101984
.482047264
.484990691
.499761443
.488549587
.475830705
.496574433
.463227700
.496159053
.487862120
.494825031
.472684904
.501396785
4.474339066
.471203500
.506607808
.481222951
.478030692
.491032898
.482125884
.498886897
.467505362
.479209797
.487240590
.485338727
.469675605
4.465063986
.460045995
.484653925
.494944212
.480715738
.490957607
.479915809
.478318908
.495960686
.485744775
.494814835
.499521908
.495080756
.473690752
.495022379
.458714975
.502345162
.474818020
.479924475
.485811651
.477130014
4.475884939
.488549153
.516432037
.472843644
.488242240
.512620327
4.483917731
.472703680
.515798888
.482606037
.493891514
.487576661
.514073175
.476008612
4.473486445
.489404497
.495752654
4.492821248
.498769790
.474221777
.494405767
.500300857
.491059204
.482711390
.480098276
.486188693
.505742454
.493156375
.474254586
4.470552520
.485568283
.501264198
4.480902640
.483832053
.514039576
.501042739
.509876229
.485184821
.469992453
.501901750
.486961594
.481290477
.493982062
.504171571
.479804625
.494589444
.495125952
.480677594
.491714699
.496736806
.471299596
4.498041121
.482665454
.487706729
.484402311
.487417433
.465912589
.454228137
.475273102
.500170321
.455969493
.515428651
.501969727
.466189680
.495485733
.491473536
.488372669
.480397045
.483473579
.514280939
.465297267
.502525026
.484101517
4.489549121
.488900578
.496877179
.497059437
.476562238
.462267237
.450176846
.507615613
.493952828
.476618998
.475565528
.499372604
.458653119
.488715645
.481194389
.477626138
.508785467
.485975238
.489995869
.483266206
.454584990
.488276016
.469458500
.462888672
.459069584
4.472723570
.474695896
.493248117
.510191068
.514847540
.493236116
.476909422
.475016650
.488821606
.502230182
.472361701
.476730128
.455327373
.462880964
.497412916
.499030602
.493573995
.524540822
.475333903
.460470295
4.472504338
.499264980
.482139593
.493025866
.472305138
.475492541
.462616483
.483542977
.497571046
.509347532
.481111084
.500709855
.465825230
.434236008
.474809243
.499014055
.490305642
.479548536
.489490897
.486304619
.497414116
.491790936
.480621988
.483788648
.473655626
.472727034
.474473929
.513188671
.482881435
.494470766
.489361838
.468796329
.494996481
.494988023
.509878098
.471041979
4.486382711
.489732176
.482668768
.494072972
.487768323
4.494167004
.493218130
.480024866
.480552871
.490310099
.494515185
.498849023
.501351757
.517610263
.479112564
.478234098
.462968558
.504542257
.469692398
.506645418
.494833416
.492569602
.489406459
.456988349
.487737949
.485364996
.495307251
.460317384
.460444576
.479429929
.479503460
.493263220
.482234621
.500359641
.475057598
.498367533
.476627599
.491296038
.492566226
.454890637
.469058063
.500843816
.506142035
.499660145
.478498661
.483894004
.499824069
.459439738
.499604818
.468307238
.485332104
.473686039
.475077843
.497765553
.489263433
.478859129
.474372795
.499751488
.477202697
.495651492
.482468871
.482740207
.488194757
.476550108
.475233345
.466952144
.494208813
.472401945
.494522773
.494862986
.475827310
.479193424
.496364374
.509900999
.513480991
.485197104
.512839068
.492482047
.493477473
.489840272
.489697854
.466703726
.487026538
.461297509
.485383814
.480432894
.481814500
.495283983
.490780066
.484014768
.469050638
.489380877
.499326826
.481886680
.489531160
.472898234
.492448088
.471813875
.479613303
.494768800
.462074921
.509810785
