.916330856
.894708407
.870507699
.881154565
.910509631
.891479415
.880366184
.899572067
.902287506
.898547383
.897284570
.916919364
.904356855
.880800685
.903747154
.889141473
.891573841
.885673683
.883230430
.880958335
.887980168
.888769211
.894384476
.896580526
.922307536
.893461675
.889272589
.900414350
.863447993
.886845545
.888322055
.865870320
.882137139
.889046131
.879963198
.916201551
.885576973
.863646188
.886734822
.865530031
.869603398
.885086230
.898946040
.891626479
4.894981345
.887638282
.888316685
.880606270
.870230698
.902605332
.893500099
.878030728
.868591838
.868021916
.875910227
.881875895
.881510791
.876706464
.874492432
.885544457
.891102866
.898852699
.895720582
.896748294
.874061223
.872736042
.883835670
4.890607767
.901012081
.897939823
.880164818
.906497889
.911897157
.893102773
.907135841
.870545276
.876814378
.877879347
.879518408
.882467580
.887327570
.882998058
.866356759
.899068841
.895637394
.858775770
.899580466
.889648705
.882802459
.867306299
.899823850
.864628531
.890990643
.905990942
.890050997
.894448532
.888285729
.896952635
.874193060
.884363792
.885460792
.894892272
.878332458
.890668636
.881276859
.893000496
.913862286
.897956758
.909153351
.889212615
.904956394
.895344264
.858845160
.888134621
.894967232
.890363983
.887672740
.889392689
.861142543
.876360890
.899689576
.893177373
.899044604
.890243487
.874201464
.881906670
.890340266
.871030026
.854479508
.877347678
.875929363
.883998400
4.903349055
.881591481
.865901690
.907259992
.864791898
.882408999
.878270951
.881460796
.875444185
.901987026
.868648278
.877793034
.872777325
.885844126
.887761496
.893519471
.887510937
.883119100
.871251303
.896357618
.894060665
.904573911
4.905922174
4.874287266
.862300881
.891177555
.877884549
.892639419
.897257244
.902472539
.875523880
.873035445
.887902939
.883103220
.878209146
.888020880
.887231451
.890512927
.878702784
.894847592
.888728626
4.895581904
.874678976
.889062896
.884202018
.885808678
.887218206
.895236870
.882225187
.881506357
.894942269
.896520372
.898394090
.886972490
.877812921
.895582990
.903880984
.887877586
.883299602
.891541628
.873164986
.887661443
.895352061
.891372421
.902242223
.890285310
.902294806
.907435309
.890722082
.901024687
.860089431
.881593441
.882398081
.859651776
.903366548
.890546995
.880519671
.878901845
4.891320026
.881207837
.882784586
.860742337
.895257119
.888299649
.885659879
.901432348
.891267606
.903895605
.889283797
.889517135
.896546055
4.900901135
.875859287
.895411874
.893676560
.862053682
.899028393
.886194329
.877190124
.894041211
4.874598610
.913140541
.894466798
.886328565
.885821924
.876880232
.882039761
.895175065
.865017230
.882845137
.897808416
.898403479
.891662499
.881063707
.885192330
.897194301
.896861803
.882391042
.880204230
.886884456
.875278332
.892640234
.900175996
.869544631
.887907649
.868011973
.893104354
.882905133
.896314153
.884080437
.866807615
.880282547
.880305424
.889430679
.889194495
4.902115612
.889031459
.882003121
.869136201
.868664114
.895355988
.884825243
.885553133
.872225979
.883062940
.901057638
.894172940
.891798189
.881447823
.892161984
.877948681
.884261204
.879162568
.876383261
.912144618
.886807948
.863944273
.874703224
.884254020
.881303022
.879538898
.874590039
.897811424
.892589430
.871172138
.898704259
.901609358
.876479549
.898516433
.881648317
.886377391
.867278622
.894100727
.898645858
.884943969
.890519000
.891693960
.909810896
.881559777
.895833820
.876995441
.892311214
.870385139
.911671550
.896786226
.864343988
.876697186
.893907298
.906306946
.879805287
.872932473
.890489824
.898782151
.889309024
.883384980
.906046905
.900162176
.883994194
.888368097
.870639776
.897149700
.865179912
.880575163
.900614751
.900263519
.896999552
.875166428
.890728809
.875136093
.895523439
.888039438
.882462671
.875779089
.866350212
.896788300
.880586747
.875852734
.875045386
.856060646
.871318247
.878130268
.892336109
.880966565
.862605971
.888911801
.868771865
.880050139
.870199980
.867023081
.876987788
.884443114
.876942302
.902325466
.887460370
.882186861
.880069060
.883862716
.894611831
.889404544
.885202060
.880521260
.864927666
.883525902
.875629985
.882043677
.878919318
.880816354
.873815667
.893570648
.874151682
.896396254
.893103536
.889220378
.873596641
.887337588
4.892969846
.887958745
.887020640
.883121327
.868134299
.908667443
.881606900
.877623108
.892469827
.904003752
.888299688
.889789182
.885687282
.862919260
.894548769
.897575978
.897740634
.908422176
.878587630
.899984023
.893944231
.882207334
.886308432
.901576264
4.920943244
.888863285
.889957696
.880269776
.902405689
.889145619
.893273306
.886107186
.877188098
.901465260
.893712789
.891436288
.888641800
.881055813
.868496980
.890850820
.906017972
.893037317
.908228288
.885753178
.885448819
.872643513
.899794111
.908913646
.878623280
.884684178
.917981182
.910574612
.900825577
.875569471
.922725451
.888646604
.887066303
.894664705
.866563514
.903726159
.871701866
.912937822
.904327835
.888582864
.881354308
4.891666099
.870181415
.890092449
.871774267
.880726850
.899539630
.904060688
.890962688
.896669126
.896102881
.867635797
.890860025
.881712138
.892617353
.884712333
.858706925
.879254479
.902164983
.875241766
.889338393
.878338794
.892371416
.877674952
.868149436
.853560527
.905564165
.863169241
.866502102
.868953473
.863756559
.882549718
.881512667
4.903839107
.877820026
.909745161
.892344775
.884018826
.882122452
.879374371
.874567794
.863104559
.890602080
.875986744
.876358315
.887617740
.890715855
.898272068
.889433080
.874231686
.879963274
.894231717
.902985466
.877840282
.906226818
.890707444
.887060582
.873213889
.880778038
.899902244
.902761718
.892799472
.910013174
.895197585
.889327976
.883980339
.896335187
4.895033560
.869624780
.893618007
.905282573
.900764764
.873978784
.901090573
.896260213
.883196240
.883556110
.895514624
.880997033
.910993064
.877361721
.887008541
.888521461
.881211943
.905235612
.873591594
.885475188
.907021690
.893842169
.909755524
.877012395
.871152738
.888766311
.891244734
.881427622
.889349700
.875464124
.888733299
.881913491
.883917514
4.857011528
.886499164
.873657096
.883308186
.888425637
.883896475
.890981283
.890303122
.888772008
