.041241711
.016613648
.020346625
.020627374
.021525618
.021034912
.015667571
.018442678
.026027712
.013499708
.013902413
.015965483
.025704881
.023599727
.017819180
.020259289
.025867836
.021685487
.014973447
.019784374
.020854618
.024941967
.023069061
.021305697
.019542416
.020704368
.013626455
.021345238
.015798024
.022042025
.021950275
.019481625
.020533242
.021934151
.019586374
.016789100
.020139787
.024325384
.017610469
.018415214
.027210074
.014140908
.017491095
.021360527
.023284265
.021502235
.022997892
.013687161
.012679667
.013859410
.017749467
.022148731
.018484713
.022686893
.012673334
.015496774
.020386451
.021748316
.019784037
.022003981
.016820140
.019909494
.019122708
.031869500
.013140039
.012648876
.014731403
.017733509
.034262359
.014267156
.019628871
.018745336
.020753989
.013359162
.025455125
.019365164
.016709057
.013088498
.023825927
.024558422
.021251444
.013162414
.015030235
.013635535
.014773195
.014018033
.018055923
.013584828
.012664876
.026931823
.014018282
.016924514
.021735274
.014070199
.017295469
.020141951
.020647031
.023013765
.022486477
.020447449
.021367234
.018350671
.018630919
.019138541
.018209380
.014280490
.017807507
.022730517
.022848183
.016542391
.017524343
.013478286
.018267922
.038229665
.022518144
.020106992
.021675358
.021267235
.015238149
.027167946
.012028587
.015411315
.025414666
.012955039
.014600070
.013278995
.018858459
.023995467
.014070116
.023388846
.015550398
.014701195
.013865201
.013231037
.019526454
.028626811
.022584060
.016680015
.018153338
.015352982
.026039620
.021197819
.017912382
.012171420
.016816515
.013082039
.014369447
.012687750
.015688105
.028846351
.013404829
.016621098
.024113924
.019875869
.020734321
.013115622
.015355941
.024002176
.023029140
.019254082
.022035021
.020425282
.017527426
.021569483
.020406574
.013886033
.019277998
.031341710
.015040901
.017342427
.013883242
.015431607
.017551759
.015835437
.018681544
.013995991
.013920242
.019273706
.013366161
.015983061
.015740563
.022850850
.025683539
.021575983
.016024770
.022011772
.020509865
.022724267
.020754613
.026122495
.022608393
.020249366
.016070644
.023862426
.014196657
.016766098
.021714441
.022745184
.021717273
.021022153
.025732622
.023118431
.018819001
.021540025
.023635928
.023503553
.020924112
.018282296
.022086896
.021714524
.022241937
.023537178
.021383025
.021906939
.021649066
.014890986
.016502391
.013545577
.015781896
.016762515
.026247161
.014889944
.015234941
.020391574
.022039938
.013278621
.013238454
.013688785
.017184886
.016087227
.018308463
.013769409
.020428657
.021149944
.023225888
.022069854
.023787176
.016981763
.024516963
.016015019
.020636364
.021906689
.022961682
.021753148
.021524733
.018109589
.024083799
.016486017
.022996473
.019837953
.011804464
.015306941
.021831523
.021576358
.015437606
.024570130
.017899757
.022614976
.021294651
.026315909
.018240630
.019561037
.015060484
.014963943
.013737201
.013969033
.014648029
.020355366
.025014502
.022972390
.021150486
.019649162
.022677975
.024080549
.022947891
.015574439
.024117133
.021120069
.019375456
.022191270
.023497053
.019330748
.019013500
.022048480
.020002369
.025197875
.019398414
.017180095
.019556538
.021401442
.017343969
.027550651
.017523926
.022252104
.013662452
.013297829
.012516751
.015630105
.015093942
.019584913
.018374712
.016111436
.012724874
.012528126
.013457537
.014102074
.013757076
.013028580
.013591119
.021589358
.025360500
.022760100
.018478503
.023748468
.022715850
.019033374
.017086429
.021124944
.022082479
.021040403
.019966660
.020279450
.019003874
.013475578
.022973515
.023562469
.019199540
.017436094
.021943522
.022303728
.018172506
.011768256
.011496050
.012214795
.017507885
.018489128
.016966389
.020088368
.017422551
.020366366
.025718414
.023149848
.019468247
.021536899
.015130775
.019097041
.019589454
.018024173
.022176187
.020419199
.020495365
.020336658
.021967897
.019913077
.020960528
.018213130
.016061936
.022685184
.020265491
.020642197
.019598912
.011145509
.028531354
.021967230
.021741982
.019489414
.018376670
.019329248
.019680787
.021860481
.021287651
.022157395
.018770752
.021097027
.025912954
.021066778
.020763488
.019006583
.019826494
.020227367
.021134402
.014216240
.013107247
.012910415
.014597945
.016559433
.024244466
.018563002
.022448727
.022146271
.019571912
.018699460
.016042228
.015216025
.013573702
.017819466
.015792730
.013427308
.014802385
.031796592
.013300975
.025439623
.015593340
.016248961
.014630381
.018271069
.013661886
.016661620
.016332663
.014194091
.013004764
.014322840
.015602996
.013960797
.013779007
.014865917
.016094244
.016455617
.013359842
.015179790
.017348941
.014579499
.014255042
.017690606
.014062919
.016222531
.014610165
.012866092
.016193695
.014402123
.013659002
.017718103
.013775376
.014591497
.015841114
.013969082
.013288586
.013309335
.014643536
.014304289
.012947713
.014510621
.014964201
.015759486
.016827271
.014424620
.014479911
.016646564
.015975985
.014111413
.016320650
.014200328
.014305828
.014093746
.013703748
.015923526
.014368952
.014599951
.014556242
.016080149
.014023453
.013435999
.015098655
.014385619
.015542611
.014248160
.013782413
.014239326
.013810413
.014700991
.015388611
.016251356
.013271667
.016867519
.018049219
.012182131
.012776169
.014593032
.015118571
.013987828
.014278077
.015567277
.016060690
.014544991
.016434313
.015510277
.016485104
.017745637
.014916405
.014834156
.013326582
.013996453
.018045218
.015501568
.013753329
.015230278
.015693734
.014722531
.013726954
.015250528
