.035714486
.016051150
.015842151
.022538276
.019127131
.021154452
.022812107
.022154570
.017757473
.018273386
.021336159
.017602432
.015919692
.017255851
.017357058
.022614234
.021127993
.022078363
.023256772
.021526282
.021807114
.018209928
.021463699
.018980256
.022574735
.016604105
.017334725
.023278230
.021198534
.019964584
.020922744
.022564151
.017978138
.021846489
.018573301
.031985217
.052210883
.017849389
.018157179
.018854050
.022920649
.019283963
.022291402
.020940995
.019359587
.019687794
.023995726
.018329427
.028811862
.021943946
.023732102
.024738679
.022400778
.022240028
.020089375
.017958763
.020539747
.017992013
.019441837
.023348521
.020346623
.018751925
.017969013
.023935309
.022342735
.021329450
.021706031
.018639217
.015843985
.022090820
.015776652
.021611366
.019621170
.018697759
.017667223
.024432848
.028827862
.019737627
.019533629
.024127474
.020842245
.018759675
.022850733
.021298867
.021569532
.022527484
.019629544
.021398492
.022127987
.022197111
.024547639
.022298153
.023578894
.017671515
.021252410
.022285236
.022723734
.023804602
.020754579
.021738990
.018638009
.022164987
.022328569
.020361206
.018055763
.021956572
.021083994
.020836079
.021195701
.019662461
.017229851
.021861155
.022431986
.019223463
.022651276
.023178522
.022230278
.019422796
.016960978
.017719639
.021437867
.020345290
.019880418
.020717371
.022853191
.022425194
.020700746
.020163583
.020618413
.022948690
.022893983
.020261457
.019858626
.024817845
.020917828
.020392373
.022128487
.023453312
.023240564
.023474771
.018235095
.012017592
.016483730
.020566039
.020092084
.017403934
.022304236
.017867431
.020944245
.021770281
.020089917
.026573085
.022354736
.021783365
.018518176
.022058154
.019869251
.021799448
.023200730
.018035221
.021966404
.023531645
.020089292
.045810881
.016233691
.022657026
.022486735
.023405271
.017155309
.020487956
.024291599
.020092667
.019311797
.020295248
.033042127
.024944012
.022113321
.023314105
.020363915
.020474247
.018860507
.024011975
.018948757
.020832578
.020236949
.017799085
.015671804
.024650554
.021626527
.020997738
.024840845
.020662565
.018672200
.021110604
.021635560
.025124126
.012346106
.016235837
.025770199
.018118572
.021368347
.024606163
.026680486
.019677855
.022551757
.022009922
.019589268
.019009314
.022662419
.021037386
.023662329
.020417306
.019116894
.022449499
.019437017
.021386214
.018800603
.021103132
.026895475
.022277832
.017588858
.025602687
.018220938
.022457289
.021858375
.020493508
.021349252
.021249668
.016098740
.017606189
.020843213
.024020028
.022968825
.020960252
.018271518
.023302114
.022771659
.019448344
.015381035
.018722391
.015919531
.014634081
.021019334
.015687991
.020353672
.013809752
.013322338
.019258803
.016417444
.017473188
.015286659
.017365189
.015884114
.024477980
.024279022
.023490110
.018738138
.024237439
.023067862
.020704877
.022376116
.021762828
.023370110
.014115916
.014689995
.014260498
.013143421
.015084743
.013516461
.018867387
.012921922
.019671257
.014990410
.017692435
.015595364
.019420009
.016613692
.018125933
.017023523
.018530222
.017293062
.016924107
.021554912
.021616245
.024216771
.022004326
.017947642
.020793375
.021660703
.021756911
.022135242
.023329859
.022260824
.020006962
.019923380
.020531209
.018408556
.020238086
.019809089
.021376413
.021986450
.024868933
.020395668
.022575281
.021785118
.023644941
.021642578
.022043825
.020911790
.021233414
.015130576
.021510621
.019469174
.019407216
.021588661
.012069135
.019992588
.023668857
.022994153
.019234758
.017385770
.017485478
.017394103
.023398401
.023848689
.020154961
.030361733
.013554876
.024109646
.021851368
.021639244
.022313782
.021182413
.023326942
.021440995
.020162878
.026134425
.019850839
.021885660
.021872535
.019330050
.020148753
.023093027
.015320032
.022617613
.020647417
.021505162
.022026783
.016618149
.024956474
.019695297
.016889481
.021596411
.019194051
.019623090
.021199788
.021330246
.013104879
.013426419
.015285075
.022559572
.020828833
.022743071
.020491002
.018525763
.023694315
.017413853
.012183843
.024311144
.021914909
.020477542
.020283003
.014772577
.025444846
.021469996
.021156039
.023794148
.020808166
.022957820
.020824166
.020064379
.017010188
.022604155
.022722113
.019107093
.021477161
.023616858
.021399163
.017829351
.021317871
.019206300
.018746887
.018822886
.019897713
.023079319
.019123551
.022940528
.020571668
.020175878
.022813279
.016588775
.022765862
.016420068
.021373746
.026344508
.022224324
.013826417
.020728750
.021308455
.014212372
.022322074
.021776577
.020072420
.020322919
.018913469
.025164931
.018983343
.018056641
.020928832
.025903885
.023061444
.019710589
.019450632
.024695101
.023166318
.022181908
.021718368
.020022254
.020797249
.022449239
.022741321
.016549192
.019764089
.016671733
.020270003
.023964314
.025800636
.021147455
.024192145
.021858993
.024415686
.019301675
.020115420
.019557757
.020595584
.023136193
.022136075
.023790064
.021563453
.016732607
.017600060
.016533816
.023430942
.020905082
.022233865
.024157270
.013161545
.014694703
.017420812
.020403710
.021134497
.020967790
.020677750
.018652929
.019666381
.019835588
.021955867
.025037057
.019214801
.021178789
.023528358
.023824106
.021878576
.020152461
.023896189
.022790237
.026983087
.023353984
.018115140
.022206616
.022122616
.018885595
.019357716
.019385091
.018143474
.014795577
.026378257
.024079063
.023080111
.015103617
.023945689
.017815476
.018843511
.015051034
.014946993
.014069915
.020859499
.020426084
.024417394
.025272847
