.047359720
.019204376
.023069868
.019519331
.018443094
.020878563
.019394996
4.038633792
.030139757
.025168283
.023689635
.022310571
.023633179
.020133725
.027895035
.029349140
.022011574
4.056013311
.031929477
.025053155
4.049028559
.029039349
.027431996
4.060146541
.031028363
4.038356322
.023896920
4.054472512
.033106751
.025707603
.024959822
.031183944
.027861698
.018592368
.023474092
.020858920
.024118792
.019893558
.025564939
.022752019
.028019571
.027119167
.021051751
.020193429
.020519508
.021308498
.019553604
.022604562
.024781782
.032811338
4.049100417
.036082668
.023733172
.021476578
.019285733
.021294498
.028414732
.021105250
.026568758
.021865823
.039403752
.028482068
.023293431
.027404041
.028268988
4.048544854
.033679788
.027830536
.020884672
.024470373
.019615981
.027365583
4.049452674
.031253030
.030020089
.022587190
.022945644
.023920922
.022819645
4.049885875
.032279891
.024359791
4.058323843
.031607733
4.047760071
.026954214
.034031909
.026426846
4.048319230
.035535180
.039008882
4.049941357
.018338806
.022452712
.027831935
.029014503
.018843883
.037777390
.029735113
.020368526
.024615221
.029508741
.021184891
.029707113
.029077621
.043405137
.020502938
.023130904
.024392679
.032590446
.020916850
.033771555
.025363830
.023290108
4.048470858
.030188843
.023699639
.026473560
4.044479870
.027673917
.017208850
4.045469039
.030531669
4.055402946
.031747819
.021737913
4.049458597
.041912139
.021047839
.022881814
4.051636730
.031758277
.028810109
.156630060
.052018051
.038623439
.069308568
.051872437
.025933198
4.050283378
.029054738
.038139535
.022102623
.028927199
.025488203
4.057597195
.041537781
.027217096
.027699006
.023572145
.025275872
.024555548
.020424020
.032174864
.024452591
.020939096
.029863727
4.105382995
4.055356907
.027781922
.027010099
.021459423
.022771155
.023587311
.026260984
.027819505
.023073526
4.040624061
.034124338
.023898641
.026796393
.027287512
.028551745
.027339553
.039639181
.038984814
.039086355
4.045181417
.032903937
.035664567
.026136111
.024446800
.038688777
4.028804259
.020468520
.023001027
.031100836
.029637772
.041825443
.023164233
.025664451
.018984706
.020671100
4.042829197
4.035745333
.027899004
.027492759
.023475729
.030835506
4.041555606
.022327066
.022185359
.033281977
.032038107
.032813889
.027572454
.033572713
.057987329
.055337029
.034537034
.028370812
4.042718844
.035101545
.028733211
.033451734
.027719307
4.057528824
4.048970967
.029012744
.024517802
.025887284
.025627871
.023735896
.023841062
.024304972
.024217848
4.047686548
.022721159
.021192471
.020850892
.026129156
.026842397
.023428233
4.045719886
.038225580
.023479233
.027035477
.025573830
.020302649
.021882087
.028287544
.021782338
.020512605
.025341375
.022912157
.022374081
.018655796
.020270150
.025352291
.063140627
.034508088
.032288242
.044137836
.037739253
.035017289
4.033378167
.021126806
.024114933
.024747508
.021119972
.025935534
.031084757
4.054663303
.033178814
.022305915
.025929700
.022757992
.033037066
.030549681
.025971117
4.058858414
.038152664
.025858326
.025710328
.031901621
.026552734
.026026574
.019938071
.021478634
.025608579
.022650035
.025824535
.024909256
4.049029460
.023831436
.032405490
.035088121
.025250835
.026018158
.027971465
.022278165
.020505397
.025787161
4.043107872
.018587881
.030690263
.022020669
.030207103
.021599592
.021961548
.023875272
.021569011
.025079340
4.032519513
.032774674
.028742804
.026852161
.023097709
4.034096983
.021679929
.069716393
.027507021
4.043650323
.035424082
4.059419939
4.050589628
.027851180
.026806235
4.035300311
.027365728
.027232771
4.050210779
.030333522
.022665830
.022688997
.018663132
.025525834
.021725009
4.046201747
.022170712
.024679679
.021655677
4.045519047
4.042901748
.028439463
.024426557
.024021855
.021425305
.025527918
.020897311
.021634552
4.046295287
.025113882
.025042758
.023171324
.025383545
.019321041
.019961990
.024609971
.020929478
.022138004
.022790870
.022069547
.023102658
.020896770
.018586675
.020686106
.020357110
.021134017
.023901898
.020463109
.022922535
4.050813311
.021983589
8.059029879
.030918032
.026677293
.024063948
.020310037
.022335511
4.035384153
.028366388
.041163013
.023249326
.027820976
4.042297434
.024852376
.027620587
.025985107
.020576796
.025385822
.025990357
.034733068
.028029526
.024152323
.026487794
.022340762
4.048949558
.033859198
.026625498
.022723963
.021698101
.020835612
.019343964
.054041763
4.057409511
.031267693
.029169802
.024698441
.022626342
.024089824
.020104623
.022112224
.019991083
4.048263709
.034013908
.033731745
20.987657935
.035630769
.026157803
.024701320
.024606739
.028449358
.023755582
.025827890
.023406753
.024268534
.020223875
.020526664
.025467978
.027740408
.026867211
.027968906
4.049711261
.025987721
.032372060
.025047233
.023725541
.021840398
.022912384
.032187103
.020445873
.027218623
.022758177
.023265588
4.041327022
.024037204
.027031875
.028603231
4.035542717
.023121131
.020820702
.022799302
.024399116
.025936680
.025094316
.022828302
4.043435286
.030700122
4.045283180
.032243936
.026066053
.025798223
.022490597
.022139728
.029791216
.026494424
4.046356375
.030155920
.025141106
.025235231
.030119587
.028132570
.031286906
.027206082
.025016775
4.043504618
.027996284
4.045075423
.036545363
.029601361
4.026358411
.028974068
.022117566
4.047160576
.031618991
4.059358724
.030999539
4.035875366
.032273898
.028875857
4.039378140
.030841999
.027674246
4.045188356
.033833212
.024955445
.025863809
.024287537
.022784931
.024856697
11.261034683
.034213999
.024155914
11.246884689
11.245407707
.037062755
4.051934680
.056800931
.028564693
