.687301707
.659379614
.673715721
.678772537
.682282694
.691634124
.684832399
.683187553
.672442204
.672606906
.675571364
.683628729
.673196322
.678540949
.676304769
.684267614
.680304696
.687555099
.677905273
.671574855
.679664936
.680037889
.671840120
.686929800
.692528939
.683257984
.664160876
.679138283
.694582705
.678186498
.678083519
.679027926
.674191824
.687067330
.676430921
.677067763
.666859278
.673409096
.669281778
.691342256
.681190328
.684171562
.680608296
.682823527
.675518389
.672185465
.687772249
.680117920
.673134870
.687031385
.682197167
.682502139
.682626148
.685750529
.675199162
.707931045
.682812237
.688751072
.712888062
.704333102
.683223380
.672118466
.664146376
.675892428
.682097398
.667866827
.679136735
.686676319
.679619004
.684608093
.674777029
.677946695
.678855302
.685071816
.680854181
.672574150
.668705004
.684249143
.679524234
.686157544
.674421746
.689884160
.683096943
.677735067
.680751201
.674998742
.682993589
.678038090
.683683025
.691546676
.675612954
.672255583
.666189018
.680524236
.679573953
.681665851
.678483116
.670580519
.684777623
.678707893
.690241971
.669452141
.691139062
.683208200
.677769148
.673809590
.677987395
.682183916
.689213915
.680688574
.671656606
.680214922
.678555850
.690280981
.683047860
.680119341
.676401405
.672234624
.686877185
.675819587
.670488018
.666577370
.669947116
.673637305
.691694325
.681201510
.689733833
.677917908
.688683406
.699110083
.683608847
.674495111
.681714868
.673781962
.696072241
.688117122
.678743373
.672862354
.681141124
.685987635
.697000227
.690719999
.684434269
.683486322
.692400600
.674101863
.672604717
.675160250
.681905242
.701227734
.674511990
.685398388
.683299658
.672587380
.692881242
.664618855
.683137873
.691653520
.669623492
.680181701
.682397703
.689985634
.666815837
.682899843
.694603811
.683301688
.669830497
.692085765
.677262541
.685283037
.676289119
.687336226
.677073780
.685379975
.672248051
.674643514
.676315074
.680343289
.683757292
.690991461
.688082359
.697451513
.682023355
.685539876
.673023655
.678474244
.679923504
.676802982
.679169181
.683176430
.678236821
.665383279
.700259057
.679202146
.676024737
.674987147
.677733342
.682254530
.689671611
.680439028
.679701959
.685202517
.687132918
.677720005
.695344788
.696868020
.675659828
.681640152
.694522075
.687219185
.684253736
.685662321
.676602815
.685396544
.676295223
.691749313
.697457763
.673070566
.679104238
.671384352
.692286876
.686297725
.680181453
.689032426
.686180703
.685144430
.686445109
.675584235
.677133763
.679873401
.675022553
.679009598
.689568787
.682823325
.699918393
.689268623
.667401043
.687657173
.678761636
.667231181
.689198204
.680100999
.677326137
.685337162
.668768167
.683230395
.691723852
.691069510
.677765521
.689282975
.694116470
.677246414
.677100468
.681375848
.690110313
.714064702
.685041935
.681844403
.680486373
.688223924
.674330564
.670629761
.676942769
.678643827
.694806071
.683228979
.682734836
.675412703
.683538043
.692493720
.679432489
.681886870
.676815201
.682877145
.695981645
.665140388
.681704232
.676118935
.679493896
.685672751
.694749923
.696716022
.689251548
.680398497
.678620239
.689380831
.688266437
.670900991
.684779270
.672506775
.682214281
.678024225
.690418796
.691907751
.680639819
.682915547
.676549932
.665967211
.671399774
.684903841
.679322098
.691235149
.663990529
.681203819
.675319677
.677842167
.688481547
.666837374
.674230103
.681388688
.679076922
.688307113
.673968389
.686952595
.675437837
.695432518
.679439126
.697366962
.681027329
.685090677
.672013744
.677064714
.679907303
.680661357
.673967970
.685909181
.687282612
.685074639
.693564695
.690337127
.673051962
.685111987
.687568797
.680148713
.679401028
.674886724
.693050315
.697863240
.685456644
.672865625
.681297261
.684388685
.673695467
.686573893
.679374488
.677580799
.676906507
.686502485
.675749067
.688820232
.679326374
.685349351
.680915029
.697071602
.704341288
.684123008
.675478883
.682368136
.676330902
.670093937
.688173648
.692178836
.684277950
.694777907
.675973624
.671716416
.684946005
.678839354
.679178170
.674677731
.676302184
.673212308
.692851594
.674191959
.678139028
.683286339
.683793903
.689125101
.668696724
.692975893
.688003802
.677428111
.688742681
.687354952
.662184290
.688744006
.679796596
.688008522
.680775121
.687178429
.694116126
.677017790
.683728615
.668873720
.684347055
.683711232
.681882875
.683218130
.677965993
.696746496
.694201718
.684730928
.686440013
.679769916
.680534480
.672942778
.690205305
.693758187
.679186545
.695805772
.682024001
.676992896
.692080625
.665235287
.676895445
.698985314
.670961249
.686593651
.656750175
.689536256
.688185455
.673007784
.676175877
.673722780
.667999548
.681192298
.669199464
.683651072
.684034821
.671162331
.691767210
.669570671
.684696518
.685340932
.660365140
.674731209
.676498536
.688406622
.682599089
.689187676
.682979977
.685553514
.661704205
.690090602
.684924438
.679777565
.681033503
.688576165
.678552130
.673097056
.678980796
.673449435
.673901252
.677476866
.675129693
.672052572
.685195349
.667462257
.678420902
.672054957
.665888363
.673398074
.686109247
.691611446
.673845921
.683656865
.690733884
.680289094
.680989719
.676875269
.677206248
.680612732
.683171874
.676731185
.679473249
.686418123
.690673797
.679736527
.686352506
.684337148
.684808780
.673862707
.681649264
.672863638
.693912020
.673460511
.662153427
.681675462
.686350806
.672880082
.687188677
.674424651
.669299552
.685258532
.678582439
.677404983
.667225524
.706486243
.673656633
.691768699
