.668454400
.679920146
.678892714
.679272885
.683506540
.684268323
.681734272
.685306924
.678304502
.680145332
.679015348
.682799306
.670966604
.696768905
.677820915
.680899787
.679307432
.679348324
.683781118
.688158601
.682724337
.684955858
.667664646
.679959801
.675489444
.682630943
.682992654
.688511940
.684161378
.679888592
.676697759
.680483835
.670628700
.685305380
.678701978
.698521526
.674405435
.685123386
.681974106
.672088855
.690810501
.670087420
.682000170
.683366654
.681760698
.681826792
.662450072
.685825789
.675790831
.698480842
.691072232
.685263843
.683439326
.693339098
.685062503
.682448338
.679905542
.677654514
.678392251
.682026586
.669445832
.680665733
.681093682
.676115416
.685353708
.681716665
.690712799
.685710087
.697808623
.673904864
.665407592
.669606387
.699033989
.678146570
.680035188
.689716082
.656990795
.686529393
.693857185
.679872729
.672057561
.678679136
.673688719
.676566510
.675026856
.678069418
.669861463
.677282975
.680037685
.668931257
.666425088
.685071713
.676160598
.667308136
.695535084
.681246834
.684992207
.665230282
.676134812
.687374571
.679933304
.680501454
.703432660
.694649186
.682985387
.685014000
.681154256
.680551172
.697515905
.662089611
.684497357
.693197647
.694764826
.688919866
.672472168
.672781749
.689890174
.694173996
.676561696
.689971997
.680496414
.683446911
.684077549
.690858423
.679367541
.679683353
.675879005
.678847532
.680894620
.688091986
.672862312
.689294264
.675278756
.685403066
.683009301
.677254565
.674259725
.688867254
.680924305
.686032166
.691467693
.679411595
.685269853
.681567393
.682273322
.677157822
.698003403
.681661039
.677439633
.675388730
.657852313
.673265048
.683133422
.694228738
.684580784
.678679514
.687017839
.683660446
.673082873
.685113609
.684084449
.688613655
.683540225
.689403448
.687766740
.679790326
.673962968
.680401349
.672579538
.683375167
.681263545
.676392417
.674267453
.682918052
.682227439
.679141172
.674553501
.677354668
.687177011
.686116929
.659358020
.675224743
.672541193
.690903860
.688071425
.685064509
.677671674
.671700221
.687401755
.678017073
.669749330
.677501766
.674063594
.685537877
.682179251
.651454805
.675460400
.686773302
.670942223
.679925089
.682764563
.683297294
.700203151
.675811253
.668357827
.708359111
.690522782
.684861129
.691952271
.682269747
.686580753
.683480518
.695118005
.688259370
.679921675
.684169600
.694520981
.688286690
.673923508
.705659140
.684344253
.680454288
.709213392
.671431707
.689054483
.675006141
.682564030
.667862105
.686158645
.690391954
.670061172
.685604997
.685486262
.681268657
.698434164
.688024178
.669664697
.676903782
.685317093
.694405773
.668279752
.680762996
.693204927
.666704740
.679282451
.675754447
.677787052
.678073198
.683728054
.693563129
.687585133
.677943690
.690191772
.699288143
.682679095
.670485830
.672718169
.671843237
.687101529
.680326251
.676661410
.681880277
.684822724
.668679461
.665293742
.664732160
.663143728
.653037883
.668468550
.664073940
.662245976
.662822808
.674450062
.687509595
.672855467
.668667143
.656410250
.671057953
.682481503
.653141758
.664662331
.673312509
.677079421
.680712158
.691586620
.672519818
.670796129
.669931467
.692459606
.685810832
.678504427
.684043369
.690544033
.679677058
.686835971
.691313947
.669036990
.684073132
.690815280
.671636948
.656731111
.663890346
.668200758
.692940219
.676444269
.684798197
.681563394
.677837551
.672938272
.679263234
.667922971
.677705128
.674683095
.676409771
.668625602
.679790308
.670925358
.669483388
.671464646
.678348756
.679946011
.662449199
.671830394
.695073117
.668206488
.680953151
.683970844
.680182499
.680147251
.678530045
.673217053
.683072375
.677045860
.680390701
.687022191
.674580585
.688102264
.676304856
.685930070
.683574628
.690254362
.684150710
.677605283
.670391753
.689694950
.670425552
.687134147
.690589133
.663210302
.685404935
.682532232
.688275393
.678382562
.672120642
.665767652
.656677875
.665263877
.687410918
.676269308
.686174399
.653734385
.687852591
.677465550
.667516594
.681519220
.692845672
.677373526
.681886819
.666516488
.692445662
.689426053
.679360785
.677620231
.673202713
.673153763
.700676977
.679033012
.676743476
.685113890
.688746429
.674933977
.685374092
.688190198
.693200565
.672895811
.673546941
.693380573
.674593581
.690153252
.663757498
.654901506
.676144128
.680342146
.685392214
.660240100
.670615763
.689670452
.675388246
.646960089
.674688911
.686323743
.686387618
.679288499
.696448127
.694003744
.689794705
.694005599
.665063363
.690324470
.688481681
.690996613
.676446072
.669847479
.688310864
.697977034
.687966405
.684331427
.683620745
.682570361
.663123033
.674061665
.675059457
.680084130
.670964821
.687123815
.671064078
.683101507
.686085723
.682730123
.681443612
.681710218
.678840624
.671134769
.659996536
.687219450
.666460417
.677562415
.656523422
.671089404
.677741101
.678472668
.676036754
.675491261
.695005095
.652266457
.673539344
.649507020
.674545194
.662425209
.671630538
.684433648
.682804926
.715200088
.659655359
.659838885
.676607858
.690452914
.665119174
.653940049
.670289444
.671223437
.656247536
.668702881
.662452231
.663983843
.668378367
.699285574
.683074661
.680523017
.701190155
.673366009
.670054902
.663865541
.679701259
.683113536
.673314684
.671579295
.678454515
.678851898
.688764763
.691465052
.663547238
.680134989
.683456205
.692386296
.681484196
.684111374
.670157300
.677749764
.670256489
.673433441
.660758171
.680502586
.676153019
.677031605
.683348558
.678790987
.685152514
.680456720
.689824063
