.044809174
.017113043
4.034516440
.034830385
.026713953
.042725607
.020634836
.017569132
4.070108586
.028679351
.021585848
.028405057
4.038666868
4.040672559
4.041834407
.031347675
.025025307
.021732349
.023225702
.023060241
.023895668
.034024458
.026276655
.021283719
.019166693
.022087521
.024224047
.023491413
.022328774
.019710741
.023019949
.022242439
.022881530
.025176475
.039036972
.029749846
.036480449
.022590159
4.053535852
.030158938
.050153855
.028631973
.033508150
.028205386
4.049104117
.031446966
.023848175
.020537764
.018702827
4.040072952
.033722033
.028967273
.022486577
.020645557
.022582703
.019338127
.020882435
.023063084
11.237100092
.033791076
.034879171
.030421122
.020113010
.019738756
.019012748
.019546879
.017787944
.024626685
.022062240
.019098624
.019428878
.021634818
.024312472
4.036296738
.031614052
.026735249
.020329846
.047326197
.027481594
.018632301
.020569570
.022218002
.024776277
4.051983873
.033387316
.029005857
4.043102583
.028628771
.022692132
.030501955
.024082311
4.051244619
.029059359
.021524329
.020171899
.020439277
.017019494
.018917054
.018482675
.019391142
.018176005
.023665474
.019430892
.023663141
.024300730
.020367318
.047812494
.021594829
.019480976
.016701866
.020926490
.016442948
.020102816
.018331007
.018634468
.023565473
4.052715549
.032207513
.023251970
.017724043
.020510152
.022515421
.021356868
.022816091
.019687353
.018863304
.017716918
4.018763761
.019730866
.020070783
4.067921267
.032619295
.031561122
.024618743
.024061990
4.046968949
.031164031
.022584632
.021552623
11.245120508
.032253384
.023197811
.018721067
.024527697
.022217845
.018402189
.020083203
4.047486963
.027627264
.022659765
.019474240
.019136320
4.042311565
.035046073
.019980619
.016562800
.024712740
.021146045
.020958251
.019026986
.021893093
.017563141
.021144295
.020407581
4.042734366
.036731629
.021997177
4.049111043
.032736305
.024196777
.019181946
.016690675
.020296205
.018413023
.042815719
.022464556
.027847349
.019394405
.022611473
.027371889
.035201816
.034467561
.022579899
4.042303885
.036335823
.023329737
.021304599
.019785923
.023064277
.019582838
.022107854
.021878561
.018014285
.025707128
.018229536
.017323115
.017201113
.019496796
.018001994
.021306057
.021328474
.021253682
.018540747
.020739553
.021628643
.021148140
.021638810
4.052076076
.029129275
.024224535
.020047299
.023570280
.017771617
.018151953
.021165181
.023327988
.020167758
.022031729
.048890293
.029433443
.026358927
4.045529339
.033253630
.025937717
.023255412
.020616981
.017170963
.018145260
.018283927
.019075974
4.032990483
.024175666
.031904539
.029426068
4.051169577
.027300057
4.053677923
.034152675
.023508747
.024079624
.019130223
.020255687
.020741607
.018795889
.021585653
4.045176145
.035099859
4.039108953
.031125683
.021046557
.027003178
.021569870
.023756693
.017916670
.017235824
.017845420
.017219210
.021001583
.017715373
.018135081
.020424510
.022092850
.017147128
.045539645
.037964511
4.051764615
.029346219
4.052278505
.028025068
.043823325
.018922669
.036414260
.028907432
4.061272873
.030430819
4.047712696
.029466965
.028070946
4.059770888
.026884677
.024970509
.045521795
.023063297
4.052001027
.032042423
.020630646
.021664402
.021545926
.026038134
.019492326
4.045986075
.038825100
.026596567
.019443711
.022208214
.020242722
.017863935
4.045838353
.032136362
.023135991
.026217932
.020650309
.025035371
.018080685
.047932745
.033077613
.021588953
.021061794
.019233842
.019992145
.022225891
.021498836
.019760459
.019489818
4.028566901
.031290448
.020975760
.021190782
.017844807
.021244735
.017915217
.018101908
.020034933
.022569942
.017209534
.024462513
.019737419
.017959963
.017201660
.018636482
.017981378
.020182419
.021993914
.020666040
.020087344
.021238777
.018533034
.024931635
.019230801
.020804026
4.050496154
.028584247
.020800110
4.033809487
.033354836
.023914065
.026685594
.021475296
.022977363
4.047199092
.031691244
4.041987670
.021554581
.024529007
.018565448
.019248091
.021601826
.019476736
.019729962
4.035841711
.033839915
.029319135
.026681802
.020453101
.017216575
.017857223
.018442084
.019212010
.019362080
.016053685
.020523553
.019111479
.018079410
.022756425
.021073376
.023613219
.017747400
.019280213
.018881917
.022650726
4.051210503
.035063882
.024236617
.023629883
.020353569
.018006750
.016644379
.024328609
.019459738
.016083891
.021163117
.016117971
.024127170
.021543748
.018083868
.017283153
.019313126
.020795111
.018284641
.019904403
.018983658
.043871559
.021722737
.020722940
.023754248
4.047966435
.030571658
4.051273244
.026959056
.022917701
.018760555
.018576221
.019018097
.021501027
.022299282
.020896233
.020698106
.019888061
.018525970
.019338683
.017622757
.021266234
.020220188
.021858904
.020534856
.019753727
.022416407
.020249104
.018597346
4.042387237
.028284442
.024263156
.018569238
.022145858
.020330322
.018664604
.017695279
4.040972391
.031590712
.020647958
.023309789
.022267679
.023161137
4.047045732
.028178536
.020843439
.018005125
.016529432
.022240140
.023974684
.017693030
.020807609
.018903915
.018561156
.019714422
.022588482
.038360489
.023026577
.018573929
.019744727
.018246677
.026479845
.021541986
.020726190
4.055726475
.027534600
.017342298
.020022311
.020182562
.020027437
.021238234
.019302641
.017166922
.018093260
4.030220260
.026780471
.018921764
.018689013
.024909045
.018460345
.018461387
.019866519
.022366407
.017635590
.017252006
.023941165
.018700722
.017302131
.019231724
11.238584393
.028620398
.024879795
.018266886
.017402090
.020916400
11.243032165
.023971998
.021481361
.020387188
.020193562
