.033354626
.012655114
.015317287
.016379356
.018577250
.020417077
.020649259
4.026974324
.022683725
.023614702
.020143060
.020023510
.020413494
.020240190
4.033139214
.023747086
.021658200
.018145263
.019698155
.018354234
.016426985
.018320066
.020398034
.014802879
.018760845
.018451824
.019858207
.024325789
.021215129
.017338043
4.037983515
.024835781
.021546859
.017569017
.017231412
.021886214
.018495952
.021607113
.021536691
.019840623
.020088931
.020961487
.019644943
4.026083896
.024432879
.022198693
.020936028
.022080643
.020180937
.019110117
.020526334
.022032474
.018225185
.019421679
.019569730
.018078050
.017567142
.021760706
.017168282
.020577588
.023389854
.019771035
.019813288
.018268604
.017499888
.017571517
.024770984
.019818414
.017984627
.017583101
.018062466
.019866374
.017691484
.015192862
.019089199
.022989911
4.036421799
.023437315
4.041990153
.023049832
.020904775
.016984645
.020547961
.020866564
4.034252306
.017083444
.024316580
.020656092
.017913997
.021370723
.018833432
.019629359
.021075953
.019003318
.016278141
.019954672
.020872106
.019755492
.018407821
.021094204
.017639479
.017945458
.019215707
.020759141
.020894899
4.027288560
.024145154
.021588160
.020778189
.023448638
.019978467
.020901226
.023184980
.021882984
.021798737
.020485408
.017812751
.019153287
.023927287
.019021626
.024258526
.016118268
.016379635
.020856853
.019218161
.018825383
.020576238
.023438554
.021016514
.017713171
.026458707
.023951336
.025507268
.021805660
.016055114
.017310466
.019077365
.019930194
.013798497
.026676966
.020387625
.018969256
.020055384
.019386276
.018175168
.024419723
.019562792
.021174506
.019291124
.021132554
.016749883
.020638504
.020632213
.017805432
.018377179
.019668525
.017892419
.019611159
.020141037
.020160284
.021240372
.017003429
.073343242
.015549982
.018768495
.021104850
.021439841
.022152274
.021901646
.019888159
.020545101
.020884925
.018984754
.021220624
.020946333
.043077507
.023956787
.020033041
.020192559
.021435789
.019273613
.020506554
.021956420
4.032878655
.021308392
.019421050
.022598907
.016983790
.021284896
.023591341
.022510379
.022430683
.024424134
.019331354
.018489148
.019168171
.019964385
.016071843
.021662173
.020582001
.017871449
.021649841
.021174287
.017891237
.020585875
.022441973
.015118986
.018617336
4.031764280
.025242303
.020746477
.021083883
.020131569
.019103680
.018779270
.022051822
.019654265
.020235636
.019693967
.020387530
4.035889620
.023232604
.023594091
.017456344
.020672404
.019152340
.018914042
.023258433
.020259508
.017851618
.022504713
.019927828
.017396288
.022523234
4.032895639
.023558851
.019711913
.022423726
.022752552
.022458178
.018346654
.018103315
.021930700
.018693924
.023395484
.020188330
.018665511
.024118170
.020388801
.018582848
.022834097
.019984517
.023547326
.017690146
.018020931
.019599157
.020279848
.019801703
.021684467
4.021884567
.028734945
.022464334
.019557182
.018225713
.020104432
.015030685
.021408156
.020698011
.019555806
.022481163
.021372910
.018868823
.021406196
.020575653
.020909687
.020271364
.023324619
.021349954
.021724231
.020284736
.022323225
.021915410
.017609718
.018074981
.019443070
.023202552
.021658782
.018541411
.019868090
.016968812
.020063977
.023000707
.023215299
.018592779
.021026500
.016700601
.015061761
.019607210
.016992350
.019687699
.019475813
4.037528979
4.042893484
.020662302
.013049018
.015579683
.017424325
.022169912
4.045275841
.023961853
.020179415
.016006494
.016231461
.019075205
.022067968
.019995902
.022152497
.020419005
.021247090
.019924995
.020753289
.020251821
.017930792
.022106588
.020379219
.021255339
.035949731
.018629681
.018930746
.018933413
.017724986
.018631057
.016128379
.023618865
.022829418
.022405601
.021058916
.018079277
.020291311
.020167726
.020345622
.022732967
.017321551
.017165954
.022197110
.020666236
.016037388
.022563574
.020321155
.016918951
.022461955
.019064210
.020916866
.022463831
.021349227
.016821541
.023214722
.020138882
.015178208
.017848779
.017335806
.019124189
.024028593
.016508430
.019769543
.021698601
.018689660
.021635037
.022377675
.020060437
.020075235
.020051601
.018795657
.022488672
.020334701
.020414313
.020760852
.022526769
.018919867
.017663338
.020426359
.020592584
.019692474
.022549527
.019828272
.019339390
.020767229
.016356834
.016732134
.019070378
.017868703
.022409770
.021497238
.021021945
.019666965
.023156159
.017177000
4.033059109
.024221870
.023592688
.019218931
.019133485
.022127128
4.033461126
.023218556
.015431173
.019322176
.018187233
.018367338
.021362941
.020533314
.020013879
.020568576
.018408769
.021633578
.023009398
.017989537
.015724152
.022511181
.018004418
.021103641
.014590084
.019058666
4.041955135
.024522351
.020393222
.017982035
.021175249
.023287247
.021690390
.022328616
.018335035
.018577746
.020123169
.019606110
.017050455
.018025008
.020537398
.017622866
.018277806
.023353145
.018751141
.018531979
.022185857
.019359481
.017528749
4.035814502
.024715336
.020863055
.016847133
.018529812
.019208344
.018044682
.021683054
.018324197
4.025744269
.025665047
.021510660
.020356917
.021884792
.016254090
.018091865
.019356397
.021042619
.019306795
.020426317
.020621178
.018831336
.020554863
.021799553
.018784027
.019325386
4.032030525
.016289263
.023598390
.020012753
4.022415849
.023240918
.030216660
.024540244
.021432473
.020335761
.023098229
.020047884
.020929312
.029171083
.024561622
.020820044
.018275527
.021380381
.023013717
.019592772
.021809614
4.040150460
.014636466
.021138386
.020658103
.021242444
.018940922
.021602832
