.696318148
.702511705
.689282413
.671645148
.666251900
.691151774
.676227422
.659557832
.668525529
.673684598
.684498318
.687096484
.683991844
.696199461
.687206027
.695356001
.682603665
.653596293
.668233685
.728715858
.666164136
.682771695
.671102213
.671728690
.692678979
.682457547
.681628145
.680971588
.686623291
.689702969
.700399206
.669768129
.663784852
.700487807
.677202923
.678537385
.681172358
.671867736
.693259966
.684106192
.697909485
.687270401
.699827758
.689783647
.684694625
.680337343
.668800340
.695095878
.694462369
.674442635
.683577789
.677105104
.680959728
.668766305
.682820094
.669964751
.676778623
.680703484
.679208675
.680385584
.702318924
.677861465
.676242471
.690331545
.675120385
.690942276
.695287190
.685234972
.694311757
.685515060
.683236466
.692232641
.685881843
.678148192
.677231693
.679703224
.693123340
.685180621
.674469654
.677409333
.675644526
.661738256
.662976856
.697120186
.668550533
.708076439
.665317887
.687086682
.693871952
.673715791
.677622276
.661978498
.684933836
.677913408
.673636724
.673943780
.670787699
.683507718
.683783514
.685527606
.680295703
.672806629
.689735436
.677299048
.696150421
.685397815
.672522788
.692429329
.677861642
.674495495
.673856793
.684011378
.690702116
.665448261
.683385430
.692665778
.664192490
.686985275
.665719347
.675399073
.693997825
.693150974
.678891676
.675597730
.673558963
.653729471
.687488680
.687284553
.670268752
.691276540
.676979202
.675810991
.694945917
.678247726
.687533982
.669941139
.663756804
.681885553
.682962995
.679819857
.684515955
.683458601
.687251962
.681510139
.680196313
.674066322
.695837984
.684707955
.687793538
.691811364
.670716266
.680523718
.666511649
.682889853
.678248517
.680249991
.687185740
.684725250
.696596565
.681233496
.682171823
.687215121
.690619565
.684462944
.685773185
.687775242
.680486459
.684636773
.693034128
.685415983
.688277851
.684366548
.685654951
.687469385
.680649328
.695243189
.674634612
.691540347
.684159837
.684084278
.692032995
.673754217
.672286648
.678943921
.689940906
.691313398
.679148778
.680102097
.668988349
.676819633
.695374494
.680465139
.666076011
.672836421
.676823550
.678000437
.676923103
.680143977
.687593550
.672641522
.680472973
.688877241
.694497601
.662980860
.682209508
.692599755
.682974347
.696882253
.681084837
.681000826
.689481102
.687031235
.682155502
.679101231
.680872061
.684861858
.677428286
.704890515
.687770862
.684583701
.682476664
.667969773
.670574158
.682872835
.698162818
.684683587
.675634995
.662273569
.692288886
.679520446
.678754357
.698486106
.685469803
.683641341
.689157022
.688884824
.681371828
.677437912
.691532257
.682878252
.694514478
.659315226
.677526590
.691815415
.670846732
.688855779
.672275397
.676059753
.672755911
.674615335
.673659724
.676873306
.690899517
.692161622
.686386702
.682700357
.692522955
.690776002
.681551932
.682563383
.699555396
.691039533
.686200597
.689911193
.673612636
.674908994
.680672746
.675912610
.689701920
.706985050
.691468083
.679183074
.674375974
.686295899
.673855372
.670591076
.682243887
.684423473
.683241253
.686012116
.675035384
.685574149
.669970088
.686060789
.673087366
.690004871
.684129731
.671180103
.698737010
.679476358
.671910563
.675728464
.685158517
.690760750
.688049478
.679512737
.676884223
.680752076
.671329579
.674225168
.685607351
.681695455
.679677922
.685764020
.673216985
.672604600
.680741231
.687121209
.685534350
.676835835
.680254474
.688943404
.680306349
.683078977
.682101003
.677234258
.690296468
.685963107
.686831788
.675739859
.696795364
.678462945
.686230611
.679629005
.672967564
.677107339
.669392132
.661332335
.692347542
.688483647
.688253269
.672003549
.688586107
.677230925
.659065675
.683358565
.704617907
.698416432
.689487663
.682806973
.679507919
.682393216
.677108464
.700851721
.690572639
.689093406
.678490903
.680652188
.658549041
.677415094
.676132157
.669713178
.698127428
.689778377
.679429752
.680598812
.687166668
.681143404
.694612662
.688714651
.690561764
.675002097
.684537126
.693600980
.677066880
.691451778
.683640445
.678243774
.679639255
.683902574
.683918240
.683637069
.678234108
.689383036
.679140789
.686145276
.680574937
.678511445
.662773942
.677727932
.692795925
.679439252
.688084933
.677616014
.681426493
.684259829
.671056367
.680692439
.690404512
.680505019
.657090119
.695383244
.686745257
.677155020
.674242662
.675323803
.680284027
.675304431
.683257048
.698469582
.687339847
.689225999
.679580402
.677116272
.686217171
.675875280
.671369354
.672901032
.670317869
.693608081
.693110226
.689288870
.677267145
.676870652
.686965581
.670609570
.678573206
.682154837
.691598971
.679435463
.677875478
.681935269
.686044924
.687477998
.670082111
.685641845
.685724189
.681984456
.690357183
.679407225
.694047390
.685929247
.677137307
.683634139
.676634061
.693795504
.679984658
.682507990
.672680544
.678893603
.684962334
.690312645
.672804137
.682277841
.673898239
.670414379
.679527500
.673687965
.675242129
.681469178
.677886300
.694501491
.674892977
.678766647
.675424837
.680356775
.678122517
.681944319
.677477370
.671673738
.688617212
.676912771
.683288426
.672277059
.687561827
.692558934
.689187570
.685575815
.681049633
.674967212
.680136791
.680253229
.678765531
.689511896
.692010141
.691540349
.677573739
.690235478
.690817288
.677330445
.669579777
.666684702
.678940236
.679815229
.679578410
.689097861
.681533136
.666988734
.690935295
.685675999
.682805750
.685249255
.686825061
.686173745
.678059071
.677545351
.694952961
.689048970
.677862201
.697118704
