.042610984
.022636929
.023206836
.023338961
.037862651
4.053538270
.031356255
4.040502799
.030323564
.026524540
.030056526
4.040819912
11.261099505
.035654646
4.055061241
.030911388
.028356928
.043354199
.032294121
.024415452
.025294647
.022951975
4.048625818
4.048801490
11.263130817
.039915222
.027607660
4.029483703
.029721919
.028195943
.024107131
.027934447
4.051101122
.030273953
4.042389131
.027108960
.025131031
.019727948
4.055309516
4.050314842
.034331224
.024484291
.020547227
.026032184
.019631199
.020799098
.025337279
.024144296
.019825987
.023809802
.023292102
.021942456
.025307112
8.081042834
.026275319
.030705837
.022146879
.025171543
4.064881813
4.047816244
.031925104
.024209387
.025725864
.029260811
.040415227
.028255493
.029512265
4.040503577
4.042572290
.031595568
.027014719
.022268041
.020997935
4.058205844
.028523364
.023784518
.022067544
.020342861
.020442026
4.039555624
.027607085
.024584964
4.059222537
.029135354
.026002234
.024678171
.022777199
.024961125
.022212458
.025083789
.018683344
.027987955
4.042767284
.027118259
4.051836815
.026899013
.039651710
.031328874
.024709137
.021462810
.020456449
.021626474
4.026806528
.035919847
.025556500
.024133020
.022562752
.021025816
4.053505094
.033820587
.025609291
4.047581597
.031462663
.030366679
.025779288
.027266558
.024420434
.024747720
.024010814
4.057712379
.032096716
8.076371504
.036954184
.028921798
.020709789
.021755816
.019640554
.022435264
.021355697
.020052381
4.057647881
.029227957
.024870645
.024895810
4.055218408
.033000194
.031688171
.031121388
4.055386025
4.041587836
.032981236
.025591175
.020454915
8.077839784
4.069414809
.032072957
11.248257223
.029850822
8.070569560
.034362329
4.051784846
.030338718
.024186716
4.057153766
.032994627
.028718270
.018608201
.038598213
4.051370687
.032348757
4.050428889
4.046611801
.034404770
.026932666
.021423617
4.046190384
4.047564571
.038880749
4.046807998
4.054291477
.029321508
.024593281
.028927929
8.073378195
.031465603
4.057543140
.027935194
.031348813
8.063108231
.033520727
4.063514512
.029024149
.024843748
.020497848
.029633391
.029112690
4.045319471
.031831194
4.044585674
.030042176
.030389796
.023341892
.041867266
.029006357
.023706762
.025698736
4.044281324
.042508401
.029965190
.036599853
.026601609
.027355724
.022059127
.028528876
4.057235001
4.052572677
.028683831
.021952629
11.253687139
11.257103760
.032109912
.025160378
.029370698
.025412833
.021633633
4.045649433
4.064257780
.032830042
.024025320
.024296150
.027894188
4.062427178
.031628224
.024052737
.027316195
.026513664
.018684804
4.058894907
.036070735
.025700614
.033421674
.020382368
.026290138
.025632841
.019543524
4.046187595
.027203150
4.050484668
.030869757
.029034026
.027613252
.024767369
4.052876103
.031306787
.025983642
.021226617
.021564446
.021444281
4.051348322
4.062785136
4.055012204
4.059768930
4.046720878
.034858449
11.244606786
4.050984950
4.064086873
.038821984
.026474343
.025736478
.039704062
.026334043
.045291218
.028164127
.028090962
.021640871
.022558860
4.044869684
.030433893
.025005331
.020111389
.024537212
.021195210
.019655394
.021615996
.024737418
.024969249
.022060741
.028500874
.019872767
.023509849
.024546254
4.043175538
.029797400
.044016589
.023792524
4.051500384
.032259888
.031073109
4.049215402
.029940344
.027369028
11.248839065
.036892899
.027611519
4.042539157
.034192130
.029996751
4.060015867
4.052547016
.032081049
.039697096
.030744563
4.056190163
.035150976
4.053632878
.032784791
.025338575
.026246608
.020108337
.021077869
4.038342318
.041825763
.024152101
.024282766
.022804364
.020361971
.022038537
.024885386
4.051230050
4.058219092
.027543776
.034173588
.025570962
.019940308
.024272308
4.049720090
.032700851
.027859398
.020229138
4.061793682
.031362365
.025756168
.027922648
.020503260
.023167194
.023395650
.022271369
.020920173
.020297346
.041832388
.035886570
4.037596706
.036990268
4.053592136
4.058055298
.026026604
4.042623422
.029816581
4.036300014
.032416003
21.861242346
.032098042
.024255613
.028699864
.020195942
.020083235
.019919486
.026031430
.022029884
.023436537
.024218821
.030640014
.024079323
8.063866101
.032747452
.027031296
.025103397
4.042364018
.038335777
.027101712
.020623396
.023503745
.023171331
.025469186
4.040916698
.028339159
.021572096
.024191239
.021224890
4.050580902
.032038293
.032718162
.024116198
.021574095
.026814840
.021147183
.025542768
.021987134
.028637324
.046281398
.030097828
8.047616381
4.053696083
.037168059
.030156280
4.055954948
.030034138
.027249660
.039478729
4.059790930
.028848355
11.249310195
.031504667
4.052437849
.033371111
.021287707
.024868553
.023848561
.023502439
.021272748
.021004043
.020837960
.025901211
.024937969
.020919085
.020665253
.023033234
.026421874
.027502199
.020784794
.020575295
.021717911
.017466320
4.043328004
4.045181364
.033439694
.022315740
.018631852
.021844369
.022075450
.020200799
.022045034
.025434049
11.244133176
.030024174
.024396462
4.037362311
4.055689373
4.045377753
.027523758
.028653208
.022072756
4.043146003
11.249122688
.028300667
4.042051809
4.053799597
.028547958
.023250330
4.048338846
.030438902
4.050916743
.031629518
.052250191
.028392560
.025275539
.024121255
.019633326
.022637307
.024451253
.025930867
.020791652
.021729104
.022093352
.022877055
.026440823
.026798320
8.077910114
4.051777700
.029650301
.034442332
.026305423
4.035809462
11.250931144
8.067106583
.027792575
.034844249
4.049250995
4.054481551
.030430252
.022345838
.020402139
.021307177
.026287732
4.045360300
4.058370060
.034391146
.023671162
.021471175
.021541882
.019288728
4.033995665
.036221636
.027525516
.023854494
.025112779
.021150926
.016595410
4.046905963
