.047381478
.022473419
.018577837
.028942265
.026823830
4.042843368
.034711826
.023855154
.021837843
.020066029
.021603387
.024310274
.022424211
.021993925
.025388679
.025655676
.021221267
4.047531113
.030095794
.020767938
.019384036
.023978486
.023258786
.024469148
.022242964
.022802999
4.040059446
.035829189
.024773644
.052735816
.024545512
.024125851
4.061146391
.030563193
.026283243
.021630254
4.036486713
.027318064
.026397700
4.053799058
.027136607
4.039097018
.034743105
.025651499
.022573785
.025397461
15.275033128
.036244393
.028196991
.026704925
.023979292
4.060755036
.029455944
.023289059
.037601057
.025570991
4.053738715
.035448333
.026665436
4.052410747
.028759037
.023268477
.021013003
.021464456
.020519717
.020269053
4.061328313
.029034492
.031708336
4.054068025
4.049247998
.032132956
4.059679583
.029816066
4.047426102
11.266066746
.026917966
.022244439
.025461525
.019170851
.022050108
.024143499
.019462889
11.253932085
.029273757
.023807249
.025019784
4.043922977
.039157373
.026746324
4.059488742
4.059688927
.030311621
.025903676
4.047236602
8.059393961
.031755772
.033091046
4.076430084
.020225991
.021434143
.022700126
.025062554
.027326026
.026741408
.026745199
.019007257
4.029930188
.028447053
.025290426
.025017263
.030432402
4.038608171
4.054980548
.025971168
.023489200
4.039472206
.031768552
4.038002975
.028290013
.023943610
.025345134
4.051830632
4.048886835
4.054809801
.029679079
.026636368
.021979344
8.070896695
4.045987115
.034072213
.024271010
4.060711549
.030023479
.027573887
4.038348542
.028498792
.028803080
.023046739
.020604438
.024269265
.021669591
4.053048318
.034433424
.044224359
4.053355679
.033544799
.025421658
4.027872181
.034190873
.026685558
.019020869
.028233162
4.063532927
4.067263895
.032518188
.023753181
.022453032
.023037608
4.045301191
4.063448031
.033999919
.033611216
.019973940
.030787712
4.046943003
4.060157825
.030984667
.029115610
.021963372
.023332103
.021176591
.021218882
.022412783
4.035112828
4.051838283
4.043342319
4.042024321
.030777742
.021677992
.027483412
4.044555122
.031362110
.028647814
.022063322
8.066345373
.036579247
.023748507
.028683107
.022269069
4.042410232
4.053943910
.040481236
.031447026
.026798007
.030494415
.020593342
.024397624
.026595927
.026924797
.024703119
4.047740871
.032271640
.021102460
.024483372
.028929519
8.071209491
.031118448
.023225598
.040778273
.022936685
.026803007
.024390749
.019199195
.024092711
.022656856
4.048402830
.034182602
.021332507
.030789071
4.042867447
.029142496
4.051277927
.036219739
.028701928
.023131882
4.043686182
4.046290513
.038766374
.026418505
.029096843
.022620641
.022961761
.024735279
4.064812936
.028522142
4.051958786
.026525461
.030292325
.023544753
.021090330
4.045650084
.026902207
.047796067
.027395442
.027646897
4.044981374
4.047406009
.028397970
.030617271
4.042468747
4.062191215
4.053360841
.032769782
.022688093
.024417026
4.052496270
4.061030565
.033424606
4.055805968
.027765082
.025310247
.024283723
.022631803
4.053949784
.032472221
.025662865
4.061395783
.033431800
8.076684222
.030256477
.027461808
11.274547652
.043275235
4.047831341
.028510704
.030302177
.023364697
.023168241
4.034610770
4.058852671
.028436413
.028605911
4.044931293
.031567617
4.058329345
.032779224
.023496527
.018249231
4.041845422
.029880475
.031000959
.022130298
.029846310
.021244311
.018442561
4.049239396
.028007795
.022392003
.023360655
.022403044
4.042002587
.028081751
.022314213
.026491025
.026630065
.021784178
4.051383557
4.047683172
.030205763
.024942592
.025368544
.023750985
11.250941448
.027621309
4.049057367
8.073162502
.028859250
4.049911875
4.054469309
4.050545657
4.061644331
.025583297
.022482759
.024018861
.021175403
4.041233209
.033084856
4.056197492
.028016888
4.046966728
.029254451
.031678315
.025015790
.021816758
4.052202369
.026717439
.025031048
.022809497
.020138953
4.044322986
.027743426
4.058945957
.027919870
.026297855
4.052529526
.025084126
.026708352
.029384353
.024802255
4.064247400
.029718243
.023175138
.025087695
4.038465453
.037708720
.029323305
.027332377
.026885051
.022847654
.046970669
4.052810111
4.057264740
.030858272
.029053258
.026099845
.026863125
4.063016389
11.254286968
4.054363409
4.062337679
.026757215
.030474491
.022939023
.024442417
.019472243
.023761844
.021309507
.026602717
.023658220
.020568726
4.063824815
4.056035146
.028084986
.022950815
4.052486327
.033552694
.029202427
4.060259041
.028135027
.021765666
.023251977
.022123994
.020340647
.023653220
4.063705863
11.236777721
4.071387182
.026811951
4.059535484
.029179631
.031209183
4.042186722
.030964521
.026621838
4.048773210
.029702624
.029970953
4.021663351
.017513896
.022049242
4.064673691
.028420560
11.264025202
4.054375225
.028540184
4.041501549
.041702105
8.071495510
4.052171336
.027021075
.026037633
4.048197483
.029908074
.024699572
4.060719209
.028454348
.025311314
.023716880
.021796869
.020943757
.021640787
4.041295655
.031420594
.028927008
.024193123
4.046166885
.031695506
.023464343
.026574252
4.047558617
.032105875
.022317652
4.049817375
.031969085
.025478979
4.039826906
11.260831300
.032673866
.026235383
.026993080
4.054011726
4.065128590
.030374931
4.066930260
.033502972
.026365751
.024351117
.022652477
4.057252217
4.063941453
.035960395
.026005467
.025141272
4.054471144
.030229985
4.055219976
.034003926
.024376076
.022617396
.030039821
4.045422882
.029142001
.025232688
.024980734
.023002764
.020628552
.017738555
4.044005572
4.064295546
.030487980
.027976853
.039236260
.021986614
.023343259
.019822523
4.023634517
.029731034
.024701947
.022997806
4.043660412
4.058713550
.030478397
.028212516
.026371128
.028233682
.017897053
.023539965
.027991353
.019071868
