.045792710
.024557658
.022221959
.024611452
.021148216
.028335653
.020599532
.020896333
.020038389
.026942151
.030141878
.027943142
.019016231
.020073141
.021057505
.021575897
.025723029
.020388692
.026072332
4.043406098
.030157587
.020771038
.019533081
.017971240
.020039681
.017554351
.023267617
.024771081
.019200237
.024159396
.015483036
.020807164
.018222456
.019096276
.018567259
.026103874
.018798891
.025157178
.019152944
.024561117
.020163769
.022277835
.020964460
.016375022
.026783188
.018225581
.021071380
.022247043
4.057157828
.029037635
.024812333
.021291013
4.035335633
.027994227
.022129373
.020059056
.024191147
.020418193
.033490360
.024416987
4.050657923
.033015467
.027820947
.016404918
.019172621
.017350695
.020515467
.019294015
.021359533
.021037024
.022428814
.018960922
4.043075832
.023240090
.021295780
.025364571
.022353812
.022526068
.019647854
.023745314
.018376773
4.044351907
.037082324
.021938435
.024835483
.025602174
.020633643
.019987458
.017717720
.028654603
.020766941
.021497880
.023008135
.025215538
.024194339
.019169766
.018167735
.022623666
.023009095
.021200871
.022178110
.019468983
.020763733
.016502891
.019943957
4.057595580
.028813111
8.074596915
.029182623
.022184445
.023613449
4.049922315
.028168050
.023527154
.019304147
.021765682
.019360565
.022812590
.020792318
.021427547
.017634094
.018276823
.016628646
.024718733
.021544717
.019995335
.020494684
.020031211
4.045489678
.029557259
.026710338
.021170414
.024502518
.018573874
.016514934
.018123193
.021580843
.022668002
.018639876
.020661606
.020982699
.022988262
.018971844
4.057024207
.023021180
4.041493637
.033705181
.025355337
.024450641
.021170455
.020684856
.022153320
.022352034
.020576644
.017084411
.021578302
.023383817
.021030034
4.051524702
.027091724
.021229707
.021524508
.020837904
.039206645
.024344205
.019546797
.027418709
.021362511
.019080243
.020461612
.019171162
.017236820
.016811163
.018400248
.017180049
.016618908
.020914482
.021757172
.019989374
.024932823
.018397223
.021330972
4.045649185
.034455862
.019740172
.019101612
.020391405
4.046685296
.030065376
.023522593
.021642077
.019951151
.019007955
.018107804
.028106777
.020032279
.020120449
.018629361
.018249308
.017720584
.021180023
.026244970
.019655935
.020390583
.020591714
.017894006
.018296143
.017719168
.022127387
.023403884
.017263946
.018316269
.041246408
4.045707330
.029319187
.022492279
.017030788
.017880896
.026035514
8.059206529
.026276663
.049122196
.025764110
.019347187
.028325512
.022302808
.018930385
.019579068
.021263043
.024336461
.017214098
.019083442
.019920756
.026216887
.020226431
.022165736
.018815317
.017718746
.030893613
.017435779
.022616924
.021073172
.019528588
.025615184
.020974761
.022542346
.021035262
.025408220
.018936078
.020579458
.020479626
.018900915
.019320968
.022889404
.021484822
.026124705
.019050169
.018219729
.020659344
.019934907
.018639661
.019969116
.026774228
.018783040
.020005075
.021269990
.021539956
.022185558
4.049700670
.017180460
.020529516
.020827359
.026118222
.020335844
.019689076
4.037977056
.032338489
.024679598
.025135570
.022229402
.023301141
.027571309
.022515702
.022092190
.020369888
.021585466
.024739642
.023739613
.019428736
.021871974
.019303149
.019214272
.021074660
.020279512
4.046814699
.033828701
.023397603
.022137024
.018842469
.021031408
.018685548
4.036431547
.026046930
.022087439
.020213135
.017811023
.024269462
.022548328
.023227723
.020608855
.020702774
.023637902
.024492761
.021951602
.021410587
.021357502
.019910001
.017362926
.021489713
.024315088
.022190026
.021738387
.023777031
4.038676454
.036727203
.024381340
.018007653
4.059544608
.031137330
.021361502
.023568608
.020484184
.027636936
.019315817
4.040944438
.031744973
4.033336673
.032156943
.025160946
.019776330
.020127091
.021951227
.023200514
.022631956
.021607842
.039260818
.020350431
.019795581
.019300274
.020390015
.021473422
.019775622
.019812081
4.046164811
.028131422
.020128231
.041625309
4.058128678
.033389275
.024386354
.022694348
.021075261
4.045443238
.030396574
.030484160
.022061795
.026084868
.022962279
.017870009
.023831262
4.027523658
.022875778
.020310038
.024884127
.020098657
.022673397
.019346177
.021162396
.022343971
.020333039
.017664129
.022129882
.018578197
.022262219
.021651534
.022045004
.019802023
.029142623
.020914638
.051073250
.029640305
.020047947
4.047258714
.033008943
.021556449
.020701883
.022167342
.019268050
.018089892
.025196553
.021633660
.021492656
.017593627
.019385054
.021601784
.018373483
.020895305
.024694497
.023313624
.017002986
.020945640
.019616019
.021577242
.019406554
.022654855
.019407095
.021739621
.020205452
.021655785
.022952114
4.047390182
.033611585
.025048048
.020098574
.022544602
.018848330
.019135880
4.037542485
.029642055
.023124785
.017930179
.020751301
.021273524
.019737981
.020949098
.022587062
.021041476
.020822095
.018378650
.018534946
.020037781
.024648120
.018947791
.022977198
.019237841
.024685039
.040381070
.020661799
4.033815086
.026069286
.023741678
.021509614
.021474989
.025372266
.028195347
.018379691
.023528505
.021581617
.022156299
.018446444
.023510839
.021101103
.021281150
.019257508
.025243846
.023402293
.024321361
.023585674
.016780813
.019272842
.020622922
11.251171613
.034421521
.030396786
.023735858
.022672037
.018067161
.020179843
.019537076
4.056400806
.028295656
.026581484
.021925606
.020494942
.023112013
.020710197
.019227699
.022690044
.020155182
.020680864
.021340423
.015054958
.021576555
.022969844
.024972607
.020006513
4.046963503
.030349424
.023906163
.015747854
