.463803033
.466558541
.448840370
.457341841
.448918935
4.463659383
.448233210
.447145525
.462633442
.462296272
.460921803
.465214316
.463192720
.450021686
.456002991
.455468514
.449304151
.453405501
.448546774
.454620776
4.472356275
.452142637
.461241491
.455000050
.453148021
.458141267
.444661039
.465861186
.451264638
.469502037
.442523538
.459816147
.448449584
.457402300
.455830974
.457405592
.452941241
.461870174
.465339169
.451440704
.453969656
.449008532
.456648478
.462385780
.463007771
.458915714
.459762515
.446624506
.449493437
.445983217
4.466584560
.442863450
.454378483
.473638231
.455564869
.456145581
.457303116
.449053123
.444603135
.444280740
.455141771
.452827147
.473214010
.441195184
.476721325
.437840111
4.446777344
.450966316
.455016096
.455410626
.462225734
.471260211
.453609039
.459308524
.462919574
.459136016
.461293280
.461097954
.457552344
.446055311
.449393347
.452933533
.451934329
.454385994
.461971026
.467683062
.458193618
.462131031
.447639129
.456186414
.454582088
.461140082
.445954056
.461680152
.458041155
.452656133
.453774675
.450991091
.464467434
.449647270
.449203088
.466384719
.448673789
.468258136
.463208927
.442981195
.449980157
.459181192
.453739101
4.451188418
.455796930
.456193634
.454120431
.458061610
.455768455
.457671664
.455093609
.455925112
.450630675
.464757172
.457875932
.443589694
.466611872
.455039116
.440471669
.463342635
.454432532
.451131598
.466327050
.449890338
.454762768
.453252563
4.463633310
.452006563
.472606846
.451250284
.457181536
.453276088
.455869539
.440783841
.459799165
.456421430
.455867920
.460309187
.451721736
.460680946
.455954903
.449776066
.455676764
.465371077
.459463708
.462429977
.437098147
.455762704
.463290504
.448351584
.455377350
.456229160
.446885017
.448549681
.441004353
.447150860
.464277295
.462964057
.450012319
4.454668847
.452255298
.448550780
.456355636
.461501484
4.463832106
.457874156
.463050363
.455309042
4.466027251
.452318527
.444423977
4.467245277
.454765715
.442117907
.451751691
.456838151
.456348828
.468367083
.441819325
.466230709
4.461799981
.462548254
.445074115
.450488349
.455130047
.452964862
.460672619
.447341363
.449816677
.442347611
.456590180
.451266141
.465142141
4.442782758
.447706037
.458759898
.450591131
.447507147
.461028460
.457642414
4.449245085
.447933364
.452695307
.459436560
.441701002
.460286419
.463848094
.461982718
.444667745
.446808125
.463724181
.446118670
.455763764
.446292345
.449741250
.447622234
.464405828
.469034464
.461664624
.472489959
.448427483
.448971435
.463622017
.462197829
.453150150
.452363453
.446282112
.475543906
.455648433
.451800056
.448871481
4.461974810
.461479714
.449482927
.458530684
.453476646
.460269286
.452474625
.443898861
.470266153
.448032288
.459999629
.456800772
.462944691
.448703532
.468207191
.455964636
.450991697
8.460889541
.452949218
.452151107
.463731664
.453926690
.459073002
.439119354
.457051511
.449224455
.440030527
.458001676
.456389871
.449725379
.457712400
.443770517
.454571460
.451541043
.463304239
.454410525
.447885810
.459216687
.447243098
.453658126
.451548694
.452866122
.447153170
.449719064
.453054684
.463579470
.451840702
.468990072
.462603287
.457171982
.450769139
.449031531
.454598036
.467117264
4.455882031
.463973565
.472329636
.455784741
.453662556
.446653078
.444617751
.449952742
.456673952
.447389412
.459726642
.456014522
.466223979
.471044393
.458303884
.463396839
.447443186
4.468322502
.474456609
.455495423
.455003185
.462276360
.461112853
.463769295
.455174760
.456563028
4.459964519
.448888077
.463892654
4.453827225
.455806736
.457352256
.447466504
.456459166
.477757179
.458444271
.463751775
.458531071
.457646578
4.457289718
.445184801
.456954162
.452257056
.455948528
.454364753
.460121356
.437570089
.453933059
.461326517
.452138971
.461863066
4.453572394
.450209435
.456959624
.447460979
.461512584
.456192868
.445944129
.448777482
.455290586
.446626250
4.461862215
.446397849
.448527260
.455327929
.469478601
.461540885
.447945309
.461331692
.455279123
.445259548
.468470227
.458038884
.456384053
.454481702
.448625590
.461450070
.459253989
.461272907
.468002300
.452204574
.458066867
.448177598
.460032344
.467507317
.461720072
.464458369
.456357061
.462061020
.444026229
.459387877
.444931089
.463438387
.446932023
.472423862
.465704594
.454099066
.453324715
.455278183
.457119833
.446580153
.459535211
.443319818
.444589753
.451435815
.458920875
.454632426
.451342579
.444325533
.447479012
.456307602
.466051586
.451553078
.443708960
.450469489
.461959441
.447298475
.450207720
.467420844
.461564214
4.454524771
.462657263
4.459345353
.457769680
8.456751927
.451887840
.463524054
.455709663
.462434220
.456996387
.450851643
.462729237
.445203633
.446674362
.466244749
.465503554
.454343500
.452139036
.448474136
.458033567
.458570123
.451829161
.459641235
.464006713
.457956536
.453101540
.451837537
.454901891
.456931837
4.455305816
.456981288
.453647428
.458749435
.454740787
.456061616
.451138752
.433055632
.457856758
.438879421
.458119517
4.451850848
4.457462039
.448449392
.458633492
.463471408
.457630289
.455851726
.459145384
.444666048
.457785639
.453388700
.451162849
.441492902
.461037467
.453505566
.446502835
.464378213
.459633926
.453269809
.454872495
.461421231
.449246963
.452252172
.453366714
.458612680
.453012895
.449546262
.442217995
.458728280
.462698681
.442914579
.465556353
.457784767
.457378567
.440697063
.463328890
.450486097
.453786565
.463831203
.454652427
.451753240
.455290816
.455733906
.465316270
.446505922
.440861444
.451189039
.460161785
.454193016
