24.261304788
8.086006937
.060791933
8.097161494
15.278947853
4.078752964
8.089872521
.054571327
.048695254
.048526716
12.106807773
8.096845453
11.289534920
8.089173847
.060932434
4.066026714
4.071105710
28.236157574
4.071671486
4.070539161
4.073117652
11.266203690
4.076360343
.063185806
.059677715
.047925053
4.075495021
8.079172024
4.066287922
28.250519433
4.077027443
8.088719478
4.069279039
4.070526549
8.091729962
4.070332670
.055412094
4.068478615
8.085322614
8.082235914
11.269347752
.054571181
.053776942
.060144965
8.092745450
8.102170512
.048261265
.046203416
4.076194768
8.088416318
8.089377152
.049216165
8.082968685
11.262192036
4.071509924
11.276380821
.059585036
4.069367316
8.100788418
4.070699155
4.064999704
11.267723835
.054730156
8.080913182
4.072269562
8.080980823
4.062008932
8.074152401
4.064591736
4.090977050
11.292095398
8.077875689
15.293767005
11.281774186
4.077781057
4.067822919
4.074473887
8.076897811
26.509408712
8.080205605
4.068259375
8.083163786
4.087460539
.055360607
4.064542830
11.268522241
8.096826885
28.244666347
12.099409012
4.070112478
.049513212
8.083509321
28.242338456
19.298129814
28.253970755
4.067250577
4.070381773
11.265989926
4.066416226
.054522075
15.289817165
12.107233469
8.087469403
15.295680643
4.065832024
8.087348738
.048274267
4.087455331
8.088366851
12.109846023
.050215122
4.086236969
8.089470423
8.084908347
4.065953814
12.097194827
8.086205458
.056017850
11.269417773
4.065212614
4.077208984
8.077255847
12.095049851
8.075241452
.056998173
.050097164
8.091655190
.048488390
4.076306327
4.073605189
.053893707
4.082386677
4.066562975
15.296021306
4.066670432
4.080310283
.049454963
8.082064378
8.087410445
4.070714096
12.103925421
4.073290860
.056766883
15.287173527
4.078809633
8.090844949
4.073889395
8.091202362
4.074332265
4.068866866
4.077328774
.055469356
.044401101
75.745011219
4.080685196
4.072891906
.057540584
4.069362736
8.094522492
8.102878818
4.072518535
.052921092
8.088349477
4.084755235
4.070502765
.065539762
11.269604703
12.093978566
4.074927183
.048565257
11.267094683
11.276720202
12.094212048
11.279182044
.052138109
4.070227493
12.090850882
.055441202
22.481234294
8.097553237
11.272748235
.051231197
4.063224661
15.291136239
15.297263232
8.087729452
4.071901956
8.078109194
.050191369
8.080901951
.054152257
4.062508963
11.280908270
4.074088735
4.071459978
.046527995
8.087060237
4.083689360
12.090049002
8.086859347
12.101303777
8.085038177
8.070762993
15.296374349
15.291345630
.051302605
.057545086
.048943012
4.055429372
.058962257
8.075969324
.051058895
15.279879374
4.077282513
11.279173058
30.511368561
4.075995986
4.065748446
.052486741
22.488184270
8.082909410
12.105024768
11.278492674
.070055102
4.085459586
8.085110332
8.083873597
8.093719888
4.072511132
4.073532320
4.081008989
.049383754
8.095195026
4.065511239
8.100739955
4.068003154
.052545181
8.093128334
8.071583035
15.274491156
4.070857853
28.255325670
8.075317522
4.076841245
4.074928361
4.079540248
.052894789
8.078972075
.058171806
4.071497488
.042621901
4.079785752
8.090526587
8.086793396
4.068419841
.050102737
15.296929746
4.077663493
4.066931594
28.256669387
4.074019913
15.296962516
4.070654781
.054756728
15.286682747
4.076166832
8.079688848
15.271378244
11.269461601
15.291366991
.055158776
8.091491463
11.269199553
.053058266
12.100792528
11.280232578
12.096811356
4.074373654
4.072507644
.054499527
12.090537159
4.075011865
11.287546582
4.075899665
.053911821
8.096357473
4.074542424
12.104350077
15.291190546
.061996288
4.073139792
.048667718
4.084369410
15.294865869
4.074347391
.050134354
8.090160258
16.112937128
19.301622237
12.098196114
8.082072096
4.075764175
4.077709102
8.091302305
4.066157186
4.079768606
4.067881123
4.056540203
4.069995103
4.072709783
8.089038754
12.088999427
19.304977232
11.265225089
8.085108634
4.080202462
.048516144
4.065852881
.054551511
12.091730683
4.073310465
.051067492
8.088244068
4.071440830
8.080128687
.052752587
.046348842
4.063765910
8.085339334
8.092648402
4.079163691
4.060677920
4.072795988
.045962550
4.064994320
12.082415577
4.087393872
8.074766325
4.082797568
.054373766
15.287700077
8.080508761
4.069135189
8.076150069
4.068731479
.049421945
4.069512857
12.095679709
4.083684658
8.086871025
8.083143244
8.079225055
4.073058612
4.082914750
8.077991418
.052533922
8.071653633
8.094671763
8.085919008
8.090561747
8.091448711
8.092944177
8.094105715
4.068630919
.052998083
8.070982025
4.073603442
8.090308911
15.290598516
4.073511180
8.093864574
15.297928828
12.093529016
8.085433803
4.075738739
4.075197619
12.095745190
28.240224977
15.284974759
8.086316418
4.074170552
4.075614305
4.084392748
4.067563851
.054342080
8.089469430
4.066738810
24.242263961
15.271720871
.056929436
.048754475
8.088766590
4.064318886
8.083571382
4.079054434
15.289165910
.049598202
4.078130696
4.064146598
8.072134798
4.079707653
4.066612874
.052604832
.052545958
.047227087
4.067896332
8.091542451
28.258053802
4.071380170
15.264806856
4.067479572
8.081780085
8.088992832
4.077259483
11.276380632
12.099074163
.050088466
.048329097
8.085490804
11.271551881
8.094263698
4.073361937
4.083829786
.060825400
.049520276
11.271435423
.050710961
.047549563
8.083338158
.051434879
.048788477
.046971238
8.099800601
11.263992901
4.077461803
4.080898409
24.242598610
4.075805993
4.070705739
8.089092259
4.070371906
4.076320038
8.083287469
4.075615031
8.086256296
8.089934979
24.233352556
12.119465194
19.302223139
8.098351619
8.083361024
8.083328993
4.072957558
4.072162251
8.091777088
4.072295050
11.270570074
4.075973444
.046883954
19.307889846
.057429059
8.080137001
8.090571617
4.079899677
11.280806646
8.093398475
4.061950904
8.091730539
4.065366453
8.092986291
8.089604751
.050050535
4.069796988
15.271650135
15.301111651
.053694413
4.069663619
8.077927469
4.071936230
4.076678506
4.070511308
8.075186027
4.069210956
4.072157709
4.080393435
4.077397714
4.066633827
4.071654243
.052491186
4.062118792
.051997167
.048877462
4.062552052
4.081276415
.047492404
12.102825083
8.093140796
8.088190118
12.092738729
.052369271
