.693350281
.662798546
.673741693
.667733083
.676766384
.675257359
.667041650
.668574015
.679203138
.668971054
.686874222
.658859803
.676827192
.672167686
.670883398
.672296625
.668575364
.664184664
.687278470
.685907177
.673181678
.686990927
.670719425
.675932890
.687179840
.690896478
.660773980
.689236131
.667012613
.659169318
.676395583
.688366315
.670398646
.682802752
.700990647
.681558569
.662222999
.693581641
.666249536
.681826762
.652389829
.661921300
.671804616
.631549265
.656629837
.668066922
.668587978
.673405405
.669523246
.671923070
.672389177
.670587593
.668129454
.664614925
.693133141
.671006588
.651602283
.672757462
.667827551
.684282941
.662273557
.701697668
.715712933
.698808470
.708510175
.695561204
.653872107
.707244869
.678164412
.674078044
.694809221
.679103405
.666024495
.687498383
.654135291
.710301291
.675112182
.701486730
.683105598
.678985105
.668606781
.678956473
.689064704
.711837639
.668147388
.679519575
.678254606
.679025147
.684349277
.706916900
.692003145
.687142842
.688047712
.677293202
.706674191
.691433901
.676185682
.696271260
.694366746
.693205343
.708605640
.683022676
.690952004
.695668800
.682058727
.656071587
.688231415
.672460783
.655677333
.677709928
.699987111
.680967344
.669892712
.679801779
.698899327
.686707807
.680419716
.666128086
.684464957
.705243675
.686660686
.682442572
.680074998
.708118450
.702450299
.692109382
.694965525
.678799706
.673926485
.706824039
.682625705
.686056858
.688049736
.661235224
.683217104
.683657731
.690337103
.676256161
.691656358
.701055869
.660280261
.671938931
.704515065
.655797334
.687558217
.683086466
.692665915
.687954693
.694096174
.673195209
.699279047
.690768489
.686239358
.678508620
.667009786
.679837830
.665396497
.658921302
.686823633
.709892493
.664845612
.672115350
.690133942
.682738243
.687784514
.684239796
.703560630
.709800169
.699954919
.689502027
.716644504
.721081270
.700461983
.713693147
.684057607
.681565167
.667850732
.665936639
.700530162
.676328003
.678370457
.677868657
.687143873
.696692636
.679677685
.675838942
.694666077
.680211949
.667651096
.689550619
.679145285
.704726101
.694168796
.703835914
.681133254
.673871552
.681533879
.666713343
.663296238
.676518933
.666070024
.675664664
.660417578
.691766588
.660785438
.670073417
.667657417
.686746516
.686868434
.669443472
.682116681
.665191344
.676391470
.662185587
.676950235
.681181353
.669893808
.682303571
.671852455
.658369728
.673268451
.710946228
.672950321
.693885928
.670457919
.696462400
.688591687
.673808303
.691459636
.681839008
.699452335
.685080988
.675561792
.704796625
.722683645
.669024836
.699231825
.689130578
.697532191
.690453044
.682452804
.684581781
.690897365
.631785413
.631984524
.653248239
.638712641
.629857201
.680014289
.690902914
.671993886
.687461094
.688422475
.688816011
.682996314
.695065481
.662691410
.693454993
.687981784
.697039832
.661324898
.663042129
.689720493
.640316335
.637823116
.623248147
.631052624
.642353266
.638459547
.633418942
.629831380
.637711936
.670342674
.673918670
.681003586
.680234752
.690718285
.685188704
.701640003
.690716538
.691128054
.688693169
.680057283
.679115934
.704947227
.689161995
.682709107
.689000188
.684532565
.690549373
.671741899
.687021129
.687545864
.691582630
.676278824
.683405902
.683187462
.693500402
.688868174
.672662071
.679577721
.667246975
.694709066
.676368895
.695086795
.692070825
.688081711
.668922574
.677212058
.666081497
.636277343
.633335413
.633693765
.637840997
.637267650
.629783480
.643778539
.649639071
.640266884
.678152444
.654072892
.699517110
.683801172
.666453269
.677091412
.683247117
.687492674
.667948042
.674073246
.699808370
.660090682
.646178665
.638574307
.638015969
.631302143
.634209499
.647089209
.639170225
.631432539
.630643823
.660093508
.681537810
.675458171
.682715781
.681769599
.707697819
.682079637
.678608255
.697079619
.694020709
.692681684
.685517527
.676064430
.685285013
.681130368
.673508818
.695371653
.679733116
.681734816
.696178685
.678480250
.675511106
.678416839
.697124069
.682664910
.688472977
.688948758
.694520967
.707094204
.695066963
.698808801
.683686704
.682312621
.679134582
.657745820
.669573579
.675912483
.667332594
.684722446
.695309375
.679018756
.675800979
.686142758
.682332735
.699037673
.677924831
.662957584
.668079745
.665251487
.672227761
.677476453
.680644464
.663128497
.664452311
.696993450
.685546080
.672997085
.674633669
.685525401
.670182949
.668909168
.779010406
.665970374
.661682608
.682848369
.702869330
.665494986
.693009767
.672679409
.700897176
.676980256
.689665719
.677711741
.677921766
.676872000
.682317843
.686420614
.680609430
.660192630
.668424796
.668218633
.678134132
.671727182
.672565916
.677226826
.670194326
.685513536
.670776349
.683258366
.678641801
.687181347
.678481225
.683248972
.657210689
.656333926
.673009958
.677580908
.670497623
.676295810
.675501760
.664309880
.659511361
.685554566
.660892456
.682186174
.669846563
.682546370
.698598838
.681313364
.684918834
.667602195
.675551391
.681759838
.689318691
.676956878
.667628469
.680123517
.677193880
.661497202
.682685448
.693537499
.685108028
.672443589
.673985554
.678159038
.687088920
.699285207
.652884223
.679161536
.692552975
.675555111
.676656526
.711157391
.675631368
.668907693
.675486523
.675550499
.682431377
.672267086
.673227625
.691622006
.691701983
.684461008
.670449012
.685973911
.697503136
.684857505
.718908555
.693368853
.687444703
.674655530
.680915393
.674402065
.669108806
.661723293
.679456278
.669357374
.685461949
.685930022
.680066167
