.481824949
.470233845
.465965299
.464730459
.458471431
.466909265
.458794047
.482023058
.462515156
.469594570
.451804568
.460275547
.452021857
.461005094
.472616781
.478436915
.459306521
.451914053
.476410268
.495456187
.476330830
.477604553
.484015758
.469585835
.481094432
.464640638
.470279584
.466311432
.464364596
.472649643
.464306980
.455127479
.453114749
.459002517
.465857181
.484516081
.464646386
.454207377
.471078933
.468503666
.469033224
.463320080
.457579098
.451781800
.476075120
.470450345
.479347773
.457338019
.467762528
.504415568
.461767884
.466462785
.470529226
.463286458
.450129242
.474502756
.480268681
.464212051
.455817899
.493711899
.449463801
.456476668
.475044721
.503661031
.474835997
.474177103
.464656424
.460945282
.460374214
.466362979
.465920211
.483436418
.460820621
.458688499
.462818367
.471263045
.474420941
.470501910
.453279227
.461298680
.471867234
.458142649
.463007363
.470035699
.459057221
.459034953
.484229972
.460994947
.466920018
.471936984
.451168155
.479859397
.447960485
.460593955
.467218881
.467519653
.469664299
.464989863
.471493668
.449732129
.456963897
.465024148
.463468196
.468028924
.474554341
.471167234
.470650196
.458862870
.457292969
.478181911
.463354715
.468214795
.446504814
.471375802
.466693883
.450352894
.471533185
.466206542
.452058221
.445766827
.458633720
.470465545
.468013279
.470541180
.461508244
.459299761
.451148102
.460822487
.461777858
.467259058
.486953092
.457172036
.485609694
.471489587
.468003140
.475901724
.482779294
.450662089
.478450373
.451834031
.460302521
.468122621
.470182381
.449273994
.479987803
.453739726
.464714806
.463203466
.466789983
.457196580
.456978552
.473878993
.483613932
.467394746
.466076875
.449890030
.449391055
.450585388
.474080166
.460834282
.459583954
.487932872
.437528708
.468934767
.468502397
.469022488
.470069174
.469033692
.463063313
.443839052
.467410259
.461254565
.459315043
.506539313
.475529531
.444862810
.461259852
.462037215
.458671817
.468313825
.466811944
.455265831
.466017440
.465694415
.475971871
.474471637
.461718972
.458452179
.455146436
.475165473
.460495516
.467226042
.467840800
.452852817
.476834971
.468366828
.450295713
.481952789
.464243076
.475860920
.473787605
.492761918
.454597482
.439828738
.468344637
.465273242
.457847123
.473492940
.462880709
.469241027
.478331665
.466503646
.465817155
.465142936
.457753613
.463854778
.466270984
.468771678
.468603834
.453063400
.458391357
.465471147
.470036750
.463393664
.471753786
.458192250
.458761841
.451392823
.456881111
.467805879
.480724608
.460420997
.458309602
.460334389
.481122524
.468590051
.458145461
.462843854
.479518015
.465985680
.464092156
.483529442
.438740161
.458875020
.491553827
.465350681
.460551420
.458848982
.478059361
.463778962
.460948888
.465348872
.456327954
.460608136
.463728664
.464882823
.476194046
.466130549
.458217751
.461966902
.451128630
.463980956
.471872397
.458220849
.463508204
.460847284
.460097061
.480075416
.471343010
.468443752
.472239493
.470724500
.451995699
.472033604
.485661966
.469901968
.475530351
.454108700
.464408303
.471712380
.454387737
.455986673
.479250159
.455665012
.470732022
.472245594
.466055700
.458179596
.459292980
.463565663
.472920062
.467154696
.468561111
.457453753
.454016157
.471677196
.449930693
.468199117
.474975954
.449016521
.482856684
.452520945
.459506093
.475212473
.464931518
.477119974
.463316009
.472065619
.464618284
.456494918
.457681084
.428108095
.465636600
.459828262
.465041441
.464997646
.466054795
.472497620
.469360678
.444818965
.465892589
.455534997
.462728649
.453922610
.451639837
.455656267
.460160561
.451837958
.453019964
.472781717
.449623996
.456318397
.463796254
.467661328
.460055698
.467094198
.458237008
.465274737
.468422936
.455107071
.463017261
.465757428
.467282091
.463116424
.452135185
.467150910
.455198751
.462796789
.470068570
.474903347
.469044602
.470466906
.457347388
.460218144
.458917911
.463474194
.467474932
.464782951
.450696163
.466918390
.462402310
.468226354
.436959568
.477962287
.473047104
.468026099
.455973584
.467953011
.462626456
.465379792
.462862173
.458886011
.451445444
.457304358
.470750742
.465054302
.472849865
.457528934
.470113286
.471397911
.486721057
.484673461
.467419678
.469170467
.462192340
.474436142
.470916621
.472040721
.464998220
.450076716
.479111909
.474041370
.467486835
.436915230
.463891490
.472865442
.461932493
.464721863
.454549455
.464658316
.472989963
.466303077
.467534619
.481235614
.474349588
.463405965
.462735614
.468410532
.454689564
.465852272
.448204474
.458564088
.448836183
.454518697
.446130619
.438771052
.470337461
.455833151
.471737016
.465534233
.469272693
.458563988
.456025026
.460864652
.466141802
.471212560
.483212950
.465293312
.465600945
.462914166
.463867601
.438976990
.468004442
.467846813
.458139797
.450457344
.474167768
.461286857
.459689598
.469022692
.449672701
.461486378
.466175420
.461676370
.468702694
.475389225
.456051049
.469517379
.469362806
.462853385
.450892320
.472754751
.473306751
.473291525
.448005619
.464648397
.461534269
.460406659
.465483048
.481812651
.450741869
.462950900
.477045387
.469694519
.476610897
.459520792
.466869898
.451222630
.466090232
.440125134
.475869220
.464867007
.460010276
.454207959
.466223120
.463141367
.459677650
.446912063
.461468501
.459346997
.467054379
.463125840
.473002446
.474327854
.456893539
.471833033
.464534464
.462957397
.461823064
.456008727
.463702563
.459024753
.474157685
.468479898
.469475280
.461250916
.482523588
.466575440
.472201210
.476007135
