.719909847
.680056103
8.706791598
4.673506104
.707755378
.692628781
4.725178858
8.705394055
.714595134
4.705581007
.686531025
.718901929
.724821143
.717226178
.708726962
.755148045
.707525752
4.744246833
4.701483795
.702028998
4.705134716
.706272335
.713719841
.730071648
4.690945536
.700276413
.697735869
.723913433
4.705191382
.719299388
4.699093585
.716449927
.756297004
4.717931685
.697142993
4.725342066
4.692605913
4.723396314
.727642478
.732430233
.697543327
.717653928
4.704457506
.695304951
.725753352
.736243362
.719785430
.706493919
4.694255789
.710407631
.716258135
.729955773
.710088672
.722249516
.713839300
.723316308
.724475517
.707547670
.742379659
.689036153
4.738287870
.721891682
.715787551
4.717378101
.726787811
11.915273152
4.694325998
4.727709777
4.717748060
.702851540
.738355739
.723079933
4.693161204
.730623857
.740366823
.715648218
.745078369
.690256946
.708799421
.699351328
.710093422
4.700993712
.722499099
.731796899
.722041599
.704982875
.712374465
.711644923
4.696823042
4.695997874
.676435142
.700279538
8.700900885
.697999494
.707252211
.715966636
.727145103
.690491488
.689018778
.701068038
4.720090189
16.400752353
.689727724
.696498495
.725899242
.706112355
.707323313
.694512340
4.708929303
.697779888
.694504984
4.677309768
.692020029
.686528761
.685508890
.697272748
.704591795
.688833354
.693786250
.705034917
.697558920
.713859074
.695418179
4.708195523
.708302686
.700918897
.702011715
.689991608
.705049095
1.223590671
.675827975
4.720827808
.683886209
.682404675
.702520171
8.698659278
.705618957
.702378269
.720009125
.714031373
.688981824
.688662176
5.250603888
.702775316
8.704184615
.672618726
.703985437
4.723444636
4.713039653
.706038038
.743258774
4.710632753
.725175964
.697766894
.686379548
.689946983
4.711313398
.689867989
.695546446
.705407897
4.700573895
.725680328
.711292214
4.703078979
.701064598
8.688937920
.714868336
.723051239
.703314701
.718226229
.718542859
.700975511
.703322929
.706813577
.695777807
4.693417615
.707673490
4.714226357
.728512351
4.714466667
.736866105
.727562578
8.730266064
.732590156
.708403531
.714984246
.696749035
.698501194
.722515984
.719313180
4.735465190
.704926713
4.717653548
.684840920
4.685587017
4.729735423
.700989408
.692814851
4.714939695
.700680442
