.043889392
.016946830
.021716591
.022085675
.022072259
.019967587
4.039806350
.022881469
4.040637074
.022777760
.024221264
.026832395
.020003254
4.031740974
4.041727374
12.068605992
4.045404561
.025638517
4.033437846
8.058543412
4.038554515
.024172846
.022093762
4.044498162
.022972681
.021328222
.018349220
4.041891543
4.038070971
4.040412739
.025283850
.024580391
.021760681
8.043749882
4.036491369
.023364849
4.026687404
.021779847
.024982975
.025697059
4.045153478
4.040862483
.029852887
.029387012
.019746523
.019940813
11.239922036
8.048625373
4.040825004
.037201234
4.046591573
4.048590290
.025881300
8.053858223
4.044300663
.020709076
.024797266
.027231256
.021936113
4.037778167
.024389977
4.043215386
4.040288670
4.040926549
4.044529078
4.042784627
8.061463942
4.044970309
.025289885
8.050510943
.032846236
.022305474
.023589591
8.061030881
4.042384126
4.040433960
4.041689066
4.041571894
.033206331
4.038839774
11.237446386
.034913006
.028914980
4.040019114
.023643946
11.234969876
.027928488
4.039424222
.024084858
.033914877
.021618011
4.038123744
.025561385
4.038841530
4.041348002
.025013891
4.043050692
8.054940706
.027108114
8.043752682
15.248776479
.027993602
8.053863477
4.037540341
.031489059
11.234486455
4.047835337
.026488789
8.057151926
.033402754
8.053155185
.025761043
4.045827949
4.043732903
4.038492223
.035154288
.036790973
11.236659737
.025123265
.019719884
4.042572073
4.045847735
4.042388304
4.035920300
.025217561
.027758637
.024662780
.020988183
15.255861200
.027138941
.034776903
.024166947
.023041049
4.032410482
4.038815564
4.038327451
4.042323513
4.035251335
.026866404
.024717814
.021004456
.020791418
.023010216
8.059163056
4.039985553
8.050855111
.027004385
4.039375179
8.061046056
.026682156
4.043773756
4.044502058
.026377661
.023842415
4.039392155
.035321837
4.041762241
4.055235525
4.036111565
.026925025
.043302643
4.042863264
.026064584
4.038099216
8.058265944
11.233850039
4.036622645
4.033485896
.023591791
4.037601280
.032847574
19.255502728
4.039243711
.035034975
15.262045853
4.038117659
.026411156
.023676379
.022974852
.029525923
.022700816
4.031708883
11.243900347
.028903968
4.037339946
.036588272
11.237449481
4.038711804
.026330120
.027265974
4.029761320
8.055581940
4.047782914
4.038726963
.044420333
.024615168
12.066175514
4.039182697
11.253923619
.030458097
.035485003
4.041983851
4.049588091
4.042019822
.035710613
4.036530335
.028293682
.023326784
4.035560156
.025059249
4.044489847
4.037626217
15.248591615
8.047634509
.023708334
4.035407179
4.040872651
4.038885540
.025543991
.024994965
15.254762985
4.037096938
.030920340
11.239727039
.027794849
8.052474848
.024261203
.037727641
24.201079398
4.042093972
.027600858
4.044969458
4.042956509
.027224289
.022252358
.020526828
.024726908
.020287044
8.047076092
8.051054583
.026584601
4.047442475
4.053965599
4.045245337
.028889620
8.060103147
4.040000415
15.254139369
4.034730569
4.038353408
.025477470
.024267974
4.048398154
.030643742
.039916589
.022455498
.023470546
4.039806724
4.041348711
.034154876
.027063585
11.243414152
11.234438421
4.045175030
4.045148541
.023082093
11.236656251
.028558475
4.031437740
.023612118
.019872758
.023091221
4.043239010
.025308096
.024093683
4.029867052
4.043727242
4.048332279
.028791591
.020127123
4.055438679
4.037422808
4.048425933
4.039985815
15.252102679
22.460779765
.024855548
4.036571875
11.251485065
4.039269247
.026986714
4.042342111
8.055083899
.024781921
4.047515445
.023143365
.025496689
4.040575371
4.046007481
.020763254
.021155488
11.242993988
4.035069926
.035162137
4.041640706
4.036433206
.029119087
.022653345
15.251622756
4.040425519
.025491109
.021809881
.024076499
.021330525
.025101374
.021546808
8.048430614
4.035718415
8.055387173
.029936348
.027499361
8.050992513
4.042513558
.024261991
.026297118
11.239192387
.024989337
4.040970279
4.041652630
4.041441094
4.036691069
.029959650
4.035344111
4.044674764
4.033315319
4.034727507
.026002305
4.039540773
4.042016509
.031052146
.023114544
.021235743
.028254216
24.200378663
8.046430177
4.042591644
.025704453
.022951810
.023272423
8.054454959
4.034798675
.025065935
.024904358
4.034285607
4.049799499
8.054744129
4.032648586
.024782613
12.056711986
4.041609436
8.044431430
.032247338
.027479273
4.038125952
8.045246059
15.258093059
.029383947
.024711211
.027555559
12.057053463
15.253323037
4.042445140
11.238949732
4.049932719
.030271514
8.051575810
11.237911881
.031297183
.028802070
4.033235183
.024217994
8.048932805
4.042296308
.029693321
11.257288558
.029108580
.024110175
.021993293
8.040771332
4.045847211
4.037932803
8.062198337
.026213018
.023073881
8.041733396
.030777270
8.061647274
.029465484
4.034421299
4.038297951
11.243049847
.028451002
4.033788956
.029074758
.022398809
.027602889
8.045777272
12.071030548
4.052263515
.024783451
.026493725
.022424281
.029681701
4.041507483
.022406739
4.046494799
.025157353
4.033145600
.035607496
.023792634
.022282475
.022998285
.021260050
.019606813
.024127289
.020258958
.021424587
.022487926
.022403929
.022234852
4.040428434
11.246523403
.026084015
4.042379786
.024271784
.045189969
4.037387283
4.038224298
11.244151881
.026358800
15.261099064
4.054087268
11.240211378
4.049730819
4.036048004
4.047753299
4.039047153
8.057873276
4.042293343
4.038048888
.026570813
.022647516
.022424898
11.230997452
.027780650
4.031491196
.032381800
.023095710
11.235797825
8.054131446
.029027111
4.046335089
11.249382748
4.042631038
4.052489732
.025470503
.027375947
4.033907121
.026271229
11.247965430
28.213355668
.027571365
4.040951241
4.042440412
.021746267
.019095050
4.030829724
8.054729563
4.039799040
8.050559307
.023933496
8.053178399
4.035935896
8.045318531
4.045882493
4.042712396
.029710300
4.033839947
.031203714
15.258059677
11.237799329
.029861705
4.050713400
.033590606
.031056674
4.041270568
.024201356
15.250504010
.024964256
8.055097631
