4.063220827
8.040659414
4.043421387
8.048392011
.021368551
.020116491
4.033759667
4.040214001
.020858147
4.042043328
.030826257
4.048660349
4.045201548
4.048946265
8.040720762
4.040297283
11.244395362
4.045974619
4.044829397
.022302802
.023970824
.018345749
.023013020
4.038873942
4.032167810
8.054921909
4.029015017
.025040818
4.046686195
4.032934582
.030816162
.022739023
.021109296
.020597289
.031327147
.022356033
11.243267064
4.038867461
.027748811
.026683839
4.032538259
.022671121
.034509115
.022773478
.023767864
.021156249
.018678387
.034533793
4.026595801
24.197752715
4.049718528
.028911398
11.231874345
.031577791
.022444249
.028144677
.017525370
.022133042
.020758070
.019385224
.022675213
4.039623209
.031371144
4.032634126
.022084367
4.038956907
4.034921767
11.238174657
.043688298
.020217533
.022613094
.018036891
.020036532
4.031416015
11.242644816
4.037426838
4.039212565
.028602479
15.244683521
4.039353359
15.253887694
4.032385020
.033310273
11.236203624
.023381956
.024747799
.022859036
4.029221241
.024808091
4.057076107
.023265872
.031506972
.016505408
4.041563457
.023493332
4.035642708
.024159628
.020466436
4.034775577
11.245981446
.024285664
4.036335558
.023851018
.027748959
4.025371658
.023123848
.020136246
4.033661189
15.257584241
11.229552609
4.041518609
.026851008
.022688071
.022173444
.020001141
.019430055
.021560441
4.042026072
4.037612800
11.235496160
.023365866
.021971318
.021888650
.023122398
11.247713245
.029948728
4.034185586
.022633727
.020481393
4.043550825
.024358945
4.043972151
.020102078
.020682329
.025167295
.020074703
11.241147989
.029356080
4.036296553
.026160085
4.028906649
.025515221
11.237987446
.029267313
.032953440
4.034282057
.020959931
8.051641855
.027072061
4.036439019
4.031922557
.024320559
4.040708022
.024635143
4.040813077
4.030238040
.024229504
4.039335169
.027233563
4.038905482
8.041677093
.029055489
4.044325476
.021607798
4.029431851
.028888206
.026771585
.019986470
4.035555810
.027000876
.019932304
.020619511
4.033971570
4.038199075
.021891968
.022662425
.022976591
.018336223
.045200629
.021346629
.023962583
.030033139
.023433621
4.029015989
.022988385
.022046390
4.035392211
.024868842
4.038044032
4.029815776
.021349853
.025288092
4.024822446
4.034334926
4.041316115
.023251015
4.041544615
4.032780725
.025220634
.027607335
11.239008511
.021830352
.031479534
.020600497
4.039887772
4.043501882
.030425460
4.032665378
.023969670
4.031548089
.026780453
.022006109
11.231305906
.020731803
.020536346
.020374973
.023905994
15.252266466
4.039297093
.020164266
4.040103838
4.037209187
4.037207771
.025538445
.031241039
.026870313
.024132453
.020320348
4.041204254
.024644362
.031410791
4.037339600
.022883223
.026303742
.023108263
.017671591
.018885958
4.057098957
4.033159480
.023489690
.021912202
.034203564
.021431873
.023779479
.019561804
4.040992751
.036496377
4.027936115
8.049270581
.023766909
4.042376584
.026001293
.023381581
4.037970759
.024359801
.021986120
.017976131
.017617093
.018319210
4.035277325
.021783810
.020546490
.019888164
.017955520
.023818082
4.039288672
15.243880212
4.041691101
11.232946669
.031390263
.022159995
15.250771107
11.249616588
4.030739388
.028238356
4.032946345
24.199544248
4.035674047
4.040816357
4.041703763
4.043871552
.025969314
.020966264
4.038988649
.020357533
.020149869
4.042413350
4.030323744
.017234299
4.030598571
.023378466
4.036966949
4.043173472
4.035399197
.022052319
.031325857
.021090666
11.234537459
.022727351
.017674255
.025337483
.027051709
4.035121297
4.040906218
.024794448
4.031464973
.024152915
4.037174735
4.038645186
4.034464875
.021675750
4.039752433
4.034081173
.027855415
4.030734398
4.042221569
.022088710
.022312165
24.198929639
4.041466753
.024438565
4.046223988
.022605245
4.042303010
4.038297320
4.036587188
4.046409523
.025067845
4.032089513
.022730300
4.030161755
.027960216
4.039681060
.022394055
24.194099862
4.042424869
4.041913713
.020476342
4.036576873
.022286739
.023397759
4.029573793
24.199356506
4.040341440
4.042157532
4.039816534
.024609340
.021345275
11.234200574
4.036145851
4.040187390
.022680337
.018500380
11.236191438
.032243165
11.230850804
.024000535
11.234201605
.022732809
.023041969
.022107113
.020119860
.034187545
4.040820948
.023787164
.028700110
4.037056021
4.040594550
4.032612819
.023715553
4.033441158
4.041724685
.028098146
11.240356640
4.036584601
8.042733864
4.043505673
4.034391379
11.244360548
4.040994488
.025539862
.022731303
.020807389
4.035622245
.021553705
.027684438
4.035827587
4.043125378
.026873165
.021493832
.023961691
.023378413
4.038928894
4.041310088
11.247579215
.034409625
.023085150
4.025795872
.030967959
.024047709
.022526121
4.034021423
.028958882
.023758425
.018800961
15.244789875
4.041773649
.021634581
.021494168
4.027004399
.027659806
.020869184
.019149436
.019293224
.019712589
.023998606
4.036784062
.029407346
.027804027
4.042357254
.025846663
.022810534
.022703412
.033050769
4.033324720
.025616503
.032352537
4.037279039
4.045789778
4.037730071
.026114365
.019649449
.043154807
4.038749546
4.041888421
.020709822
.023715408
4.038131189
.020502287
8.044021572
4.037518289
.026202676
.031742819
.035029089
.028254422
.025612753
4.032313313
.023087847
.017873496
4.043535609
4.033230134
11.237778504
11.230938772
.026239947
.023728141
.022932830
.021315624
4.036717650
.024495912
8.038622338
.022398594
.022458967
4.031834242
.024124797
.020814248
.030680249
.023121142
.034900165
4.042796349
.023259425
4.036448862
.022581572
4.043105663
.022358538
4.032990526
4.042396368
4.037779755
4.041258451
.027546267
4.033878326
.021600142
.016370164
4.040140192
15.251749186
4.037364700
.025079921
.022699826
8.046240362
.029715670
.024585543
.022506985
.023777486
.021231609
.023388790
.019948622
4.037364101
.022862146
.032689123
8.035644178
.023534167
