.043650772
4.046568716
.027128359
4.062197315
.024208464
.025098834
.050999581
.029264897
.025667831
.023276677
4.045535642
.032861879
.030798014
.023464884
.022825429
4.042672527
4.048047290
4.046258548
.028424110
.024776169
4.050592777
.023550509
.026999324
.018194452
4.048637745
4.056556039
4.046128174
4.031310825
.029116693
4.052820450
.030629861
.021707818
.018897288
.022092816
.023154019
4.045197035
.025838505
4.046140027
.033217845
.023187934
.021151693
.023696806
4.047905593
.033627302
4.047115458
.029763528
.028226535
4.050936729
.035637709
.023853430
.030514941
.021042818
4.062383675
.040806726
.030047526
.024232803
.024419844
.023216600
.020907736
.021276526
.020853278
.025644589
.025869254
.019486951
.021844023
.017836875
.024432511
11.250138768
.029945902
.027344414
.021868106
.022424562
.021610649
.019918115
15.275939471
.046306216
.029371206
11.253617461
.027136257
.020508244
4.041088376
8.069230054
4.048019176
.024449560
.026447510
.024163728
4.053884485
4.069232251
.028518125
.024753142
8.072479598
.030146873
8.063241840
4.052182471
.031534183
.023690637
.020692818
.024084551
.023435262
.024825298
.024177593
24.205686886
4.055893585
4.059923565
.031119728
4.040964239
.030823687
4.041108821
.026602832
.021281690
.028366199
.023816345
.024644341
.016458089
.021133817
.023472014
.018542496
.018842702
.025454462
.021790688
.018428871
.020966984
.055471964
.018136489
4.054722530
.029801637
.025968366
.020803851
.027526650
.016748872
.023235089
.021525305
.022110594
4.047079333
.024331364
4.047200249
.033022440
.029335628
.019202726
4.042801981
.025804439
.023100787
.018549479
4.054115663
4.049093340
11.246947791
4.060791338
.030225484
4.046886859
.030066694
.024659684
.020996665
.024668810
.022871154
.024293020
.018089849
.019377175
.027800624
.022846279
.019285134
.017476479
.022235074
.020736167
4.045716802
.029636821
4.041190541
4.043190364
.028943909
.022763321
4.034472166
.029928028
.022885237
.027112587
4.034591415
.030263360
4.040116215
.025993343
.021908827
11.249298281
.030279105
.022199833
.021651337
.020355680
8.067594759
.035709975
8.059647938
.022804894
.022944769
.031122090
.022455314
.024621757
4.061547487
.025286629
.026036499
4.041100549
.033147620
.022696479
.018019134
4.056941615
.029154103
.029645642
.021935984
.024272718
4.045523771
.027204824
.023177768
.020111829
.019005711
.018883295
.017917801
.020302119
.021040406
4.056448868
.030162805
4.063892861
.027030075
.026144415
.033374687
.034600803
.023612963
4.038695533
.027991057
.022185597
.019910696
.021361728
.025843114
.019398242
.022397804
.020152361
4.042525007
.028921301
.022913009
.020275944
4.048206129
4.042326698
.029131569
.020654383
4.048215240
4.050026398
.044590607
.024437159
.028607414
.027973095
.019336084
.016424734
.019997371
4.039286779
.031233417
.023977934
.019399221
4.038800062
.029383229
.023416567
4.045177543
.030923343
.021336751
.026398087
.026517712
.024413644
.023030238
4.038061104
.028361988
.039599235
.037561543
.017837320
.024236021
.019659764
.036368427
.024239104
.021341377
4.047114085
.038201163
.026428671
.024426477
4.044726854
.030335849
.028298573
.023587443
.024189188
.021098837
.021717499
.024373270
.022577992
.022120079
.028078949
4.052290837
.027551120
.025553177
.026664376
.019253351
4.044761770
4.041041088
.026999646
.023767850
4.029742010
.031705340
.029291154
.022828337
.020811480
.025447646
4.053070520
.025836824
.025144373
.020938158
.022145148
.022001524
.020618869
4.051174606
.030007878
.025167501
.021909362
.023319058
.020130626
.019478423
4.064660034
.030980455
.022667773
.023451642
.024855047
.036595632
.023929661
.023008920
.020381193
.018346419
4.049532160
.037669339
4.056333143
.027914094
.022018654
.020813671
.018438778
.020251468
4.054111206
.027497912
.023765363
4.038377758
.021745927
4.056175558
.025213398
.025181106
.018243585
.024225656
4.069360014
.027519586
4.051065749
.034642480
.024064033
.021850803
.021227434
.024799318
4.045526516
.033043869
.023685245
.019034953
.021062144
.023265916
.018744456
4.043873825
.029262403
.019856696
4.034429076
.040455594
.037426163
.025096232
11.262103891
.029217362
4.048077714
.042223827
4.053143607
.031592488
4.056835503
.028649645
.030856541
8.074977729
4.049812671
.032464319
.031842450
4.064406210
.034268302
.028302692
.028195443
4.050302677
.040560035
.025877131
.022530788
.024835349
.023692902
.022308540
.022136791
.016845174
.020015353
.021873502
4.058084855
.032869190
.026139129
.019670356
4.041294179
4.052766363
.031596285
.019256569
.021442840
.021425798
.020772346
4.038761464
4.054451528
.030105445
4.027726380
.026996599
.024056541
.024774918
.023465559
.022444031
.020340810
.018859372
4.044595777
4.055683893
11.247767145
.023646800
4.058287675
.027611926
4.043230013
.025068619
.022295356
.023789923
.022533478
.020310959
.023606217
.019277053
.021149117
.026387147
.017843651
.020969619
.019974254
4.040485129
.026608478
.021359240
.027806132
.022586269
4.045285248
.035034142
.029053286
.025020286
4.043222852
.029034328
.019336052
.022663351
4.039681513
.026694602
.024546041
.017193825
.021573904
4.055315771
.047035584
.027005213
.014119308
.021050526
.018976048
.020615239
4.060816283
.033103107
.029880515
.019835123
.016270744
.020616615
.025565395
.025172566
.017938393
4.060178790
.028874401
.025197524
4.066781678
.024583489
.024346367
4.044470442
.031974633
4.044988479
.031666746
4.053991646
.023933606
.026184372
.019927734
.021355427
.021023472
4.046219785
.027077201
.023974402
.020789145
.024321481
.021461346
.020293443
.022120422
.020063112
.019325036
.019743490
.018583670
.025180305
4.045100628
.031451612
.023422659
.021976925
