.039059467
.015114215
.017145435
.018926960
.019218366
.019780928
.018574339
.022844800
.021731887
4.039146034
.022989773
.019877187
.017245820
.018827824
.022307034
4.045546267
.022601691
.017613610
.018224843
.017506598
.023324685
.020703985
.018286766
.026011434
.021605208
4.037644955
.024813304
.021768642
.019771843
.018850077
.018443991
.022560228
.020000410
4.042737123
.025386743
.020194483
.017748118
.020660737
.022601261
.016942914
4.021049042
.030564529
.022531315
.017971297
.020796050
.022404343
4.043293283
.025251013
.020473213
.021476987
.021105114
.020008248
.021201499
.022632568
.021551747
.017544905
.019738055
.022049801
.021767729
.020438462
.020272278
.025938716
.015260330
.014895834
.014407573
.016422495
.019335972
4.021328540
.022320669
.028269928
.021368193
.021861619
.019818319
.017465527
.023869293
.021292643
.018929975
.023123129
.020843720
.018567103
.021579924
.022150859
.019160624
.020353835
.020304580
.021009030
.024224664
.025460754
.022702210
.020116184
.019075699
.021483747
.022458393
.022070018
.019671430
.021767444
.022745007
.021066453
.017428065
.019369022
.019556167
.023414953
4.035111333
.024853065
.020752920
.020387922
.023922633
.021198884
.020045678
.020805008
.039829367
.024453011
.020760680
.023771142
.020183050
.018873285
.022077317
.021030296
.021234694
.020802825
.017169173
.019643319
.021343640
.023856474
.020394445
.021836853
.023677897
.017140105
.022387329
.017274621
.018248220
.021576191
.024582654
.021257974
.019955372
.016352538
.022140827
.021261806
.021369336
4.034308698
4.031205698
4.035656527
4.027757413
.019317563
.016167796
4.036448051
.024700304
.022054787
.022212291
.023803376
.020452124
.020385200
.020324980
.018302610
.020724406
.018983188
.018111372
.019508802
.016340044
.021732572
.013160457
.014848452
.015043272
.014347202
.016950366
.016799773
.016547732
.019197457
.019357169
.016514498
.018101044
.021364921
.015335127
.017989099
.018727899
.022107635
.017351166
.025932317
.017875322
.017596003
.019808070
.019530083
.017187290
.019187295
.019831808
.022313741
.022956588
.014037231
.015652844
4.047898234
.024132295
.018876741
.017019914
.021014637
.021939136
.019694960
.023356848
.019511759
.016834632
.022901782
.022973538
.022593977
.022012599
.019184214
.016394601
.022070279
.019899150
.023939350
.021336685
.021862215
.019619580
.022859511
4.036599684
.024121584
4.021711186
.012250212
.015651002
.017060933
.338970884
4.040891577
.025667862
.021655902
.023069624
.017308509
.023443509
.020389902
.020989409
.022286029
.022295693
.020323832
.022707446
.022683242
.017647692
.022703446
.022162553
.019229922
.022610590
.021930099
.020801071
.020939377
4.038535582
.023693002
4.036974722
.024330377
.021846116
.019425342
.021871069
.020490424
.018870827
.024332793
.020464137
.019021463
.022873496
.021272228
.018324350
.018425456
.020936461
.018288983
.017534089
4.029000001
.015034665
.020534915
.026330941
.022236455
.019980400
.020741124
.018819003
.021028943
.022860124
.024037183
.019061081
.017867607
.019181057
.018436245
.018476445
.019256167
.020485341
.023778568
.018952977
.020085921
.024513674
.018280609
.019299909
.018577300
.021602330
.017736050
.023273334
.018236326
.020074464
.021720057
4.042077301
.022849334
.021104636
4.030949159
.023990527
.021022277
.022644000
.022871663
4.038216228
.015349436
.018809589
.022932110
.021500642
.019454919
.021746802
.020434352
.018468572
.020319041
.025752680
.019078327
.022077694
.025267233
.023142777
4.042360662
.023203015
.023112283
.020438475
.024596323
.020530249
.018837999
.021469439
4.034351364
.027319080
.020827607
4.031938547
.024158244
.021995128
.021858738
.021884483
.018746809
.020533498
.018957726
.018131138
.022595009
.018485152
.025045985
4.047523895
.024838068
.019557066
.019387266
.018371341
.016366152
.023958866
.023805563
.020779909
.020151990
.023556404
.022385509
.019514700
.020758912
.019248168
.021931099
.024574161
.023146985
.021893647
.018833667
.023802188
.023431845
.020272467
.021930890
.019185139
.020433227
.024348372
.021224404
.017695683
.023824725
.019703329
.021949303
.020295837
.017031105
.021494185
.027575112
.025147632
.020919881
.018392753
.021390455
.019574354
.021830702
.019225673
.020244931
.021909561
.021848156
.018139803
.019607098
.020637228
.019974234
.023042005
.017924595
.023155816
.021280644
.020959290
.020401150
.018644745
.020199439
.018228119
.013811655
.012479709
.012873091
4.034686798
.027017930
.021511389
.023113324
.023321158
.016358988
.017574748
.021131506
.021607537
.019036252
.022534771
.021963384
4.036445493
4.035601618
.023138194
.026180471
.021352712
.020824233
.019941573
.020515711
.017239605
.017697682
.017815950
.024634108
.022560058
4.039320386
.023241841
.016809523
.015514321
.018946894
.019179141
.021890565
.019645257
.024536919
.021851156
.016817605
.021366918
.024218773
.017288055
.020623814
4.029641166
.026837507
.019104446
.021873068
.020779825
.019000009
.017259935
.018633873
.020463721
.017419570
.019985023
.021881358
.023915375
.021852322
.019000384
.020755788
.023109241
.023371648
.017219360
.021892023
.021723764
.017271058
.017715470
.019429216
.018230618
.022860665
.019987856
.023781900
.022442706
.019592892
.022895242
.023049754
.020783700
.018514563
.024498593
.022643042
.022217126
.021593207
.018850580
.019651423
.021728888
4.042225730
.023557820
.018507147
.021746843
.024039725
.021939597
.019957320
.024982498
.021967716
.021153710
.022061448
.031498099
.018159682
.020205272
.017304180
4.020344014
.025290829
.022290695
.018199599
.022314528
.018068932
