.033704082
.012965711
.015009850
.020305336
.018881760
.016612040
.021622936
.018508863
.016916716
.019272116
.016965473
.018114044
.017456223
.019153638
.017795156
.022346140
.018630549
.014976841
.020844091
.021137724
.017751731
.018938933
.017495104
.017960100
.021523914
.021383307
.015710841
.021259077
.022061755
.015601031
.019857505
.017451969
.016308109
.022012371
4.037193460
.023427318
.016769811
.020600504
.018424092
.014972964
.018513691
.019347041
.020722899
.019440349
.016842156
.021352339
.021966195
.017962513
.018905007
.016721178
.017269854
.022097341
.019402217
.016799399
.020321831
.018764358
.017036689
.020421432
.018167923
.016812442
.020314871
.018876710
.017708679
.018777819
.013149694
.017013977
.018607290
.018785653
.015259720
.017602285
.017780066
.017998853
.018473725
.019961187
.018168090
.021004114
.020008903
.018494062
.013000294
.018349037
.019734064
.018896838
.020089458
.015875950
.019575662
.019576621
.012563345
.020433767
.019176428
.021016491
.019383130
.020541618
.018367207
.018638045
.017816030
.019683639
.020800787
.016314524
.019256400
.017342115
.019846208
.021141012
4.028146840
.022052542
.014789682
.020713397
.020525157
.017713596
.018577993
.018856081
.018316698
.018299903
.016604324
.016865326
.019275195
.019560243
.017403376
.018019022
.021428352
.018530484
.017183464
.021512283
.017562487
.017967723
.019283071
.016435545
.025280299
.018991480
.019109416
.020894720
.022183355
.016578445
.020499320
.022236948
.017093698
.015263345
.020693644
.017618872
.018100203
.021162349
.019086537
.014153323
.019361626
.015763305
.019203015
.021111548
.018956640
.019248023
.019359417
.017848410
.018229683
.020641677
.020948520
.018300445
.022269912
.013085725
.014988883
.018716849
.015649911
.017710761
.020544952
.019071201
.017515562
.022129263
.014249381
.017742309
4.043846546
.022161602
.016662667
.015468755
.024774838
.021575085
.015903538
.022138681
.020572040
.017969848
.020439851
.014380945
.022694984
.023367015
.018152087
.016213174
.023105971
.021335920
.020164845
.016108198
.018074323
.018456222
.019918846
.019414385
.019674846
.020639385
.018004478
.018492895
.017204092
.017320320
.018450930
.018540278
.019590999
.016575944
.015461296
.017264395
.021849840
.023974077
.017557111
.016673543
.018423842
.018024106
.017809195
.021933021
.018640337
.018249770
.019211767
.018904631
4.030174680
.022089631
.022161019
.019243605
.017409002
.019191305
.019507901
.018204470
.020438434
.017586783
.016796939
.023315173
.013537885
.020139633
.020310871
.018085326
.019856669
.019525779
.016273976
.015475340
.019371627
.018043194
.021077668
.021022200
.017479222
.020122756
.019981232
.018804073
.019187597
.019369304
.015194800
.019361510
.023244131
.016565976
.019938273
.020651189
.015146187
.014422935
.016467126
.017293062
.018315240
.023297877
.016697607
.022427310
.019955131
.016314499
.022302622
.020352033
.015826360
.020799720
.020812264
.028598106
.018741460
.015859258
.019307099
.018716703
.019882277
.019860224
.019034749
.017304246
.018690066
.021630027
.021289051
.014021685
.020779088
.018675187
.019227616
.020531172
.016670679
.015613664
.022096729
.018967737
.021429490
.017754363
.017319164
.020104556
.020754333
.019767748
.016786156
.020898941
.014790732
.019999746
.023232547
.016980397
.015937928
.022165323
.018570501
.015614414
.016630337
.018314708
.020711951
.024082066
.019216070
.017688435
.020116848
.014668628
.016418717
.020398771
.016484479
.017221021
.020286044
.015888960
.015797279
.020682820
.020417900
.025687507
.023349274
.021819555
.015770232
.015753687
.023463210
.015706262
.017806037
.021556594
.020278292
.018035409
.019515912
.016246313
.019964613
.020317674
.017582790
.019628557
.016851707
.017089540
.023552893
.022434326
.018536244
.017646343
.021696201
.019221945
.018429936
.016096703
.016341996
.019672564
.024194544
4.034062932
.022022798
.017910388
.019667771
.016535862
.016551490
.020100970
.016673760
.019383723
.020788212
.016003438
.019953028
.018874553
.019007075
.020268249
.023173702
.016985313
.017464604
.020265456
.015974308
.020610807
.016423759
.018421934
.018080834
.019357135
.015807237
.017777783
.021086971
.016135044
.015632958
.023179954
.019599051
.017023487
.021427946
.014678254
.021228538
.022294095
4.032443651
.020316299
.026856247
.020117848
.016629669
.017605711
.017226271
.019241281
.020200820
.021720747
.013688293
.023606943
.020484536
.017100375
.017931809
.020530543
.031971270
.021412391
.015891536
.014904743
.021442896
.015824983
.017359660
.021287370
.020053201
.016443838
.020009445
.021182144
.017753728
.018135709
.018097452
.017033855
.019464810
.018780777
.017080863
.019496565
.018576117
.019672845
.021315125
.021229026
.016435170
.019625879
.018524733
.019279945
.012313177
.019918887
.022203609
.021426935
.020506404
.018004395
4.030797457
.025217204
.016353198
.018167006
.020034240
.018893546
.019217267
.022021869
.019027277
.020604504
.022288624
.021154723
.013079933
.018396211
.017176337
.019309159
.018348161
.018611206
.019436222
.018647921
.017442341
.018275858
.019955185
.018992563
.018323324
.019420760
.016722594
.019230312
.019662552
.015383116
.016998266
.017266520
.017124746
4.042023117
.020279115
.018998523
.018934845
.020697061
.018906049
.018061321
.018405880
.021455732
4.036902746
.020695436
.014551141
.020550453
.018005479
.020346001
.019738898
.016397080
.020266280
.019344873
.016054647
.021153389
.019576579
4.045441615
.020512071
.017841659
.013592103
.017026645
.017321404
4.037450044
.014538362
.019489082
