4.736697212
.698888861
.710289012
.730416840
4.727122938
.707785662
.714079941
4.704022094
.708976166
4.703027819
4.726170264
.696086080
.696318033
.704478565
.679084485
.692814694
.711893788
.703553750
.691874007
.693370915
4.721267017
.704564006
4.704796113
.705135451
.680929959
.696326258
.699881386
.697375168
4.724045593
.693014023
.719916970
4.713500086
4.725566366
11.891906000
.710329298
.721380844
4.698402618
.703477069
4.708184274
.707063812
.714264753
.695103652
4.711469574
.717802131
.717998509
.710348503
.694390746
.714223461
4.714007290
4.691595924
.697890798
4.694194247
4.702420430
.704685342
.708638073
4.722401315
.709470240
.731807208
.725303877
.706524020
.718219913
.698123701
4.722172872
.689238279
.697043085
8.725439332
.708842801
4.695712992
4.713548947
.704898066
.726584546
4.701228037
.700750647
4.708659911
.722914175
.699673955
.711233080
8.735138798
.691187392
.735210415
.722521511
.720773751
.693868620
.714501827
.713781671
.712323149
.699909313
.719949084
.707014905
.708356582
4.687071442
.695883157
.721814230
.687939064
.725802467
4.703784420
.697448119
.704445875
.705919168
4.703331797
.687326895
.661134099
4.676724797
.650095788
.653651104
4.640369908
4.655377981
.688086779
.673129056
4.705980806
.701506409
.684371586
.685665325
5.267961196
.708912851
.674834136
.705219032
.689134131
4.703357193
.712142396
.702398904
.694936455
4.687307399
.701886179
1.189014603
4.706479899
.679221018
11.888457217
.684963177
.675604910
.693898212
4.682267926
.694288552
.711152467
.688920215
.703335603
4.693511086
.687396746
.686571170
.685186246
4.681975029
4.688839106
5.204076734
.691005819
.694374364
.714109987
.696651595
.696824081
.679909460
.709135009
.698420921
.717451027
4.694296862
.686555224
.722687643
.691472201
.678445713
.692399187
8.694008385
4.696134657
.714458094
.693866745
.702974195
.680354348
.676646776
4.677368722
.693240370
.686147119
.696773659
.695681098
.690907718
.687501800
.717805220
.704535156
.694063314
.695900405
.683316202
12.681840648
4.664393961
.689145600
.694240710
4.700145022
4.685920111
4.716814179
.684333084
.690193552
.686686546
.687066901
.690712553
.668764970
.684654787
4.703477834
.678050108
.681757942
5.445604506
.674206051
.699575759
.677754140
.699147629
4.692518305
