.074326551
12.142452126
.058963101
.049055384
4.069367124
15.331380287
.057119862
4.095939739
.061977825
.042080686
.043193724
.041351522
8.105247566
.054072186
.041810854
4.068438814
.058324255
.044310137
4.069100146
.055416723
4.076296995
4.093153062
4.071694554
.054858642
8.102392164
.060429493
.043522839
.042275511
15.297409377
.058138610
.053998334
4.095658258
.053590211
4.086527309
4.095643986
4.084951945
4.081395876
.058847816
.052235883
.046716446
4.063921693
.059871437
8.106542259
4.089582012
11.288196236
15.336475565
.066055393
.045499561
11.289511053
4.091495130
15.293819023
4.095036874
4.081557577
.060896260
.049775770
4.071866632
4.094206190
.072271703
8.099845785
.054036826
.042029174
.076742553
8.109376645
.062112665
4.089835423
.045519827
.046446989
.041490929
.042195509
8.105794408
.058176308
.044947288
.044874788
.041812469
.046046032
8.116484275
.055876194
4.072559132
4.086691607
.060884629
4.079089601
.057128730
8.091243164
.063865382
4.093425882
8.106037197
4.099737993
12.124552872
4.093095076
4.081597842
4.090011341
4.085201532
.055031308
4.089334430
4.066317475
.063195806
51.575957024
.058379819
.048060623
4.087030291
.046564349
4.090738592
4.086581992
.059617793
.046205868
.041871476
.039233574
4.072219422
.065933304
8.129364814
.055174698
.041435274
.040877568
.043470804
.043271013
8.117682416
.059153760
4.081595399
4.076153637
8.111846996
.050359516
.051224761
.045352377
4.076614510
4.076998008
.057879267
.045953624
.046841453
4.093301636
.052190196
.049184520
.043224765
4.082289995
4.096993872
4.086711416
8.126472134
4.089760502
.055207218
.042429876
4.089311663
4.096719087
.053613769
.050709869
4.072707065
.055293050
.046470394
4.077789202
4.078929863
11.299448211
.055090260
4.089923381
4.070446902
4.076028526
.064158483
.083598621
8.118486712
11.272838537
.055689780
4.074499802
4.094545899
.048746782
.049094238
.045208220
15.295103281
.062852194
.047616414
.042454779
4.069738892
.051059142
8.125692911
8.128630395
.057802418
.045914203
4.101393401
11.279151742
.055667523
.045808002
4.072074838
8.119139464
4.091332803
4.095999066
4.076814690
.057448339
.041084694
4.095719569
4.077350729
.056022889
.040664655
.046739824
.046042079
.049037060
4.089767190
4.075239909
4.093985163
.048174232
.042970348
4.087182279
.043863700
.048531336
.074727096
.046868403
.045022664
4.089549611
4.092655574
11.282642207
.061233303
8.112092805
8.108328646
.064712739
4.090579398
4.074349297
.062604420
.049263925
4.079503014
4.081381877
.055286802
8.126070244
4.092950758
.050360001
4.073574472
.057464647
8.098821175
4.096903479
.055330216
.042682883
.049987084
.047177520
.046322900
4.091213179
.055677213
.049624253
.058255363
4.080143264
8.109103118
11.301283075
.053634352
.048383470
.044382664
.041756056
.048285929
.045699779
.043521378
.043631710
.045015743
8.102231331
4.090519056
.050834571
4.065363767
.047062850
4.066615272
4.081013863
4.093957962
4.099995511
15.303232037
.055993918
4.089110627
11.277209156
.062721498
.043374752
4.093047392
.054437678
.045203865
.048874674
4.095300206
4.096127577
.049621210
4.078840813
.062385041
.049390295
4.093683850
.055082007
8.111270800
4.076148222
.075464371
.059227855
.053058854
.049496503
.046616439
4.087565615
4.087667071
.049149381
.050248581
4.081560695
24.256981552
.049424295
.047671807
.050276498
4.062456503
.064651463
.046189664
4.074285804
4.095044125
.083901569
.042796800
.048784134
.047908724
4.077357247
4.095059017
4.091480879
.051258289
.049396426
11.273288173
.065701693
.055238011
.048068476
.049483258
.045723782
.043716170
4.084580158
4.074058475
.061107140
.041073687
8.125260393
.056608252
11.286896332
.063141626
4.102885910
.050307502
4.086243153
.068867384
11.269855085
.056239427
.044466420
.047756857
4.073098667
8.126777547
15.302086793
4.101059227
4.087010194
.058227496
11.290369346
.053585238
4.080076207
.059279176
.047217334
4.071057452
4.098958367
.055337729
4.098364220
4.087610507
4.095647989
.050349594
4.075994779
.060916567
.048239524
12.122625132
.073829610
.046515119
.047331363
.044469715
.049279434
.049332142
8.078011987
.057020259
.046019079
4.079824378
8.095576796
4.079222645
.067880828
.050834475
.047570412
.043316980
15.315827368
8.103163759
.060321286
.044665510
.049362897
.045396547
.044065515
15.323062202
.051477051
.045751503
4.088478375
4.096827240
.055898606
4.079844270
4.089717013
12.138915526
.065222390
.047887205
.043009735
4.088462519
.048611367
.042996235
.046039216
.046530422
.045149430
.040985040
4.065886027
.038181473
.044762432
.048483534
.043439108
.042909861
.042690987
.041434619
.042884361
.047390333
4.090640330
.050430647
8.126239166
.061362330
.051297559
.047986413
.044088395
.045000889
4.065744025
.060215004
.048495159
4.075987171
4.084776908
4.089845739
.052117360
.046884262
.045356853
.050120275
.044558429
.043442520
4.085042668
4.096130802
.061619841
12.137534766
.062346792
4.080933858
4.096475762
.071828582
.047798347
4.073732577
4.083477761
4.080894399
4.095312481
4.069290674
4.106516832
8.132242592
.055721675
4.080889106
11.286563702
.059737004
.045341124
.045228958
.042794097
.044344797
4.115503700
.048428952
.049651530
.044863704
.046538155
4.068014848
.052666924
.052383550
11.278445308
4.102315578
.054726979
4.093321737
.048777389
4.091628158
.050992001
4.079734766
4.081757046
.056321845
11.291684995
.055815431
4.076721075
.059364245
.047827852
.044257122
11.288984328
4.076831415
.072769732
.044709924
4.092447423
.058185849
4.065641003
.059876340
8.108584270
.059836839
8.112916481
4.078189850
.059714132
.045763000
.043954843
.056322275
.044471715
8.109169667
.061360415
.055402822
4.076905066
.061729954
4.086923326
.058568103
.055546655
.047565514
.043400028
.041426242
.046571975
4.073396618
.053094331
4.064792771
4.098978042
.051412193
