.037493949
.019114117
.019280991
.020189316
.016945220
.020028026
4.038009833
.031136762
4.042025030
.039382320
.020965296
.023023113
.022318952
.021451500
.018548690
.023039071
.016629454
.020336050
.018601606
.020796672
.017682696
.022255577
.018568731
.024061771
4.050010881
.031872544
.021750706
.024290061
.020737131
4.050295724
.031530527
.025178387
.020477939
.021034055
.024202705
.029576384
.022124716
4.051564940
.022706569
4.039411834
4.040045312
.031957879
.024340095
.018459674
.026870371
4.041173010
.034262170
.022548726
.019723405
.026309831
.026679163
.022498059
.023054847
.021151981
.021399563
.017081500
.018330161
.021882393
.019335489
4.042903877
.027660654
.035113741
.024735626
.018776031
.020871604
4.036685553
.026753658
.020823813
.025007041
.020280607
.023485132
4.045681863
.026542534
.023970922
.018637031
4.042033669
.026470117
4.052181283
.022105014
4.049361547
.032561087
.021599308
11.244823341
4.053353224
.024961315
.024065646
.019021229
11.242887732
.031454434
4.038707779
.029243853
.023463791
.022788460
.023606457
.019420264
.018666850
.021573964
.019627804
.023220583
.020933758
.017452396
4.041838363
.035178748
.025840281
4.048426942
.036284369
.020767008
.020068552
4.050330625
.023834580
.020126468
.023954330
.020696424
.026807944
.032123216
.022765792
.020527759
.024040663
.021238048
.022090253
.018863390
4.045526929
.025619615
.022255960
.018972598
4.043304228
4.042059941
.015192362
.018861473
.017068438
.016702772
.021794213
.029114561
.023599289
.018805056
.022438086
.018491933
.016892646
.018332059
.017506270
.043538320
.024321154
.024714069
.021146828
4.053038465
.024470445
.018906125
.028697602
.019430706
4.050290847
.031248596
.021116536
.019482484
.017635985
.018953526
.019324192
.020944217
.020110791
.024154708
.022974029
.022335855
.020082750
.018818528
.020363278
.021558371
.017867510
.018472473
.020316236
.035512814
.025539297
.040530242
.022840412
.023181911
.020908746
.023956453
.019497287
.018399330
.021084034
4.060533271
4.048755209
.026599438
.028085020
4.038350616
.027025936
.019822317
.017799235
.021110983
.017671652
.021047191
.022164398
.019746775
.018080985
.020891733
.019600151
.021178733
.022524731
.022328565
.020972608
.022894940
.023172814
.019037776
.020086358
.021331733
.023486689
.020432983
.018564776
.019137568
.024358771
.022043773
.022443773
.020583316
.020141275
.025494643
4.039794706
.031131477
.022372304
.022963222
.021732680
.020233429
.022275930
.017942428
.018228386
4.039955567
.035225103
4.047920061
.028781475
.025758890
.020846053
.020365845
.018669677
.015160634
.020243469
11.239033917
4.042312038
.029445975
.022213721
.028188099
4.043155413
.032109892
.023439763
4.043337538
.025395139
.023551472
.019649553
.019580053
.024834056
.018043052
.020308636
.021950762
.018372718
.023439846
8.059996815
.032149510
.021877601
.018574085
.021416515
.019593674
.023840485
.019187130
.041572039
15.268192140
.030286176
.027594907
.021578840
.020808253
.020281668
.017557157
.018969621
.014047101
.021208751
.018500407
.019760078
.018589616
.024244388
.020403331
.020781791
4.043217861
.033087028
.024895916
.021994199
.027415675
.019355107
4.040137228
.037101166
.024935917
.020408319
.020757403
.020188068
.020252734
.020040442
.019668774
.017479267
4.035654287
.026330505
.022387700
.020491777
.020627069
.020445943
.018314520
.019788524
4.043494852
.026671172
.022461700
.031056729
.020770903
4.040242466
.031181896
.019671149
.018775813
.019101564
.018249894
.020459444
.019368648
.019095897
.025721877
.017910435
.021105528
.020074609
.022732367
.018961938
4.044412855
.026889674
.024383290
.024972042
.018936105
.023722412
.017494933
.019927484
.021058779
.020907195
.020327735
.018765438
.019021439
.021970324
4.045248627
.029669825
.023098170
.021893080
11.240235361
.032217617
.021915317
.026454464
.018017088
.015983786
.017727837
.018088046
.022418401
.019611471
.018521049
.021083436
.019412260
.018989009
.036257556
11.247600291
.030934402
.020957922
.038605716
.024192084
.027276371
4.044531396
4.044571758
.033691805
.027802509
4.056939255
.025165857
.025068481
.041106378
.021043757
.020233373
.020778087
.017203794
.022737883
.018985633
.021183241
.026516344
.018407793
.020886904
.021884207
.021611286
.018663450
.018902078
.020727597
.020870932
.050694156
.029481843
.026138147
.020393096
.021031227
.021481897
.019010585
.047117103
.024321622
.023508447
4.044895664
.027622947
4.054062174
.030046096
.025769928
.019230779
.021113048
.025285048
.020051995
.020115288
.024726876
.023094151
.013944100
.018288602
.019244529
.020318373
.020633542
.022583438
.020282665
.022560979
.019477447
.019139777
.023605614
.020409207
.018348311
.017687847
8.077354900
.031219954
.027734691
.022487441
.027150848
.022036725
.020985959
.026231333
.019881252
.020766515
.019824834
.020933476
.021194022
.021693071
.023959187
.021838221
11.253695374
4.050525823
.028087781
.021152576
.017185822
.019204512
.023569563
.019509974
.020588320
.021227952
.017468076
.017840580
.019350139
.017783329
.019394764
4.043207328
.027050061
.021019033
4.052148274
.022811969
.021401829
.019388847
4.040348337
.030903229
.021566289
.020457193
4.044230713
.029086917
.023793440
4.047358040
.034476811
.025454750
4.055383381
4.045935815
.027091769
.020766363
4.046728491
.026940976
.021197868
.021203492
.024728950
.018507170
.018521795
4.048323732
.028862285
.022350674
.023879908
.021044943
.021193154
.017558176
.017870931
.023652212
.020159198
.021234965
4.039729397
.023984789
.021510963
.021291502
.020965409
.026039144
.018748545
.017654739
.022399553
.020320984
.027103658
