.038096221
.012437770
.017081204
.022875633
.020301063
.023797711
.023655295
.016967580
.021486515
.023187839
.023066923
.021581681
.021225933
.016886372
.019456526
.023237464
.022160928
.017835242
.019370233
.023928836
.020711643
.021842596
.017968658
.022645301
.021943180
.019031777
.022324719
.023643545
.015438171
.020373978
.023356338
.017280578
.017108787
.023198464
.018070241
.022777883
.018288948
.019561108
.020325062
.021369182
.021522306
.019854398
.017553618
.021700806
.016803372
.023417213
.021333599
.022081887
.024023960
.022660883
.021745055
.022376135
.017510577
.023143882
.018154490
.016710289
.028610436
.022571134
.026026742
.020753810
.020397561
.021094434
.022675884
.024757123
.018966611
.024652457
.020252312
.020558603
.019272567
.020103730
.016940579
.022716509
.020158855
.021009059
.020345563
.024344708
.021336141
.018921903
.023738711
.023693836
.020853518
.025206829
.018297031
.021555931
.016812705
.019669440
.021335724
.022065346
.021414682
.025594327
.035781733
.020149646
.022702633
.022475885
.018215198
.021281974
.022193594
.018325365
.020899893
.023428880
.020763394
.022800091
.021290557
.022939758
.024898455
.019974064
.017721325
.021373057
.021692180
.019549441
.023857919
.036799436
.015756211
.018185074
.016965746
.024655957
.020151021
.019832149
.015988043
.015419379
.020869852
.019183985
.022926216
.024569624
.021137600
.025307037
.017700201
.029612390
.020775144
.020995684
.022869966
.023267131
.021017433
.019879273
.022093511
.024129460
.022984924
.018570696
.022461177
.019691357
.034742071
.020087771
.020126855
.020837559
.022179970
.021508473
.028021981
.025396578
.019876065
.020783935
.022525217
.024518624
.017408161
.020586436
.018971777
.025760618
.016925497
.025406703
.023544879
.023279422
.024789790
.023320839
.020638853
.018552821
.024306876
.021503848
.018668488
.019498692
.015666253
.018834195
.022911466
.017581618
.016082959
.016203250
.016980662
.018731445
.017022662
.022598759
.025719743
.019764482
.022419302
.029247683
.016216041
.024465166
.025260079
.021903763
.019608857
.019440358
.019451775
.021365390
.019653982
.040086836
.019462109
.020309104
.017234245
.021953387
.016715039
.024028543
.021158725
.019636066
.021850721
.020107481
.021308890
.027498942
.019518608
.024497967
.021314295
.024484872
.024166206
.015929805
.021248170
.021341711
.016144179
.021053780
.018436578
.019330034
.024052814
.021927027
.015731460
.018929327
.017943111
.021206643
.022617888
.022760305
.015753410
.022904304
.025853045
.022887086
.019774514
.018735267
.019148100
.022180922
.020597011
.022163089
.024559907
.021506293
.020765046
.016474229
.016531645
.018714679
.018989636
.020748583
.022152660
.021110289
.021296580
.020419376
.021419872
.020149377
.020400539
.019709375
.018268965
.017159428
.023632525
.020830828
.018562380
.017298008
.019383541
.021779988
.016984926
.019911288
.024393643
.022709485
.021034033
.019268622
.022411441
.020714074
.019856036
.020373784
.021260446
.024763181
.023366769
.018281417
.020098909
.021859442
.020230616
.021134904
.020298032
.020104533
.019941034
.021629150
.021119862
.018541248
.020000575
.027287625
.017273295
.020507530
.024226262
.023418308
.018729997
.017518002
.021255819
.026260794
.019695908
.019265118
.022866602
.022038564
.019864615
.017119920
.024362094
.023116725
.021098109
.022222521
.018203207
.022566394
.021428316
.018909536
.019986989
.021393566
.022975933
.020919777
.022150104
.023671930
.020719110
.020094946
.020410570
.019838364
.023716388
.021351524
.021628231
.021972271
.020956734
.023760971
.021367191
.019230575
.019900448
.021359316
.020889193
.018470163
.022171478
.015757467
.022441686
.021425981
.021255191
.022070353
.021825230
.017532083
.017884332
.019162284
.024780799
.020320737
.018407788
.024065427
.016095590
.014210266
.020753527
.018947535
.019332950
.021898563
.020866859
.022544643
.019175950
.022748392
.020932484
.022618684
.018840494
.021434857
.022950100
.022909933
.021295607
.022874266
.023214681
.020710485
.021202191
.018365746
.023725221
.017176418
.023137182
.022230936
.020210945
.021585855
.019785406
.022044270
.022487476
.022349019
.020698276
.019635282
.024769591
.020357695
.020794609
.020043571
.019815197
.018314413
.022609767
.022493893
.019918280
.020173404
.022998182
.018864911
.020614611
.022771892
.021747272
.017268334
.024493925
.016216423
.018307579
.020810235
.018363871
.023527721
.021293566
.023832970
.021671272
.020718110
.015120303
.020721735
.021255565
.018896619
.021766813
.014086724
.021286190
.022388018
.022939683
.021088733
.018298663
.021105858
.022909891
.022344602
.016820628
.016396547
.022099895
.019116243
.019442782
.021765480
.019044034
.018668953
.018028039
.019161576
.023434764
.020130196
.018252038
.020320361
.020328153
.016826586
.022792016
.015791091
.012583024
.019272200
.018465412
.018754786
.019082617
.019165534
.021604939
.017774915
.021222858
.018341954
.016620004
.019981238
.021997271
.020069488
.021803438
.023368139
.020211987
.023346972
.018697661
.021468982
.020661318
.019907488
.019536907
.021659313
.019566449
.017254418
.018648828
.021309273
.022769517
.018445787
.022160811
.019991113
.019136908
.021390315
.019036243
.020140445
.018401954
.019792531
.022562434
.024042010
.021464982
.025912044
.021805521
.020918401
.016499713
.023689762
.023193140
.020979650
.020699151
.020309153
.023169265
.020143196
.024464467
.022049937
.018625619
.023493638
.017952539
.024360509
.016227214
.023776178
.023620762
.018883868
.013455144
.014821805
.016786837
.018878660
