.703786505
.684644471
4.740702922
.674488691
4.746636047
.685721822
.719746860
.738651547
.718066348
.754546398
.694443396
.730180738
.692871724
4.702826919
.713549094
.712894808
.696303959
4.721221995
.709183808
.712906850
.680022669
.688476560
.702865286
.716876156
4.726883813
.722352006
.734007494
.743215428
.715223355
.670957993
.690960616
.768627356
.719592142
.703373439
.662335425
.714303470
.680043754
.724123814
.679267085
.689228561
.690699602
.717170673
.698671133
.694459480
.687017728
.721176606
.723228680
.705814451
.682724237
.712417531
.705694486
.744329532
.720037251
.693669436
.715627336
4.683536668
.705914082
.697747415
.697982469
4.689998948
.736066110
.704360995
.729216475
.718307404
.697363977
.713492425
.709150848
.721912731
.705253711
.701018432
.719541848
.737176006
.718204273
.752564370
.700434274
.688308551
.702897496
.716267289
.700391688
.719375421
.673930243
.695336362
.689231936
.718254609
.695946106
.701928733
.714888628
.685423139
.686070717
.731809537
.690369792
4.707389008
.705079369
.723638787
.707029228
.697943509
4.727557392
.720500443
.660298686
.734377098
