.039609189
.015591412
.018278455
.018320995
.023315726
.020587683
.020217992
.020714095
.019991669
.019233162
.019188455
.020757134
.021098910
4.025210242
.026430708
.021872250
4.045328697
.022314438
.021178240
.014739492
.012256523
.011502599
.015432877
.019764721
.017685150
.016838688
.020324946
.018946300
4.042105636
.023087611
.020015793
.020697678
.021433936
.019557397
.021087660
.020618224
.038395779
.022166727
.018401860
.019809362
.020308165
4.046187908
.022256315
.019718931
.018813723
.018157336
.019999585
.021861375
.017377289
.022407059
.022168528
4.037764418
.022944409
.018970549
.021268069
.020210034
.021296276
.018640272
.016948349
.020446565
.021342649
.017404454
.018311788
.017827393
.017928513
.017059053
.017513491
.019399613
.019420695
.022379268
.017465576
.024019027
.019458402
.016790857
.018473155
.019941880
.017585488
.018781141
.021887749
.019756680
.018190251
.024223392
.018803515
.018552234
.021250070
.018808806
.015734030
.019628102
.019457527
.018405242
.020416733
.018665604
.020343278
.021385980
.017235587
.021696341
.020186410
.017804727
.020421525
.020665305
.019903506
.017562114
.019506233
.019458402
.017705690
.021667926
.022589758
.018168335
.020358610
.016282547
.017848850
.020687595
.017149757
.016098430
.021706549
.016857021
.017212838
.023685125
.025028064
.018390326
.019817135
.018321287
.017421495
4.031317713
.024526420
.018803432
.020817090
.021196489
.019435444
.019030005
.024471006
.017391746
.019897090
.023347848
.018167836
.017436203
.020856380
.021767296
.018224292
.019292368
.019992544
.019781470
.023123110
.015900398
.015787737
.019588437
.021177448
4.016876040
.016033850
.015173056
.020525436
.020975916
.021458727
.023209605
.018081381
.021695050
.017700648
.016000934
.023031905
.016011768
.019100959
.023658543
.018577650
.018385867
.022762000
.018613523
.019068795
.021495308
.019543856
.024390221
.022011415
.024513152
.023381109
.018330838
.017398942
.013725823
.016750869
.018451767
.023377692
.019842839
.017198211
.021557281
.018927195
.019911514
.022319782
.017622091
.016876300
.020893457
.019318406
.021259164
.018319503
.017953670
.019095922
.021336131
.018628662
.019075128
.018272997
.019299986
.021180738
.019022997
.018274039
.016285651
.019801084
.018128481
.020422237
.019902095
.015370924
.018019761
.012733463
4.025108057
.022647944
.018007051
.022553933
.041925709
.023222918
.018406133
.021785883
.025492046
.015848806
.020253171
.020594043
.018299495
.019235725
.021251908
.021563859
.018716626
.019731155
.020843946
.019551885
.017542786
.019786203
.019177552
.017337888
.018718959
.020074360
.015947442
.022026619
.018692748
.017566206
.017384102
.018754172
.018186858
.021927983
.019831584
.017969459
.019873046
.021232239
.019086917
.021890021
.024226823
.018474849
.016970390
.012380046
.012568941
.016534299
.018010339
.017042065
.019494921
.016125837
.016490003
.019144549
.018820262
.020845655
.020221919
.017637631
.018968863
.022047996
.018386756
.017353641
.020624172
.017149618
.020294635
.021304456
.016605515
.019121588
.021254742
.014325678
4.036671151
.021598113
.024546567
.016727279
4.023304335
.024829140
.025288483
.019612559
.017311053
.018388631
.016018993
.019398744
.016802413
.021808429
.021211862
.022945930
.017377643
.021886104
.020940666
.016822748
.016400910
.022535634
.021005840
.018395423
.021373130
.017628964
.024064930
.023054901
.017129408
.020169371
.021789426
.019687692
.017298760
.018260200
.017547454
.018300955
.018924066
.018823387
4.028003819
.026442903
8.047108856
.019887298
.028084961
.017940665
.018512020
.014818858
.018625407
.021265201
.017452069
.016950762
.018592737
.019042621
.018010798
.020982420
.022167010
.017308302
.019923427
.022591808
.018125727
.020578125
.021562526
.019938470
.017622379
.021712085
.019768035
.021638409
.016701402
.019369657
.021058636
.024556693
.019297649
.016268437
.017890201
.018785051
4.040993558
.024626201
.023031523
.017249796
.016740364
.021851766
.017880658
.022734699
.021874102
.021530856
.017951791
.016862211
.017362767
.020279759
.020269247
.019221589
.019495578
.021953307
.016749370
.021998931
.018485514
.014354948
.012721733
4.028866868
.022012786
.019056635
.019403465
.021292256
.019019256
.020302730
.023334772
4.025078759
4.028256047
.020459933
.016973714
.022158621
.021043623
.019591754
.017223783
.015312321
.017918152
.015148220
.014639622
.019681555
.017234784
.024069292
.021888467
.014750259
.016320142
.019108117
.017770011
.022485533
.019804361
.020524524
.017426973
.022105033
.016857243
.018856465
.014245745
.023480102
.021729366
.022450863
.017527609
.038900295
.021524613
.017950866
.018130635
.019794822
.022465442
.021613310
.016772094
.021488631
.020123737
.017243727
.021837292
.020006406
.015606733
.018334188
4.037178888
.021642738
.023962487
.021569355
.020251426
.017987933
4.026688531
.026492773
.020434953
.015554802
.018109119
.019009841
.021696631
.019347920
.021212037
.023136370
4.020952418
.030836286
.018810114
.016618418
.019422179
.028784441
.018939170
.019471227
.020764241
.017714954
.016586457
.017142726
.020108671
.023983131
.014302585
.019157693
.024416220
.021144616
.018292724
.019313502
.023037237
.018677683
.019121231
.021748973
.019611617
.019696460
.023405402
.026088150
.022618609
.017602567
.021292590
.021771726
.020832458
.023466700
.020465376
.017086720
.017935269
.019826557
.020520007
.021723095
.022597064
.020963555
.019959030
.019533234
.017968315
.021639294
.022946852
.018528542
.020928510
.025015951
.018743857
.016063859
.020337029
.020757033
.016301218
