.709145183
.699808540
.713135749
.690766934
.700844432
.689880872
.703608571
.691737618
.702109941
.715435358
.706167507
.703208539
.692425976
.700757976
.715036910
.690488315
.684313678
.678798816
.681364127
.696401501
.678214456
.692765467
.672577555
.694002728
.673570030
.680933513
.693298121
.678177791
.672940004
.719944621
.704562131
4.688344879
.678306911
.701994570
.670773792
.660217175
.693046303
4.708462616
4.702703600
.674044087
.704799601
.696954304
.719976072
.688694643
4.677183145
.709382486
.696259127
.722501887
.693715853
.689333566
.689325690
.693683143
.730052619
.704425031
4.704073287
.715705669
.716886632
.685587619
.706462976
.697119150
.710327598
.687120900
.699418405
.691978056
.722456592
.704879482
.688559967
.684956613
.686988848
.708484836
.722551057
.673509087
.706574442
.684388070
.692125484
.690407230
.696370040
.690840473
.677278562
.685263405
.724520048
.679529257
4.687594439
.706336503
.704630254
.716120924
.719983953
.689157807
.724936413
.709627503
.691139175
.702906171
.684576588
.741135341
.718551739
.677346478
.709413301
.689689752
.674723252
.677941713
.719053643
.706961237
.698123999
.720722268
.676470208
.719867831
.708719193
.700331736
.712299270
.705581397
.706198215
.698477074
.696745159
.720735309
.674979329
.662201731
.699249763
.673991228
.689352469
.667279855
.701162591
.686496874
.723283163
.677284396
.714350968
.671207922
.688899939
.705330153
.716339044
.691145633
.698662278
.684077726
4.670544824
.694401592
.687638387
.678115083
.700693227
.686857157
.716657494
.715228072
.687949004
.695394443
.696888552
.697741525
.701891208
.677762942
.716068207
.689197540
.676780547
.694794860
.689549193
.702036249
.663675334
.707409789
.682300043
.703586610
.712767532
.694550943
.721351830
.694849172
.682579923
.701340979
.681323199
.695274542
.709936527
.682151792
.690530257
.672288141
.706280022
4.677577368
.708886677
.715565540
.709945331
.691311778
.689376233
4.698240515
.720509209
.724868320
.695836045
.710923451
.687754855
.725196726
.719838575
.705153682
.714585640
.671250636
.694377217
.709050343
.705752805
.695147976
.671683952
.669933547
.682633692
.717712438
.699130367
.700662686
.715922715
.721331458
.704912670
.690504217
.697714381
.702435241
.678223638
.698758512
.686738546
.697616391
4.698848265
.660889506
.692289570
.696712095
.682868464
.684666829
.710854672
4.705007911
.663338224
.660308213
.702928061
.686002450
.680453454
.705680977
.691571854
.689575861
.703434350
.689087513
.709623774
.711772128
.711007373
.700762369
.687681027
.717771152
.705546271
.711152963
.713063740
.687665889
4.697942848
.701365318
.710472703
.697680645
.668808825
.685888596
.721467186
.688541529
.726062554
.665161427
.692612429
.665732899
.696146917
.676068065
.674661362
.680497538
.702900340
.688639449
.693075288
.682519810
.698876814
.707638362
.702720945
.708786263
.673001759
.690240020
.687814439
.690985903
.712964919
.703000801
4.711493451
.699296901
.711151199
.727487781
.715245860
.690099034
.722361752
.700453924
.700715595
.695612463
.707980668
.711159110
.714045801
.690795334
.707247398
.690322596
.713541127
.699654872
.682110425
.709845175
.696010089
.685294657
.719061207
.730442568
.683231202
.695675516
.693292892
.701729687
.706356505
.700140658
.717679060
.710675998
.730848572
.723376084
.708448784
.674811861
.717293624
.706154055
.699171472
.702791647
.678199253
.679320082
.706056856
4.702302348
.712373764
.714769431
.678305807
.707288032
.676697723
.668466576
.702928764
.697090894
.709805243
.713898737
.703474527
.718562226
.700502921
4.730993282
4.694133415
.698659895
.706355713
.697178046
.707817310
.692836126
.701522987
.715557279
.713210124
4.692179480
.706972320
.719805618
.696843109
.715473108
.690582069
.702829456
.713705647
.700881000
.702637374
.681603384
.723477237
.703942821
.718089576
4.709898613
.730223929
.701014212
4.710257059
.707129603
.695627192
.699027179
4.707498652
.731934186
.707918980
4.699917919
.715291577
.726974360
.718478686
.683493726
.690859864
.684398755
.727712604
.687250373
.701928472
.702536188
.703760370
.693330567
.704549333
.702125557
.702978409
.724904663
.739286989
.700357785
.673735336
.681423511
.724305809
.712812887
.735567329
.696207842
.709332398
.708041658
.707134795
4.734493548
.717851310
.718391829
.696432791
.712712367
.687508668
.701733842
.740439260
.725918473
.686088847
.714608009
.704695268
.713649923
.715552045
.710614346
.711606311
.714554285
.714826345
.677624209
.711723128
.688218264
.681679508
4.692380954
.699269460
.705711611
.716274159
.715756338
.689064573
.717642999
.707130086
.703441033
.667500340
.681743981
.720176966
.714604712
.703415028
.705296355
.722463714
.707082618
.693630558
.709937341
.709975678
.685690276
.688558561
.698281948
.694072973
.702280197
.699104839
.704320752
.731558065
.699314251
.690388574
.718742821
.709185683
.718205433
.709763044
.714913787
.699265332
.725270787
.705633965
4.689903649
4.704538365
.695029315
.729948923
.713289877
.712488660
.699955763
.689991008
.689016754
.693686105
.710299433
.689804635
.711152078
.726590483
.749999042
.715771210
.680150823
.728677271
.685434349
.701675388
.686143420
.712259235
.709661336
.703939673
.709271876
.669433655
.688935029
.713736475
.729521497
.710912046
.710870968
.694040380
.731259493
.706403668
.700934718
.697706120
.696018853
.698727955
.670180747
.678521861
.702983778
.697139884
.720924067
.707329983
.722669033
.687181638
.694213837
.696949976
4.731437352
.757328837
.690343913
.693267050
.704688746
.672907323
.710626789
.682019600
.690542998
