.708684001
4.712033686
.716911575
.710037277
4.707997086
.694276378
8.707101837
.696239688
.709422971
.706831265
.709857430
.712067377
.718557662
.700688201
.709073081
.678103925
.702098489
.705109580
.724764164
.699852563
.691025755
.698164645
.698995561
.722882529
.695263099
.726959343
.723396193
.715616617
.676788829
.712950265
.737951801
4.710339867
.716840309
.685871179
.698358189
.684882931
.686819082
.713134782
.691923548
.696308517
4.701998407
8.701114422
.693092392
.688404678
.698254482
4.721658842
.687532885
.704317215
.694907367
.706129133
.696200797
.699370263
4.689743850
.696062265
.695751560
.718015997
4.732051239
.718825905
.718006115
.715157749
.707008825
4.692474063
.702580410
.693894772
.710557866
.697263376
.685846493
.694883396
.697738020
.704496860
.708890603
.692787927
.717696549
.695930661
4.700009446
.717422867
4.698015074
4.691110642
.687024065
.697721241
.706064679
.721757516
.728966927
.675668877
.711573613
.688927126
.683390148
.689983332
.699690772
.703084808
4.707993915
.689493626
.687862044
.702379305
.731967273
.714889737
.710769509
.683961496
.690421753
.697837790
4.714219934
.710085999
.712335068
.699846042
.707401174
.702824535
.694045347
.700508383
.685062738
4.700855491
.691472767
.679224687
.691308602
.730468325
.698050132
4.713244180
.717036524
.705682714
.702158834
.716904053
.701349861
.690522354
.703935182
.692557210
.708781657
.715141233
.689904802
.680592605
.696929220
.683442889
.688120820
.713554421
4.699100064
.697603978
.704047514
4.705085594
.699584543
.698591656
4.725876555
.702153699
11.876144960
.697532531
.696365375
.679763834
.704958029
.708453255
4.710769533
.717651806
.702807871
4.688601056
.717155015
.701451320
.725285777
.689489131
.723011247
.698129317
4.686880151
.702044489
.705168694
.703123753
.698068649
.694854110
.697274341
.722199895
.680700723
.677381224
.709486324
.697660472
.699987333
8.708393728
.671412360
4.713485811
4.710338356
.676280711
4.692446637
.685124944
.719283296
.711502201
.694610623
.696274540
.699677166
.720771337
.691046522
.704906898
.707232884
.684266024
.721466681
.712280779
4.732782823
.698559156
.710513591
.694911571
.706468126
.726799370
.691720365
.710989264
.693439594
4.709734756
4.693063471
.686815389
