.029236644
.007754455
.011402085
.014989237
.015047589
.014682802
.015415670
.023065434
.015889856
.013892720
.016086544
.015006324
.014450981
.012905697
.014910258
.015578046
.008978198
.012176341
.016150178
.017531100
.013511331
.012377531
.014100909
.015984085
.018041102
.014028763
.015872052
.013912604
.016423962
.013644186
.015316570
.013585628
.013969152
.014432239
.014235259
.012160538
.013645560
.012787914
.014112601
.012646042
.014142525
.017096151
.016027754
.014264421
.013791014
.014035510
.014060805
.014719407
.015762262
.015476595
.014648477
.014786705
.013741972
.015927744
.011199107
.019017308
.019631471
.014818169
.015249600
.014612600
.014266638
.014205142
.015270312
.012865563
.015096917
.013881935
.015261769
.016300854
.014888651
.012321575
.011678212
.012724952
.013792988
.015256692
.013252553
.016083120
.014795323
.015308500
.016047407
.016104205
.019689858
.014224391
.016396115
.010990707
.016501457
.016020872
.015948156
.014709461
.017663310
.014268951
.014606853
.015044055
.015065391
.014376335
.014976426
.014485209
.014345199
.015479240
.015020749
.017272952
.015358981
.013857206
.013321507
.013903585
.012468869
.016695969
.014704760
.018518084
.015680144
.013363976
.018544507
.012330837
.015774982
.013567862
.013852211
.013938015
.017615934
.014381952
.016690391
.022086889
.014651922
.015747723
.015630215
.017251443
.014521298
.018489156
.014304039
.015305661
.021994448
.012921635
.014941613
.016692956
.016419115
.016473575
.020237562
.014694117
.016042314
.012550611
.015187629
.015660680
.016086523
.016766122
.015214558
.014793926
.015579021
.015806608
.012776855
.013577617
.014028207
.013685937
.014086148
.017380590
.015688161
.015965745
.014302025
.017310093
.016307926
.016670635
.010214965
.014123258
.016010427
.014984342
.017754724
.014860700
.016268358
.015417738
.017564183
.015763652
.008074742
.009061801
.013819533
.012345093
.013235832
.012603423
.013363705
.016728412
.014617847
.012360057
.012375723
.014919258
.015477414
.017272047
.015249627
.015614149
.014316889
.013171669
.014137061
.016238925
.010972308
.015205402
.014696709
.015962587
.019478478
.020131624
.014070521
.014583838
.013810366
.014564963
.015978619
.014344680
.009108789
.011966143
.015447597
.016525715
.014995072
.013349975
.012923827
.015290851
.015165106
.016128187
.017826272
.007660383
.013246408
.013348528
.015715748
.014909870
.012141356
.024908636
.012891983
.011181990
.011041122
.014334530
.013465494
.009723976
.012387363
.013179192
.016823355
.015449060
.013504715
.016977679
.013581102
.015030844
.014782609
.014787234
.016518375
.014482462
.014774235
.014490267
.016983098
.014898781
.012892834
.016597041
.013283057
.015887964
.008862941
.007299638
.012808239
.014495908
.016029464
.014352294
.015272326
.014728201
.009438232
.013993924
.014282860
.013301436
.013309269
.016989370
.016422166
.016136773
.025116335
.015008698
.015712265
.015149769
.017092165
.014097420
.014999094
.021450084
.015014342
.015324191
.014605360
.013368679
.014105571
.013187487
.013402301
.015160060
.013990165
.013306423
.012931293
.015606292
.014569223
.015702408
.007359396
.013927949
.017046967
.014639410
.018210313
.015406460
.016526393
.015692766
.012224270
.014180236
.015177260
.014678561
.017085900
.014287558
.014205733
.013841387
.014672176
.016390537
.015805015
.014070488
.013920503
.012651595
.014093896
.014822400
.014619755
.014286541
.012805326
.013478170
.008135121
.012480402
.014922506
.015586931
.015630219
.016146911
.016289686
.014194170
.014146921
.015907927
.015352117
.016328130
.014435971
.014270282
.015539761
.014656233
.014370641
.015483511
.016711949
.016155848
.014729433
.015320233
.018456188
.015538957
.015947741
.016405185
.016523754
.014810086
.016213203
.014121086
.015005935
.013505829
.012990893
.015459421
.015599403
.016123459
.013946985
.013409928
.014320354
.015385969
.016416838
.014504240
.019125692
.015396592
.014029435
.015372928
.014661520
.013981691
.014932861
.015083716
.014705016
.010542108
.012841263
.014117636
.014131468
.010295072
.014890454
.013505723
.016922013
.015495955
.014695105
.014816630
.009574728
.014596372
.017592087
.014284666
.012978304
.014045532
.014892791
.016421208
.017515429
.017535260
.012460010
.016076047
.014111946
.014719445
.016411920
.015873163
.015796548
.015549542
.014836518
.014764654
.014306936
.016341142
.016509827
.016273194
.010204819
.016049060
.017107948
.016652019
.014967140
.015668997
.017748192
.019824305
.013920294
.014420887
.015842020
.015360051
.015607638
.015217446
.013938970
.012574548
.024299388
.012859520
.015560446
.016401736
.012809319
.016420733
.013847996
.015449765
.014527864
.012673981
.015503632
.011360514
.012370361
.015695227
.013497912
.016383465
.015057588
.014735720
.014826290
.008170695
.009487949
.012646061
.016683012
.013401027
.017035832
.017358323
.022864502
.014867630
.013163289
.012735232
.014611726
.013601345
.014512993
.013812853
.007641914
.013763587
.014880699
.017143295
.017263109
.015083916
.019048573
.016520866
.015829020
.014048725
.015989868
.015464370
.015421919
.014535021
.015010252
.014957136
.015970596
.014790871
.015901814
.013639560
.016123696
.014524558
.015596256
.014260768
.018172789
.015539599
.013388787
.016127726
.016080610
.014946715
.014683759
.016207630
.013674886
.015089817
.013961650
.015065589
.013757810
.015670987
.015187860
.014200485
.011277268
.012925472
.012616649
.010274922
.015361934
.013677927
.016015072
.015315687
.008892145
.012127632
.015823250
.014312925
.015071087
.015132451
