.915884452
.906032927
.897377414
.909710364
.882007159
.880456754
.882242696
.901917764
.888542311
.870213784
.895320357
.879032307
.893047133
.903768651
.917505519
.903337253
.900625509
.912769030
.897271183
.903697233
.897404412
.895662698
.889331221
.868152255
.894294593
.893467312
.924772861
.879514492
4.898321837
.918049797
.890611795
.883393526
.861365431
.882947672
.899361033
.887350117
.876417288
.893299298
.887580164
.888972881
.858068447
.877707965
.871555735
.890264393
.903776885
.902294411
.886156991
.873724683
.888255084
.906880514
.894043411
.899359250
.898393640
.901881856
.891252748
.888347364
.883223986
.897325868
.887840642
.894736931
.908299228
.875645671
.895221076
.886534755
.911428460
.869937384
.876717425
.873973188
.896192977
.872712582
.872709873
.868079224
.885296432
.882379960
.867534731
.892049117
.886635850
.873290946
.890815521
.876813279
.890736632
.898854673
.903585052
.863959831
.855987425
4.863494236
.880891240
.879600805
.883999772
.880542345
.888919694
.920058259
.885423108
.883262022
.872345588
.886725029
.898850319
.888384222
.884533911
4.896152531
.894626781
.892004620
.909473655
.895762251
.890394737
.880776073
.901977198
.881106752
.884073395
.895024386
.887884968
.889926545
.893246986
.890413526
.885196732
.888145144
.893925254
.871494019
.890596533
4.891440409
4.891971841
4.897989573
.864812809
.895062956
.873191738
.874496615
.893112853
.883436221
4.852053649
.887037183
.886188715
.891084044
.883255103
.882130275
.893616713
.876417219
.888704170
.900001841
.886069653
.865006146
.860786549
.860244315
.890339198
.889745806
.886202610
.900877092
4.894747355
.915344113
.885869192
.866853042
.892172163
.881349632
.896556086
.879022298
.883256065
.902383051
.883958791
.877293153
.879787690
4.897892862
.891639575
4.911753256
.904559946
.883110382
.887648370
.909866944
.878192179
.893989268
.865032571
.886290156
.896483883
.901023788
.890765963
.881883644
.865791881
.887858946
.906651841
.895557130
.891413574
.882460120
.874244303
.891030534
.882124476
.909294082
.865477079
.892533646
4.859917202
.897335926
.880484391
.879039719
.902723931
.878584180
.884558559
.886671430
.885568585
4.899474567
.882605860
.878898180
.905565976
.892496989
.902933769
.906183179
.901229040
.879281019
.884695974
.877382123
4.880122970
.879905252
.895451433
.889541013
.882960566
.915254072
.914744139
.864909047
.890448523
.878990266
.892415205
.882873844
.905220352
.891484117
.886487575
.897496047
.912991904
.895901897
.887241959
4.892403743
.882532113
.867975773
.886773374
.878236062
.911168710
.886745714
.874997596
.878805546
.895767752
.880382602
4.896894791
.897669435
.898695198
.895330698
.905006235
.882822547
.862659104
4.881799655
.912263409
.894333215
.889474151
.892666953
.895512904
.894365163
.910671391
.866973481
.889780961
.902701577
.892948639
.912510264
.898822798
.891568571
.891357292
.881963505
.889365177
.880508812
.895329316
.903805790
.894347894
.871305408
.897779307
.882813589
.888465555
.893897554
.898010108
.898577288
.872147110
4.877586120
.879759553
.889552813
.894628922
.892814383
4.879565879
.905949944
.886924510
.839499048
.905677728
.879121410
.892640822
.892719371
.897632299
.894010728
.883229542
.883576933
.878913749
.904029858
.886159310
4.865094373
.881127424
.895948536
.901709420
.860166743
.884319632
.878853685
.890430904
.857301460
.885173106
.894558976
.904124799
.857312737
.894776846
.883365098
.880725839
.889778063
.885442694
.845895261
4.882128665
.899235065
.885576701
.895416306
.892040023
.895926782
.895459583
.892550778
.872089670
.908213533
.870308567
.882845035
.907772474
.892782966
.892923221
.892461889
.894168773
.880899259
.880202946
.891217963
.889890355
.868519151
.887112631
.893388056
.891927546
.890230406
.887199621
.901243254
.889544471
.923189797
4.883093087
.894716399
.885155777
.883523891
.869088270
.895027746
.873523666
.877439430
.882183131
.873760642
.867450430
.869583097
.888020485
.886343047
.866651024
.897164788
.890150733
.867396954
.902143362
.877916545
.878186834
.881352515
.892425883
.889531889
.881651216
.901282371
.889749000
.872997816
.848409675
.893729756
.887209134
.893350943
.879817686
.872580351
.905365637
.900650482
.876889753
.882663203
.874361823
.892431168
.887014848
.880756087
.892011876
.885841159
.883090439
.892396718
.867634339
.880401176
.892384257
4.877791711
.909485182
.877301454
.893145194
.857210484
.873497456
.891847290
.884445293
.876677845
.903100889
.887380993
.889680954
.889545978
.863255604
.893183149
.905560716
.888128451
.872824239
.875955392
.864631569
.915172304
.889513572
.885318369
.898250509
.885461320
.885345999
.861891518
.867192770
.897787212
.865955575
.870757161
.881614019
.899416939
.883883112
.897580679
.853404749
.889712903
.911340169
4.889210820
.882473147
.874550551
.895147118
.873072290
.890925726
.881948190
4.883149919
.855351116
.887752829
.884021665
.893223266
.905957178
.897836929
.894544628
.893040230
.882699054
.895211189
.886376890
.866494469
.894369682
.880790517
4.880942252
.901568703
.879959452
.896649786
.887187654
.885096367
.891665452
.892339113
.882029077
.873168924
.920792603
.890663406
.899575578
.872933609
.883463035
4.880359574
.871435087
.891667137
.886454292
.876586351
.906436453
.876802348
4.891290519
.907548655
.880890002
.896796898
.866805514
.874997080
.888242240
.876184025
.865258907
.871157849
.881128971
.889803944
.879584000
.887157846
.891506538
.885192646
.900506534
.877747093
.862351216
.895393627
.858798616
.880044764
.898087097
.861186984
.879284608
.895611739
.883951044
.896313242
.887842289
.870400915
.895729696
.905716517
.892735892
.894342113
.897038529
.882521483
.887024866
.903246382
.899453975
.896822924
.887181482
.880451654
.890670769
.871951213
.879790871
.916971442
.899105561
.899843402
.902465319
4.894171502
.894141231
.895139976
.915187582
.865684695
.880453548
.895370850
.896966589
.878990497
.885411080
.899922335
.882678286
.868691077
.901024514
.890584433
.901278629
.882014846
.902152170
.882660057
.890966566
.882677738
.907129504
.890709091
.889570480
.888571638
.860899525
.894596091
.898144408
.866808168
.879544225
.883388125
.890461130
.889652750
.895400980
.900978324
.869818211
.870500313
.891335885
