.044841357
.020831705
.025004187
.022457013
.020538964
.018657399
.023511234
.020881601
.020462337
.022834419
.019696310
.020906168
.022164127
.019683294
.021018547
.019823631
.020670493
.018412251
.023080937
.024819203
4.043704528
.030093091
.020807877
.019295078
.028966014
.023578545
.019486540
.019513832
.024966173
.021226762
.021044798
.018356421
.018827141
.023964222
.019646042
.019791881
.017679563
.020073807
.027664632
.036569862
.025214170
.024774907
.021026080
.022233284
.019774332
.021833272
.018269535
.020263389
.022825720
.022166589
4.072291453
.032969242
.031349437
.022054247
.019591789
.022306256
.020568230
.018739669
.019465109
.022316414
.020839698
.018847964
.020699234
.019340939
.023449095
.025224778
.021362444
.026171601
.027393849
.017830829
4.035953938
4.041610307
.028143282
.024852676
.025145936
.024667045
.019294664
.017588191
.020869714
.020479327
.018269880
.022009125
.019883515
.017609026
4.043716638
.031599851
.026365016
.023523091
.021403189
.018425718
.018913318
.021898330
.020840588
.020860130
.020508994
.019816555
.018451386
.019646883
.019094573
.017875409
.022082086
.019504920
.021956624
.021111930
.023204956
.022906904
.018665435
4.043070544
.027595097
.025949044
.019439210
.021278268
.021845370
.018274047
.023635261
.029490783
.021523110
.024398035
.023074368
.023715264
.020091689
.022018792
.023739556
.021674073
.025775872
.019982435
.020421491
4.048772058
.032891851
.024182028
.022078336
.018510721
.017613859
.023390045
.020073896
.023363544
.021695157
.018069498
.024561291
.023039201
.018551055
.018972736
4.036790088
.030921371
.021801411
.021510985
.023854726
4.044931017
.029293860
.022273009
.020842379
.019581922
.019203202
.019992102
.020544536
4.042875992
.023820351
.023601010
.021176057
.020444700
.020388573
4.037054422
.033860819
.023948736
.019417524
.018914797
4.044023061
.023833360
.021158100
.023742390
.019671751
.019897426
.019603291
.019254779
.021987247
.019926386
.019686204
.018168653
.018167903
.019574785
.021831319
.018631252
.033983125
.023243642
.022276903
.019681859
.020064788
.021174949
.018607365
.018963209
.021720174
.018993668
.019089630
.019999909
.025757016
.017178233
.019354346
.017863797
.019633564
4.057544998
.027613116
.021120194
.020797558
.022070600
.018996624
.019305551
.019368595
.021414412
.025252413
.019738524
.017950381
.017512992
.020228456
.020607594
.020408545
.022739246
.019102669
.019718023
.025775222
.025126200
.020916853
.019063626
.020298500
4.056577492
.028342930
.022320941
.018880953
.019344969
.018091385
.020358210
4.053540989
.028011169
.022156519
.019545933
.018026717
.017909671
.026465577
.021950221
.018604277
.017321235
.018463814
4.040264421
.032024467
.020599259
.020810558
.017626953
.020352293
.017381195
.024782439
.019153878
.022618326
.019804775
.040372741
4.047125020
.030731217
.022881584
.021521456
4.044219383
.035002524
.021880760
4.049360010
.031556511
.030912532
.029706450
.022398664
.020613813
.019337396
4.030806520
.036409132
.022229367
.022288369
.021382714
.022583087
.022966850
.020685566
.018725291
.019999459
.019303144
4.061976852
.025983117
.024849788
.026470633
.029079512
.025727109
.024293311
.025297886
.020840196
.020812112
.020328220
.024190599
.024661656
.022938349
.023832879
.016580928
.018481075
.019468150
.034891891
.022202460
.024511080
.024548082
.024581541
.023025655
.020493069
.018540086
.021624941
.021713360
.017925649
.018955309
.017453382
.020346398
.018841305
.026493314
.034862264
.022846732
.030115978
.020797788
.021768446
.022112708
.023286705
.019549496
4.042368013
.042633111
.027455889
4.053363314
.030050292
.023721823
.028438153
.021140858
.018445140
.044450262
.026316645
.027742611
.021651112
.022196422
.024155363
.019221279
.019530081
.022549892
.021732865
.021078051
.021260807
.020175311
.022933781
.019954804
.020840459
.021608985
.025825545
.019900136
.022485224
.018934061
.017860441
.019390118
4.051681179
4.052158090
.030196373
.021413362
.023772194
.027555532
.018085789
.018915984
.025523837
.018093704
.021256189
.020250154
.016249808
.027067304
.020940177
.019421209
.020253486
.027386814
.019502960
.020916009
.018209249
.019954351
.023645894
.018906523
.027135887
.020102688
.019553044
4.049461238
.034396883
.025009687
.019966806
.019482706
.018267207
.020064768
.019430872
.019653796
.020818752
.023097914
.022523811
.019225573
.024594423
.021633280
.020314693
.031459572
.021651613
.030065692
.021999792
.020176188
.020427865
.021316104
.020385614
.019826803
.018007615
4.057451058
.026173227
.021979958
.025033145
.019024315
.018507256
.019678671
.020209189
.017886985
.022821903
.022448557
.023222000
4.051186135
.034612263
.021590694
.024107697
.026231228
.020124811
.021835037
.020832127
.019324034
.019471914
.026263646
.020380736
.019715464
.023060703
.019740548
.023259460
.020844669
.017445887
.019645170
.019094610
.017177920
.020914964
.020295484
.022365804
.020231065
.018346626
.037026299
4.064283824
.028160958
.021098467
.021227555
.018263413
.025122730
.022052792
.018364042
.024226325
.023139829
.024863679
.018083866
.023323711
.018256205
.018727138
.021151845
.020578367
.018028238
.018180703
.028383258
4.046520753
.027034170
.028485624
.025925872
.019532574
.020177095
.020440898
.021844861
.019270316
.019066435
.020564402
.021123920
.021068710
.021114921
.018076569
.020004926
4.045960733
.028184454
.023903685
.020600823
.025170353
.025546074
.019591997
.021860532
4.039039204
.025332026
.025900337
.021086256
.017912524
4.044194742
.032832780
.021442353
.017610556
.021685236
4.035422588
.026604695
