.041294451
.020759560
.020771893
.021449152
.019107455
4.048287509
.029888424
.026385713
.021990572
.023229839
.021928155
.016782882
.020409636
.021132812
.023667802
4.051946476
4.038616003
.035605871
.027212847
.026000415
4.052211368
4.059759169
.030349678
.023074794
4.039578410
4.037970555
.030617057
.027899397
.021612984
.022338659
.021361355
.018618737
.021954155
4.050416005
.030922103
.020690847
.019713918
.022423286
.049829906
.030899391
.022112393
.020718623
.024156838
.019011225
.021198672
.029330703
.024627220
.029710583
.021826764
.026484038
.020416453
.028127978
.022740694
.021943641
4.049757204
.047385098
.026005855
.022237297
.020059431
.018668202
.019635966
.022599261
.025959771
.019504672
.019712176
.020707232
.020961153
.018818537
4.044538889
.028668354
.022594095
.021042363
4.055726183
.027724632
.023683153
.023447691
4.040354657
.030572799
.027475794
4.045994285
.038233083
.027632922
.020426270
.021923667
.023286105
.018847496
.023342731
.023119103
.020633731
.021307408
.035749575
.026248540
4.050307244
4.060600084
.036582561
.024692407
.020157040
.019407986
.018232738
4.046611991
.035544536
.022658509
.024239375
.022083664
4.046058043
8.071033974
4.048933982
.033619344
.026676846
4.036522038
4.048603671
.026182712
.023082990
.023748460
.024832772
.027759990
.018468951
.025486741
.029243349
.024711894
.017068509
.024361888
4.052070386
.025502117
.021412961
.022544815
.024127009
.023508873
.021385502
.019284424
.022015180
.023137159
.021274251
.023031490
.022396937
.020844784
.020404985
.021047621
4.038968777
.035655587
.031922563
.024540266
.018002317
.024627685
.022649983
.022929696
.047362973
4.056812902
.035491625
4.058276302
.029960688
.022414337
.027175593
.027925482
4.050391237
.027729812
4.050908538
.031449091
.031517425
.023035016
4.041834826
.033594131
.018902605
.022775219
.019716412
.021403986
4.045901553
.026150902
.025750017
.019496059
.022787150
.022336014
4.044911970
.024709031
.022282812
.019967346
.025188583
.019926212
.023357617
.021748958
.021837335
.020011589
4.040419930
.031653099
.022776334
.023583684
.022454870
.017940070
.022827252
.022497371
.020729377
.022921127
.023215967
.019185385
8.068455649
4.065099025
.029516212
.019391760
.023933518
4.049065963
.031614920
.022284610
4.050268935
.028194894
.022974331
.019880021
.023777764
.025607717
.023676179
.021145087
.019957356
.019175048
.020791331
.028263313
.025754345
4.046077099
.029086412
4.057258279
.033651669
.024652782
.021210797
.020083941
.029596131
.025269544
.022893456
.037293783
4.047428334
.033072825
.028427066
.025145500
4.060064168
4.049296285
.055668951
.029047771
.020733932
.022133211
.026254922
.020693098
.019913790
.021741244
.019786704
.025879664
4.055420223
.030828475
.025863080
4.037203215
4.060136722
.022690122
4.046667562
.025464255
.030762784
4.050525580
.043524634
.023777672
.025759506
.028851655
.029718382
.026927697
.023297162
.023305620
.020743941
4.049891829
.028946072
4.050919195
.038108600
.020232596
.021518957
4.051854193
.030861404
.025606459
4.046405905
.030377186
.023401788
.019206199
.025437456
.024488311
.019572124
.018075384
.023465497
.022927236
.019486413
.022257889
.021401079
4.042458069
.030706901
4.052404196
.035171745
.019514414
.019057779
.020934444
.025008323
4.063384721
.031040409
4.054249652
.034470731
.025114366
.022290431
.023203409
.020569728
.019861463
8.076451551
.038631188
.025088304
.022829130
.027529525
4.052694353
.029737811
4.060636875
.032767414
.026369276
.026062103
.022665530
4.045879015
.035795854
.026066103
.025030497
.022349356
.020878908
.019935387
.023455089
.018941033
.018790071
.018394021
.019389751
.023074705
.023238708
11.251398353
.024328190
.023534256
.018039180
.027215628
4.049065764
.034378156
.029797683
.022632570
.025084582
.024829160
.020192226
.020743821
.021724092
8.062922937
.042265618
.026429110
.021194998
.024899161
.022816824
.019269706
4.054236427
.028410569
.023751063
.023182813
.026210077
.024459538
.023088300
11.256798259
.038713852
.027795486
.028361998
4.049453594
.031727948
.022033776
.018619201
.022172904
.020180319
.022814293
.021324011
.019869145
4.047720764
.030565714
.021667477
4.047136642
11.262314808
.023662564
.025474647
.022994800
.020922420
.019521973
.021710063
.020859420
.019786937
4.051244733
.027953867
.024976177
.021098508
.026714841
.017814019
.021495600
.028652425
4.049073569
.030347504
.020966880
.020906212
.019453263
.021364597
11.238590491
.034780852
.029830825
.020705457
.024648461
.022388619
4.062203935
.033545700
.019174632
.021858108
.021928276
.020128153
.022554957
.020188238
.024795256
.027827198
4.052882686
.026548503
4.047801408
.033046980
.024841590
.020424076
.025287267
.022316076
.023191096
.020332240
.020774292
.023411433
.020918670
.019540598
.045176832
.025836322
.029686073
.036408638
.024783672
4.057061938
.030385713
.021037840
.022071988
.018659579
4.049614565
4.046938797
.033678744
.028144122
.024442165
.021003715
.023854694
.021727230
.019468430
.023371142
4.051439148
.025862196
.027797239
.025081638
4.044196987
.034532805
4.044064567
.039320911
.023134554
.022538623
.026715632
.018428283
.023389642
.018098900
.023103468
.022403160
.023278804
.026452691
.018773611
.021916469
.024026014
4.044009387
.032970512
.019778766
.021111295
.027278180
.024990547
4.053868782
.029462939
.022938671
.020465409
.021550099
.020855625
.019828353
4.043687786
.034536885
4.064292007
.026574710
.024784046
4.042376459
.028973055
.026236744
.024418205
.024602001
.022437661
.020291780
.026541585
.020913544
.021640310
8.055472200
.032293211
.028146703
11.253354355
.030883680
.022114487
.020355990
