.055051908
.035052448
.035446342
.035443384
.034279620
.035495225
.035670127
.036711830
.037456110
.034492779
.036186456
.034998649
.037150731
.035143754
.035106040
.037792996
.035758932
.036340813
.037388392
.037419813
4.049329375
.048915587
.035641623
.035979175
.038850117
.034708312
.035702049
.037584964
.037123226
.033689904
.037479906
.038647503
.036400906
.035066950
.037141854
.037628303
.035309946
.037080261
.038998515
.036390279
4.067303439
.044149601
4.073051326
.049366531
.037997944
.036792383
.036763545
4.058779667
.039243303
.040474284
.039955121
.038476434
.034713854
.035163757
.035330908
.035586239
.034075381
.035873951
.037332925
.033744955
.036110362
4.060273718
4.056545835
.042265377
.039381220
.034281819
.036040664
.035946867
.037506910
4.061344346
.045368003
.036825999
.036477146
.037539329
4.075185680
.043873922
4.056023806
.047351153
.036903669
.036001996
.038515007
.034192230
.035600806
.035122656
.034988482
.034748427
.038450128
.038166029
4.061974796
.041739515
.035409796
.042693150
.037682337
.035624766
.035769858
.036414518
.038660598
.035773733
.035116656
4.061898917
.044777680
.043672161
.036159879
.034210690
.037315442
.037509160
.032193914
.039418139
.036208173
4.062617623
4.070151782
.049099498
.036877209
.035044277
.037802343
.037164975
.035746981
.032948371
.036177714
.036115251
.035280373
.036953631
.036533608
.035600766
.035264206
.035472550
.036277177
.035526761
.036504106
.034476746
.035665977
.034610669
.037505535
.056173340
.043522445
.037359402
.034857308
.037377570
.036563567
.035895239
.038195531
.035463341
.037717422
.034980357
.038357873
.036465521
.034088016
.036100543
.039233212
.037851471
.038052774
.036446603
.038457837
.036056874
.034783137
.036190880
4.059299068
.045244622
4.064881912
.045251247
.034919187
.035371795
.037085095
.034497830
.035115031
.036571943
4.047320252
.048339790
.039760325
.034444119
.037220395
.034337571
.037340651
.036979173
.036426851
.037866846
.035540595
.034753553
.036383433
.035234204
.033975427
.037356193
.039439473
.055903700
4.071345638
.045680104
.038479755
.034882934
.035987911
.039300007
4.061240215
.049469726
.037366194
.035887572
.036678657
4.060382877
.043855463
.037135015
.034896852
.037950267
.035600765
.035988994
.037900515
.038446336
.034016721
.037970310
.038384291
4.075554825
.043763791
.035992037
.035215078
.037724922
.035910824
.034388366
.035941576
.036542775
.036766120
4.067720691
.047036803
.034421785
.038113860
.034884476
.034340488
.039246463
.037106222
.034833140
.034996941
.037989395
.037714380
.034926020
.037265522
.037619583
4.061474395
.046086584
.038302037
.034367824
.034651838
.035679728
.038004229
.032398133
.031672635
.034128310
.036257968
.035752648
.035886864
4.072188267
.043336518
.035548345
.038330747
.035347501
.036374890
4.077231332
.039537687
.040051090
.039716447
.035351085
4.061406640
4.062919014
.045275748
.035505926
.037052677
.037492993
.035550721
.036556025
.035869488
.036810456
.035379336
.036005579
.037808760
4.056537543
.040948222
11.246726383
.050764922
.041039686
.034487705
19.305544275
.044252026
.036841916
.037476826
.036931671
4.072833428
.045404672
.037157933
.034354740
8.075180738
.045502469
.040296979
.058437046
4.081523066
.042733152
.034034347
.038178947
4.064582438
.044700550
.041865856
4.052536784
.040539075
.039858121
.036476312
.034617004
.036205090
.038873234
.035431256
.037833886
.035021984
.038063733
.036291344
.036347430
.037378320
.042099993
.034322446
.037773925
.038720684
.035902448
.033210635
.037837637
.037299857
.032282960
.036898961
.038475879
.037043052
.033851170
.037393946
.038072358
.035830736
.034546708
.038746019
4.065056193
.049695769
.037729858
.033995778
.036971225
.035292760
.037731524
.034024943
.038425201
.035184599
.035934899
.037995679
.037157634
.037022057
.034366803
.037220715
.037509993
.035609705
.036276091
.036678531
.035332510
.034527588
.037602405
4.060570375
.051039457
.040484898
.036476498
.037148384
4.074518904
.047272213
.036065934
.035259846
.036295757
.037843061
.037145135
.035641579
4.072661780
.037563032
.036765277
.036622201
.036525122
.037029682
.036263967
.033542216
.034637416
.034337763
.038631233
.036189220
.036284591
4.043071175
.055201267
.042411477
.042390186
.037257130
.033733499
.038382703
.037615238
.035734282
.036655907
4.062069182
.043959614
.037389623
.035428671
4.073147633
.044478840
.038857681
.036978601
.035805238
.035655994
.038860014
.037360291
4.060275014
.047739525
.064194022
.039416822
.036159680
8.082671010
.046930687
.033820911
.034854615
.037777981
.035885026
.037967097
.034928486
.038118799
.036067184
4.044603176
.050098135
.039760116
.036323721
.035172492
.038079900
.035702271
.035160617
4.049638294
.047298484
.036979132
.036237508
.036904669
.035032693
.038464171
.037740298
.034177146
.039538395
.037318234
.034132269
.034182480
.041147733
4.075036713
.044906770
4.068992511
.049614151
.036327888
4.082807260
.042766863
.035616850
.037856388
.036859292
.035279040
.036765162
.037147099
4.059291860
.049024910
.036590944
4.081058707
.039392804
.038046189
4.053732349
.044291653
.045429007
.036558859
.036022538
.038569551
.038113485
.034581043
.036792746
.035030401
.036768995
.032914911
.037919474
4.061982755
.048226367
.037674669
.035871280
.038105443
4.055267933
.048655974
.036263426
.035918407
.034991440
.037934892
.036514274
.034826056
.036721951
.037007008
.033953968
.038094942
.053522178
.040499981
.036599784
.037221798
.033913324
.035424796
.037041181
.039707226
.033980821
.037510326
.036555370
.034241309
4.079059612
.041025749
.039555941
4.062201967
