.060399510
.036372923
.036772130
.056282482
.037006920
.036745297
.037335420
.036238506
.037445752
.037237045
.037043212
.037195795
.038441249
.036468589
.034609429
.037995959
.039371413
.034231513
.038278583
.039568204
.036620630
.035088218
.040642367
.038774581
.037701168
.036826588
.038037834
.038667040
.041688238
.037434961
.036358839
.036004090
.036856338
.037929667
.038614290
.037342253
.035698008
.035399759
.038385874
.036451714
.035447717
.039112372
.036967671
.037743376
.036896838
.036793629
.044066606
.037857376
.032756601
.034690637
.036047923
.038059667
.035286759
.036993420
.036676922
.037696127
.038438833
.036012632
.038220916
.039785119
.036683672
.037466628
.035467842
.036421005
.037249795
.036483630
.037374836
.036234756
.036315422
.040105869
.035918341
.037635252
.036238798
.038196749
.037292544
.039472413
.038198291
.038311375
.036682297
.050565168
.037112754
.038702123
.036131340
.039152372
.036248215
.038523583
.038345124
.037284711
.035750383
.036314839
.035177719
.040184868
.036780338
.039279871
.036537922
.037778835
.036425589
.037687960
.037027920
.037011753
.035477384
.036684004
.037250128
.037194212
.036574464
.036313339
.038255249
.035717008
.036576506
.039188955
.038782164
.037615085
.037761752
.038754498
.036690713
.036232090
.037548461
.035563051
.037374336
.036880880
.036553630
.036969462
.037493711
.037112629
.037226294
.036542964
.037249044
.036899296
.037016795
.035267260
.033887181
.040515075
.036396423
.036799005
.036684838
.036100090
.038497457
.037516336
.037550961
.036285173
.038708456
.039368037
.037529335
.037173919
.037174878
.039441871
.036018757
.037600086
.036999795
.039442787
.036969254
.034462845
.037250794
.038311499
.033714140
.038176042
.037589211
.037529669
.037873959
.036357547
.036461589
.037293221
.034490043
.037302919
.035910127
.036556585
.036020044
.036885003
.038843151
.037666266
.033200519
.035074476
.038289474
.036284851
.038352223
.036465330
.035302789
.034700291
.038405327
.035449123
.035682414
.037633537
.037173230
.036250482
.037438396
.037625396
.036206357
.036266357
.038575306
.034558265
.036325845
.035411889
.036607053
.035837846
.036733844
.038342165
.036836169
.036870711
.036405711
.036078546
.037901999
.035441880
.035749498
.039198782
.036715830
.038361700
.037553536
.037829452
.037624701
.037686614
.040902273
.039866609
.038527237
.037592072
.038662903
.038555566
.038326400
.036721321
.036883613
.038104359
.037057237
.034052036
.037500275
.036769276
.040452059
.040208018
.035963237
.037267900
.038338937
.040938555
.039760766
.036383567
.038523436
.035906735
.036132734
.036867814
.037602896
.038107727
.037640812
.038046228
.038655143
.038029353
.036086357
.033791489
.037748728
.037709727
.038438850
.037886643
.039441888
.035680191
.036150481
.037698268
.034917859
.031481369
.039054931
.037788517
.037484060
.038458640
.038691348
.038007558
.036644062
.045877452
.037281185
.038497931
.035843064
.049366067
.037118518
.035608106
.039622011
.036857103
.036412271
.037819558
.039458095
.038811513
.037454100
.037542267
.039134721
.035173107
.039405053
.037377392
.038569639
.037496684
.039356428
.040819757
.039271761
.037948557
.038868305
.038819180
.036861768
.039125679
.035959854
.035082274
.039124220
.035528356
.039262595
.037309017
.036633810
.037290642
.049235857
.036212562
.036045729
.037152059
.039111303
.037166892
.037590600
.037552725
.037356100
.037023767
.035688979
.037132559
.038163014
.036730810
.040161300
.039881968
.038098723
.039169637
.038080306
.035774354
.036162603
.036778477
.039010928
.037314350
.036456727
.037915224
.039058179
.035831104
.039246386
.035852813
.037143726
.036802893
.038017056
.035991104
.038488514
.037681224
.037204808
.035050440
.036693477
.039364177
.038232722
.036715144
.039145720
.040698341
.040887298
.039262428
.038140765
.038602346
.041644004
.039275177
.039204012
.038633554
.040763131
.037657224
.037843807
.036357103
.034097234
.038794804
.035607522
.039297636
.039431177
.035984813
.037372641
.037299350
.037988514
.037400183
.038716387
.038796971
.037315016
.036303895
.037178642
.035523646
.036768018
.039287178
.039343095
.036136437
.037520182
.036018354
.038512846
.038370221
.037775890
.038042390
.036635019
.036735018
.036166936
.038063848
.046431449
.036925893
.038601429
.038259138
.035668563
.039322052
.035945354
.035664688
.041083339
.040012509
.035992020
.037872765
.039799010
.038060806
.037146809
.036134811
.038425180
.039551302
.041033672
.039330136
.038851596
.036643435
.038651262
.037561141
.038810804
.035826104
.036631768
.037932640
.037658474
.037044267
.037072934
.038257598
.036352144
.038355847
.038870054
.037902890
.037058434
.036931267
.039670718
.040434049
.038340472
.036490477
.037178600
.036715477
.038332097
.038019515
.036115187
.036173186
.035890396
.037168934
.038564304
.034195317
.036669769
.051782391
.039133553
.037295142
.036834309
.037605391
.036801477
.035994187
.036412645
.038547429
.037175975
.040411007
.035551146
.040340008
.039578177
.043271791
.038605180
.038267431
.037021893
.039004012
.037051392
.040852339
.039150720
.041161464
.040894965
.047833195
.040133509
.037496308
.044995661
.076624819
.038258055
.040861173
.042796959
.039354094
.040637466
.040923464
.038244638
.037782849
.036691227
.038526888
.037517433
.039241969
.037795474
.038952470
.039676968
.037198767
.038154139
.039043095
.035455522
.036637435
.038852346
.037880848
.035931562
.037259601
.038586054
.039024470
.037880223
.039302594
.042633126
.034817691
.037437349
.038217056
.035711896
.036966309
