.040933003
.016745441
.020522417
.023121818
.021970117
.017192313
.016773940
.015433948
.013672084
.022614822
.015296241
.014045374
.023620399
.013990540
.026112842
.020427335
.014959285
.020110003
.017800726
.022589364
.023846231
.023196485
.019067551
.021535203
.020613084
.024514685
.020381502
.021479120
.017756726
.024184270
.020486584
.021013540
.022400198
.014564078
.023427275
.021633411
.015791947
.020432835
.022219616
.020223920
.024264270
.024129729
.020446585
.020838749
.022652280
.018628888
.024927099
.022878612
.021569537
.022138575
.020358210
.016904690
.024926849
.021301247
.018551804
.020795041
.025561887
.016934897
.025526221
.023176443
.022745987
.023029486
.021066997
.018557804
.014231331
.020863832
.025887927
.016883982
.018431961
.024098394
.025753263
.022196403
.029709745
.017038509
.016334428
.016519634
.031032686
.019088617
.021760855
.015494926
.018249830
.021328482
.022052474
.017920910
.028456982
.014501427
.017883452
.014376552
.018168075
.017902242
.022463674
.029532804
.017471492
.017523909
.014342716
.015541585
.015458794
.015904998
.021007887
.022106089
.018411526
.017159824
.017901362
.018675691
.024381741
.018490981
.015270791
.015471790
.017756486
.017182988
.015214874
.015153165
.015371539
.018243856
.018449397
.015570872
.030621954
.016817697
.017374860
.016369949
.019263391
.020028220
.016213617
.016721030
.016609906
.015183580
.017362151
.016866403
.015747744
.015904659
.016498615
.016554572
.015763910
.015531369
.016916944
.013212091
.017624148
.022224789
.019244014
.016839903
.017831856
.014287459
.016601362
.016373322
.016425739
.056104343
.019077848
.023351031
.025560893
.024318817
.023327365
.018722184
.019271846
.015604826
.018103144
.030865154
.016757361
.028243670
.022034455
.021176544
.018244643
.017661397
.021853581
.025199354
.025111020
.024990105
.021094086
.021457416
.020577755
.019969551
.022015497
.018381227
.028421418
.022888367
.025212936
.025357060
.023320572
.021121960
.022062621
.020477297
.019200054
.020781795
.025943057
.020307214
.025151353
.020204007
.021922581
.024205941
.020275048
.022254286
.020908461
.020994418
.017542731
.022271787
.025482017
.020412423
.024201567
.023627404
.022680075
.019231346
.023595737
.023071240
.027129008
.024539815
.020443422
.022146870
.021275584
.019851843
.022579118
.021107751
.025613017
.021954997
.021851331
.019358053
.023846777
.018573600
.024980853
.027004509
.023572029
.023641945
.016203572
.019092680
.020280381
.020078174
.018880515
.019045388
.023773319
.019289721
.023390072
.022934865
.023617153
.026517470
.023556154
.019851259
.018931347
.020507922
.023231947
.020508297
.023953318
.022490660
.021774789
.019940091
.020515964
.022228495
.020761337
.021584873
.019336554
.021049460
.021771789
.021014793
.019945342
.012085262
.015675366
.017140774
.032320977
.022614618
.020500921
.020175965
.022702575
.024680897
.022966366
.023598570
.019970550
.019382844
.018216185
.016989193
.022194995
.018650307
.020592838
.017664063
.021443749
.018832556
.017873437
.026549094
.019975133
.023616444
.015828741
.018225559
.022195995
.021439374
.027031634
.019320512
.021822288
.018500517
.016436695
.020849711
.020644171
.021533791
.021104668
.020364298
.021243667
.023440779
.021581499
.019595010
.023516404
.026656427
.019762467
.019652677
.019064305
.020282089
.016215696
.021193626
.015178411
.023623028
.017051942
.027566088
.022404078
.019965258
.020373297
.023169031
.021969454
.027075050
.022448535
.021805456
.022547409
.037511405
.016851067
.026276137
.023750902
.021587582
.023256030
.021995204
.019760717
.019089430
.019313011
.021751081
.019933092
.021192126
.023048490
.017690063
.021937663
.028304293
.021366959
.023000198
.025455184
.025845474
.016270446
.016854526
.026426512
.023555821
.026506012
.018897306
.025809682
.019114513
.021967330
.025429643
.022368994
.023856527
.024463399
.013826628
.017027359
.016434404
.021701082
.024719730
.022699492
.020253465
.024200983
.023724736
.023522529
.018037144
.020943794
.019102597
.023049198
.020499839
.019107721
.021651665
.022309203
.018511308
.025075812
.021301792
.022265911
.025206810
.025243352
.018822265
.023425071
.023457613
.023333405
.018157227
.027717504
.019743510
.021214376
.025213727
.019757218
.026047973
.018389934
.017716896
.021245459
.027493089
.026400596
.020217215
.017618730
.020688087
.021770164
.024212692
.021843997
.021124459
.023498487
.025460851
.023517070
.019607469
.021582124
.022004496
.026355888
.024279483
.021324666
.020189007
.020876378
.024460315
.025530475
.019348053
.022930158
.020157632
.022399077
.020462339
.021299583
.020045757
.020460047
.021727581
.020920003
.022459244
.019804551
.022669992
.023883652
.022724492
.018778557
.020129090
.019389012
.017859604
.023247864
.024478481
.019638885
.018932514
.021000710
.020078258
.023493529
.019520761
.021653540
.022018871
.023013699
.026460053
.019218054
.018735265
.022626534
.021373750
.021294834
.020438339
.023933277
.012918050
.012246219
.011571516
.014815330
.027701546
.019360636
.019992591
.019794384
.021503123
.020289548
.018469726
.022834116
.020247798
.021822997
.020437297
.019069305
.021494499
.021753289
.019660218
.023539778
.022562909
.019624594
.022075038
.019007639
.022995990
.021354750
.020306256
.020283422
.020293923
.020476130
.019179679
.026731969
.023625528
.016472195
.022276328
.020413005
.020475255
.021885289
.023572904
.018243226
.016757735
.024294774
.020926481
.022166941
.021887775
.022096734
.015787042
.016262083
.019563199
.018410868
.023207256
.022284218
.018806479
