.041573255
.020315855
.021781904
.023688164
.020755356
.018866598
.019039348
.026816472
.020352313
.019419517
.034545512
.021656528
.020692231
.020221688
.020605231
.024142125
.019660601
.019445809
4.043416537
.034524845
.048348999
.026832513
.023780414
.022852659
4.036631627
.026853722
.023047327
.020489772
.019338933
.021273401
4.042899910
.031251078
.022607116
.021920321
.020651773
.022601616
.022446574
4.044858044
.029129858
.024813003
.025393923
.021192401
.020607648
.020477647
.047128160
.024042457
.021599111
.020146937
.021466610
.023403370
4.043694955
.033553631
4.054243801
4.050818075
.030682658
.029208150
.021803862
.021120942
.022655867
.020554023
.026332802
4.045088504
.035352516
.027315391
.020855691
.019987603
.019682893
.024581835
.019815102
.020411730
.020965983
.018999347
.019240849
.024866170
.027494350
4.068542000
.027110098
.028315604
.025831175
4.048937107
.026471844
.023641456
4.047092098
.027883685
.028564231
.023355579
4.040996399
.033631173
.025361464
.020056103
.026101092
.023103869
.020513981
.020942692
.020916649
.019196058
.020882024
.020884440
.024293792
.021545944
.020272105
4.034221197
.033867675
.020641731
4.058701365
.029696903
4.048834107
8.080347957
.031652580
.024812794
.021060317
.021191443
4.068101414
.027477891
.022314365
.019932519
.022180281
.021090067
.027624226
.023503288
.020595356
.024411001
.026312802
.017704341
4.067537912
.034193218
.027095765
.021079650
.021286360
.022111739
.023446704
.022241281
.022649450
.023465204
.022797326
.023283745
.022468366
.020921358
.016881378
.022752076
.021670820
.023211162
4.041710278
.032441293
.023572413
.020284313
.020875733
.028275062
.019649143
.021293943
.017080463
.025506173
.021894405
.023496288
.021220943
.020654648
.023959415
.022187781
.022914452
.020028270
.020661482
.021423402
.028006644
.024473793
4.047526850
.028449647
.022978827
.020639898
.024700835
.022306573
.021309276
.025679632
.019792977
.023448454
.018747138
.019741060
.043736809
.026602220
4.022017843
.022937160
.022102948
.020795732
.024339625
.019742310
.023795622
.019391309
.020486106
.025001504
4.060943085
.030009321
.028641981
.021004483
.025876800
.025041171
.024670461
.021460611
4.061391255
.040025206
.026510595
.021628236
.022198448
.017906301
.017996093
.021095692
.021793862
.021253651
4.029449757
.038073821
.025629090
.019429058
.023605288
.019884102
.022003321
.023781872
.023003827
.019344350
.026290760
.025526381
4.042882576
.026048426
.028404396
.022114489
.018769389
.021630070
.020553398
.039948831
.026551970
.024162708
.022912535
.019600684
.019797436
.020444439
.019894311
.023699788
.021453569
.025003920
.024032874
.021429194
8.063335161
.027892102
.023976498
.024080082
.021604487
.024357542
.020655814
.028234270
.022811951
.019313141
.022540824
.021752237
.019270766
.019952477
.020582814
.023301370
.023794497
.020123437
.023013785
.019909978
.019235766
.021146484
.020457731
.020967691
.018188802
.024528834
.021320943
.020623815
.020614398
.020026978
.020877357
.020481731
.023117952
.020091061
.019767935
.019895353
.020866774
4.051061451
.037000399
.022546866
.018706888
.020534522
.021549778
.018392803
.021724612
.020875565
.018114301
.019345892
.021427235
4.058781241
.030374782
.021000609
4.035168172
.028515503
4.047174469
.029757844
.025623778
.022022411
.025804052
.021633739
.019323625
.022420124
.022674224
.020390983
.018133530
.025542911
.018549324
.016791240
.023538767
.020492598
4.051522015
.035965671
.023597095
.018923288
.022396167
4.042135531
.033568399
.026028156
.021248567
.020367026
.022773589
4.052011177
.027674708
.026475822
.024641288
.032253773
.022076072
.024571544
4.060277060
.029330385
.022842916
.021912088
11.253718956
.036796885
.025857713
.018560281
.025195111
.020187335
.018765553
.019301128
.019884281
4.055589630
.027438772
.022628104
.024368230
.021252318
.021542748
.026545149
.021421343
.021786850
.017957380
.025017086
.021268524
.020394148
.019414992
.019150350
.022662808
.020443769
.021160118
.016385071
.024136669
.024870099
.019005488
4.051523015
.026265759
.028985584
.020970469
.024410643
.018690727
.018926413
.020456059
.018872751
.021651780
.046250405
.026712555
.023686997
.022918243
.020147187
4.040153729
.033838091
.025728924
.020483439
.022510157
4.058767283
.025897384
.025400881
.024201874
.020056229
.019325891
4.060059456
.031595955
.021390860
.024272958
.025591007
.020618023
.020394813
.020962733
4.041326860
.033940217
.024451459
.026984889
.021114692
4.045325380
.031423662
.026243760
.020896441
.020607314
4.048001769
.032136832
.021246901
.022095322
.017369881
4.046243301
.035533683
4.053507297
.029662403
.024687002
.024748669
.021691570
.021226401
.029345359
.028263979
.020396897
4.039886935
.029989905
.021663070
.027480600
.019435642
.019872644
.019325266
.020390897
.021734571
.019724643
.023862456
.018367637
.021130026
.024794378
.021473569
.018659596
.020172104
.021339277
.025172880
.023249120
.018486679
.018173552
.020562106
.020172229
.021172693
.021005233
4.049757195
.042266634
.024316459
.019688518
.018867097
.021495985
.025522590
4.053944258
.039273536
4.046886763
4.064081685
.030946659
.022736492
4.045840716
11.256705153
.030783408
4.055505932
.030121364
.026216426
.026674013
.024559085
.018470387
.018906015
4.045681881
.032106124
.022601950
.022211531
.020805107
4.047349848
4.054722887
.028661523
.020792566
.022091780
4.047134181
.027600059
.022953202
4.058379364
.033938008
.028600522
4.047979644
.030514032
.025788925
.024660961
.022169697
.020874483
.020595023
4.041587235
.033765715
.024574960
4.052065415
.032351042
.027397016
.021496903
