.902434964
.894033746
.904100189
.885441162
.902948102
.914668212
.895392769
.895958615
.892999365
4.893221173
.890939024
.881866965
.899336119
.867743534
.892365277
.886452954
.882203134
.890449121
.867408159
.901658827
8.891420981
.901656117
.885822833
.912132604
.889183648
.901591366
.894954105
4.884841561
.884175359
.890438238
.875998985
.883689209
4.881462940
.894242064
.880538638
.901688731
.899073849
.910878401
.893081607
.887306666
4.881595580
.906484008
.901928624
.876244839
.887936148
.910891603
.889616727
.902174731
.892775071
4.880118775
.903708132
.886007950
.889528446
.884504519
.898031557
.887621305
.882198814
.918119849
.894775165
.880066489
.899701184
.893074107
.867419776
.907546936
.894833459
.888679812
.894979774
.889782177
.890123932
.891178254
.923275947
.896021596
.861768404
.898940331
.899577542
.891528743
.881916960
.880559879
.881143541
.898942790
4.907893864
.882386859
.894428831
.892731702
.895284573
.879244241
.883910810
.916600185
.883715156
.879563251
.875844496
.894949913
4.879261055
.905237860
.886648188
.881510844
.926120088
.873259624
.899734356
.890022546
.875067049
.896728388
.899398855
.911953817
4.886042950
.909393509
.886288362
.901414903
.883724809
.895490392
.901896447
.875077113
.888314804
4.886564758
4.887717335
.906672940
.918372330
.888327286
.897583309
.885497306
.905728753
.915164396
.885605896
.902390819
.891716055
.886911485
.866469715
.881859223
.902424107
.884103944
.889472872
.873047659
.878871869
4.871955540
.878697393
.873624495
.893121106
.874631270
.886604936
.884006992
.878784786
.889888816
.889599226
.889802103
.889653549
.886652543
.887117419
.891280498
.902278002
.884298908
.888118393
.892706576
.900085963
.917505959
.931890186
.911160791
4.902946810
.885219714
.892289107
4.907314239
.878039645
.895014642
.905432837
.889898402
4.896601225
.892183905
.894785145
4.892559599
.884601431
.877096692
.890574549
.883762660
.877173734
4.886787790
.891628681
.876321588
.884592553
.881957899
.879225567
.906139182
.894757595
.888083723
.906841993
.891488020
.894696516
.889013085
.890588263
.875667192
.861272677
.895360549
.898388311
.897268814
.890448168
.875873461
.900466191
.884395959
.883870873
.885552250
.896802716
4.915612994
.892614117
.888371538
.903223687
.858184682
.910012704
.892160255
.907893784
4.910364560
.879440994
.890139421
.888635732
.891096088
.895346634
.889716319
.886700019
.908800988
.889270684
.908279771
.901069776
.873406403
.879807129
.896132152
.897683370
.890204061
.885580554
.886806897
.877483278
.887393438
.895322654
.895145659
.874616073
.886736056
.893553323
.896187128
.890771038
.876486408
.872744704
.885717744
.886761029
.877402580
.879321336
.899930791
.887577152
.894870044
.886475378
.884487068
.898829714
4.894963331
.897860419
.888149406
.895061356
.898076625
.904166331
.892835445
.873220691
.910976881
.900718069
.893135930
.875501539
.898316836
.888411246
.881943564
.913795000
4.887666180
.890843998
.880127303
.906982652
.916564777
.878433586
.879520469
.896682722
.882149869
.892891880
.877293067
4.861051276
.901849056
.899444162
.885778722
.890975162
.893189371
.887578126
4.890874423
.893834274
.890738977
4.878806656
.875714230
.893393944
.860003499
.886116732
.908143871
.883158415
.894768044
.884078636
.899699322
.896290020
.886763603
.905789092
.898743922
.914111694
.902667673
.875219284
.872671520
.873851233
.891517815
.896710666
.902189666
.887581489
.883037328
.887617980
.885153918
.882823925
.894334735
.870588708
.888833881
.913457912
.878623775
.889437022
.881960327
.879742714
.901444566
4.916539436
4.894849024
4.896095283
.880928880
4.901428961
4.882412462
.885786316
.871176439
.907926979
.894621475
.893764912
4.892127045
.897933134
.893714924
.893208608
.882469677
.895311921
.886642401
.890616407
.886233153
.887126253
.882265582
.898335826
.879564948
.870894680
.887368535
.903163943
4.892284879
.873081021
.901657352
.897422719
4.881305102
.882635657
.898336905
.899911323
4.883145650
.879763521
.871418124
.869166886
.887573818
4.915119754
.877705657
.893696360
.902042416
.871050584
.882268049
.897220623
.889886020
.896340560
.880966499
.881660373
.887438342
.893524723
.897705817
.894705036
.864861381
.867194599
.897253253
.874761558
4.896087371
.886793381
.885118547
.887881812
.889716453
.902720130
4.872664123
.882033173
4.888900708
.924246343
.900376492
.898139439
.893910698
.889820105
.893107424
.893732943
.889274240
.889250992
.887572044
.901510444
.896367970
.890219009
.903332791
4.891878665
.904982933
.874409159
.896463372
4.902264111
.916288775
4.880160156
.901722813
.884232266
.871384626
.891282339
.887398520
.903575464
4.893266973
.896348074
.878632849
.866629582
.891179751
.892491877
.898219166
.882426696
.873097683
4.895752444
.888267176
.875744697
.887512997
.891502099
.887121433
.888175613
.887781098
.887012576
.872935593
.870701910
.908469698
.905550490
.895849241
.931688042
.879991790
.880353270
.879529166
.900526200
.904670543
.896958929
.883841075
.886834747
.909935176
.887737183
.891290033
.887276584
.884269994
.896015889
.893885010
.898260748
.899430205
.881605323
.883730289
.890997456
.909928575
.897591102
.896397050
.890605635
.878676230
.873104836
.885582374
.898051355
.863529291
.887100072
4.884252816
.899592143
.890375201
.869482001
.904658488
.896983877
.888241511
.884053856
.898221653
4.879552985
.866779629
.891371694
.899535806
.898099718
4.884432253
.890755268
.877846751
.916526342
.879902676
.893193762
.884978642
.876621415
.897866849
4.922096590
.896897140
.902683104
.903866292
.897171536
.894873098
.877676442
.888630775
