.067838172
.045544929
4.081405500
.048717060
.043108070
.044746116
.043768881
.046651419
.046318118
.043477372
.040870133
.043648168
.044346313
.045517387
.042576723
.045166460
.045916773
.077255031
.044162019
.045205005
.045250006
.045276965
.044168310
4.073765829
11.295075462
.054394543
.047862994
.045435844
.047338771
.045726060
.049169861
.042896527
.047490650
.041768205
4.064740205
4.052649380
.064139222
.046363370
.043397581
.042234550
4.087103846
.053959282
.044389983
.044528029
.044390691
.046400954
.046430122
.068480316
.046133195
4.092301583
.045956316
.051248953
.045767561
.043493211
.043447918
4.097338214
.048170874
.049516950
4.073589971
.057956814
.042232559
.042236601
.045035422
8.116969043
.049185262
.045926768
.050644086
.043889013
.048640540
.046430072
.043364167
.047061907
.041325104
4.067533899
.057842735
.042359807
.043742300
.042314270
.040121798
.054992006
.062733699
.046389456
.041500541
4.083891317
4.088241565
.061426817
.044266547
8.123398583
4.084790456
.053164524
.049711769
4.073269705
.063969925
.043542403
.043245896
4.085194302
.048327817
.048010560
.050350953
.046194096
.048051269
.048102478
.048938749
.047694343
4.058440369
.055543084
.045468411
.047421669
.046648650
.050851590
.055401289
.044755934
.044411425
.047071869
4.069557944
.059775318
.045143403
.043877204
.048501530
.046528855
.042811676
.048378360
11.303801341
.053020060
12.140234980
.058226260
.049172496
.049907056
.047379827
.047457080
.048997575
.043498732
.050287024
.044693303
.044306169
.048078470
.044859142
4.064241664
.054670924
.044727721
.048355894
.043264852
.044025496
.047556916
.045949710
4.054659825
.058997613
.045249609
.046611851
4.086691698
.058712148
.041350347
.042736464
.043724572
4.068387751
.060015888
.048101596
.045458114
.046819523
.045966044
.053977407
.046293343
8.120584313
.057769833
.045339153
.044666012
.077927120
.050385515
8.095930430
.060884970
.047290151
4.067821515
.062371088
.057739812
.092296123
.051469165
.047952916
4.094324761
.063626535
.048106087
.046432714
.059576564
.051203785
.052794988
.052797947
4.067210551
4.077360051
.055851100
.047949432
.071027067
.058000829
.045833151
.044794045
.047625439
8.086605232
.066139975
4.082709531
.064859574
4.093465476
.057481202
4.083165655
.058578143
.046879298
4.090587246
4.077162408
.059192991
.064405981
.045378682
.048109867
.043040045
.041859936
.045926693
.045385223
.048485751
.045865067
.042587619
.045105342
4.094590214
4.077905592
.050056411
4.070605887
.095619346
.050143496
.048009282
4.078729986
.051937120
.045538559
4.078934530
.053204632
.042508571
.049506359
.046264011
.051283140
.051499728
4.066187489
.058518646
.057583377
4.091484959
.049869043
.059575998
.057508499
4.092273173
.061325464
4.085904735
.060895332
4.083721511
.054104523
.047562968
.046825702
.049634220
.043105790
.043957140
.051127293
.047203084
.043828347
.051618511
4.119425805
.052081605
.047381089
.053168420
.049749222
.050785286
.052956207
4.064129096
.046830160
.043539007
4.091297549
.045219751
.048907246
.044954329
.050406986
.056094273
.050183439
8.121138170
.058925625
.047558343
.046591072
.049235795
.045082623
4.072264396
.088665151
.050490595
.056988934
.046370387
.054097959
.064967302
.061346188
.052925144
.050149630
.045051903
.052466134
.046478014
.043768711
.043811836
.045236365
4.087547223
4.096083770
.047149319
.045639456
.050887520
.055381109
4.083527173
.066813399
4.086597772
4.096882775
.052669516
.041573811
.043632808
.047905428
.045394340
.046834995
.043183053
.048143270
.047602218
.044816874
.053510203
.046958792
.050727946
.045701769
.058564467
4.058600386
.054474439
.052849242
.048151571
4.065421475
.069282803
.045256101
.049773686
.045538440
.045390645
.042830389
.041719285
4.062201660
.059752582
4.087413984
8.105466465
.053221460
.044996305
8.110518230
.056960863
.065508649
.051879518
4.072689505
.049106591
.051345591
4.078508456
4.096573789
.052726522
.045682408
.052154478
.054120938
4.095443225
8.109923514
4.091063904
.045182585
.052735342
.044606408
.046808238
4.065392924
4.092605831
4.089566657
4.077413195
.049199030
.043925480
.046166227
.043632058
.047838131
.068979086
4.071571426
.056530826
.053335979
.049293199
4.077131898
4.090164451
4.080341840
.055693809
.070841923
.044959123
4.074018005
.054215341
.045070823
.044583275
.045401079
.046493146
.043731894
.045300503
.043462683
.057002770
.047319035
.044935795
.042764219
.048479059
.042022082
.045251467
.041406240
.046095443
.040726483
.041597288
.040863902
.042087088
4.073000991
4.087902035
.047025931
4.062182314
.044101093
.051029789
.046831054
4.084109758
.063998625
.044674561
.044086301
.047734861
.063838039
.051640257
.078036833
.053988724
.052714247
.050943220
.043550735
.054916780
.044804919
.053623969
4.073868433
.053931474
.050262960
.045727559
4.086982984
.051910819
.046309110
.043426525
.044066284
.041453079
.045923521
.047366417
.045321262
.046702408
.040296311
.042966976
8.105677210
4.081942041
.062420434
.048794980
4.086409650
.048755979
.051354811
4.069579523
.065034223
.052411535
4.073182364
4.081019467
.063088782
4.069332791
.056786270
.047534526
.051502827
.053545019
.046914194
.045530343
.044598789
.043803404
.042457637
.045992057
.045699102
4.062452684
.054995949
.087589598
.059330883
.054357651
.046774715
.048510281
.046950926
4.078952197
.074329385
.049226336
.048713662
.047802442
.051662286
4.061697401
.053222683
.045752123
.047449146
.048555078
.076951757
.085341529
.049371512
.053243475
4.065701416
.072096713
.056856778
.049695815
4.056861778
.065527011
.046399860
.040720166
.046333650
.056554484
.045492016
.045519349
.063984033
.046472027
