.037308456
.017519159
.019914882
.019405245
.022856951
.016914937
.017530160
.017180776
.024464738
.040167190
.022615636
.021581028
.017875854
.025156240
.018143527
.018072608
.017774559
4.040961202
.024387304
.018923879
.018508286
.020324455
.020030489
.018731500
.021585736
.021950245
.022401631
.018476494
4.042283859
4.042859380
.020415065
.022328917
.018989012
.020859271
.022143556
.022100930
.026742305
.019987372
.020463969
.018530410
.020538172
.016529565
.018206234
4.047464237
.021355677
.018008715
.017397074
.023677652
.022569624
.019317498
.018466017
.028372940
.017758624
.021255255
.018154466
.018924611
.018915903
.019401415
.019796009
.017691038
.020019347
.024243205
.017017354
.025101102
4.038558707
.027304322
.025880036
.021811057
.021876517
.023083089
.019078279
.020551192
.018864023
.018216506
.027480284
.018991735
.015648649
.022123148
.022117356
.019235741
.018704061
.019548874
.022574451
.021322711
.020063429
.024481375
.021932727
.017084811
.018297675
.017544822
.020346852
4.042866960
.029623256
.020144014
.020577816
.025733864
.019881465
4.043725619
.025527859
4.041421679
.030406192
.026062457
.019629501
4.046498515
.025096931
.018939900
.018629850
.026522468
.023621560
.018776562
.017420194
.021418838
.017032809
.017647825
.019100654
.019443080
.020259808
.017271398
.017680534
.018679435
.017026434
.018203130
.019439870
.020224557
.016659383
.019562123
.020266642
.020223724
.020436105
.018029210
4.043460020
.023709188
.020704111
.019137821
.018780895
.019675335
.016155620
.018312175
.018339176
.020462231
.018525222
.017440486
.016456586
.019291742
.018755812
.017416611
.020906366
.018893481
.019007151
.020455397
.017501446
.017429778
4.039271955
.025518651
.023246676
.028258374
.025855810
.020799885
.038449431
.019786335
.022579787
.021237083
.019208111
.021817100
.022074565
.019165152
.019380283
.021511258
.018128206
.020399686
.018695305
.020279182
.022986048
.021802599
.016294864
.019999215
.021646011
.022209026
.023991034
.021962312
.014433188
.016649498
.017513231
.016709750
.020826863
.021518008
.018852351
.020085927
.019973548
.023682900
.019411825
.021005576
.018924436
.019181485
.018892602
.018716972
.018275502
.020611149
.021972104
.020023342
.020249348
.021504091
.019081649
.020846865
.017660777
.018274419
.018444882
.022576411
.019817586
.020073926
.023754694
.020492938
.020374184
.017121512
.020947658
.015796017
.019000397
.020361600
.021112038
.018369713
.021763139
.016648165
.019641081
.020373935
.020300890
.022332988
.018561676
.020377518
4.051763128
.026474727
.023280347
.020890073
.018947479
.022606746
.016807504
.023444894
.020696902
.020444312
.017954535
.023473686
.018546926
.020072135
.015974438
.031677745
.024877558
.021708221
.020649484
.020163554
.019280779
.022855044
.025739916
.016906255
.016490495
.022065314
4.054286780
.025212192
.019631956
.023351975
.019659248
.020862656
.019215485
.022336030
.015532260
.018623303
.017459646
.017011508
.020014174
.019791919
.019857128
.021982437
.018669305
.020174054
.017677277
.022538077
.019435992
.020003590
.018509300
.022992881
.018131956
.018822850
.017242443
.022267378
.020938580
.025298343
.023589169
.024120893
.020769840
.022121336
.020298826
.016848562
.018507525
.024851663
.023885678
.020602210
.018521734
11.249860000
.027078438
.020511623
.022890288
.020459372
.019567966
4.049839873
.031363468
.023689899
4.036308964
.025686803
.021744145
.020622028
.018391128
.021284422
4.035893864
4.038323356
.033880034
.023119926
.021117201
.020507434
.019774412
4.050682487
.027940942
.022330528
.021654675
.021033949
.019544238
.016830367
.021699134
.019253272
.022866085
.019977168
4.057461930
.030343804
.021250830
.017638557
.016073595
.021563173
.014776557
.019384983
.020239758
.025201153
.023032257
.018248659
.020090629
.020421597
.020481140
.020072087
.017605889
.020424805
.016720822
.016008593
.022354654
4.035529152
.021298581
.021507879
.019564322
.018972638
4.046134336
.029962667
.021160286
.023164302
.022003852
.019913707
.019765827
.019855455
.021781553
.019312481
.019202229
.019787412
.019507987
.020629479
.019597032
.018700339
.026365395
.018786008
.024013660
.024663888
.021229829
.020436598
.015323906
.018715839
.019497070
.020461264
.019527446
.020108505
.026378938
.018518333
.022095646
.018838134
.018861510
.022082771
.021409334
.022844168
.020298051
.016612360
.020091462
.023697859
.020901028
.021642966
.019753619
.016175473
.019201062
.018740757
.018392955
.019916083
.016940454
.020393638
.018062861
.020578060
.019262272
.020943154
.022513283
.018562293
4.052319892
.032782542
.020549934
.021122451
.024319420
.020716064
.017742935
.025359616
.018318411
4.041868461
.027216338
.021243163
.016632486
.018041069
.021971684
.019910832
.019751411
.020506308
.020162173
.018190823
4.044067560
.036275674
.025124214
.027202026
.018057501
.021469937
.019677425
.015957021
.018989237
.018787731
.018282799
.019000654
.025673396
.017960499
.020043228
.018923902
.017647947
.021443103
.022612346
.019317789
.021108926
.018221798
.016759129
.019641465
.018804898
.019879472
.019548463
.018738272
.020748832
.025662729
.017319854
.017194184
.022678598
.020445323
.020010226
.018397136
.021723777
.022204417
.017939081
.020714123
.031916167
.035537221
.022094015
.020321585
.020763557
.018928916
.017040942
.020244874
.019043504
.022660032
.022315604
.022663990
.016799560
.019165424
.019432682
.021308823
.020380295
.020244749
.019540561
.041990502
.028838055
.023564102
.019047296
.018663283
.039469883
.022261270
.019014211
.018576990
.016624388
.019253760
