.028988487
.007428856
.011316040
.016911250
.014974265
.015025389
.015286048
.014436824
.015546177
.013327745
.014838952
.015482934
.016444823
.014169054
.014649749
.014270733
.016161514
.014793552
.021791151
.015548614
.013994616
.012055461
.014164208
.014442118
.016520438
.015389634
.015002019
.015525923
.012518252
.013369077
.014972994
.014966661
.017144688
.016179047
.013258037
.012770843
.016406223
.013666082
.014691390
.014824970
.014525727
.016362266
.017665501
.013225981
.012701743
.013071026
.014297122
.015188018
.015381930
.015091410
.015450943
.016101637
.015578566
.015338987
.015873308
.012973207
.016317897
.015387584
.015177381
.015112381
.014256067
.017300251
.017353766
.016551991
.015097646
.013950378
.014084292
.014286246
.014627614
.014344799
.015896394
.015539651
.013010867
.016719419
.015615607
.014624836
.016313525
.012847548
.014940801
.015737911
.015212129
.014607307
.012670178
.014109287
.013299510
.013497757
.015448639
.015003938
.013891875
.014107916
.015487735
.014335296
.017425576
.015032242
.014223590
.015323237
.014515097
.016151737
.014787301
.015299709
.015025255
.018237370
.013301909
.012476808
.015052184
.017922682
.016340331
.018811709
.015019643
.015938004
.013861505
.009595401
.014892532
.013414138
.014439039
.015911434
.008516464
.015418829
.013800643
.015628909
.012675492
.015570494
.014752588
.014858432
.016140749
.017286900
.016235748
.014590602
.016622659
.015955001
.015581852
.014808444
.014301658
.014450324
.015506894
.010484997
.014080370
.013719260
.016373146
.015242910
.015599571
.014966121
.015362074
.013541395
.013435981
.014932174
.014715968
.015990371
.016491991
.015045548
.015924343
.012828581
.014475523
.015328515
.015302056
.014485064
.017346328
.015489524
.013003130
.014418492
.014875989
.016759347
.014799323
.017086051
.011978565
.014453544
.013664842
.015497286
.015675076
.014322587
.013547142
.014304098
.015225965
.015121716
.013591978
.015093175
.014837385
.015960471
.014279483
.014404441
.014923229
.014248942
.018695452
.014796479
.015106321
.015639318
.017322974
.013912496
.008500363
.011471511
.016370938
.015446621
.013899713
.014318752
.013878714
.014328336
.013180051
.014653751
.014259679
.017387831
.015037592
.015092175
.013848890
.014025847
.014059063
.012933736
.013464900
.016057890
.010334622
.012420446
.013584358
.008512844
.008270762
.013017161
.014659697
.015385777
.014555781
.016265024
.014917330
.016442368
.015217371
.015841619
.017771239
.014601623
.014909705
.014220049
.016443336
.016199337
.013966551
.015567255
.009098479
.012372596
.013792059
.013870310
.014972724
.016761513
.014400434
.017323136
.011790445
.015908024
.015445524
.016423065
.015759774
.015832273
.014631817
.015141783
.008963912
.012172160
.014017576
.014987617
.014428492
.016259366
.015378834
.013776251
.016933252
.014749167
.013904834
.017167584
.014474296
.015492843
.014918426
.014262759
.013607426
.015703718
.014747968
.015650436
.016370187
.016712520
.014464643
.013855268
.013685933
.013938143
.012222188
.013642983
.013476733
.014258775
.016987698
.016433863
.014334151
.015025910
.013958200
.019512379
.016326289
.015512703
.014227534
.013401873
.016445464
.008249566
.013185789
.014152291
.017523801
.013880290
.016788058
.015429303
.014193174
.016347557
.007693860
.007580151
.014974219
.015206311
.016659441
.014716725
.020088580
.014415766
.014912268
.018286372
.013133476
.015889905
.015120652
.016216573
.016280032
.014466482
.015546162
.020223227
.016583000
.015526370
.015824621
.015849496
.014848283
.016541300
.014515247
.016388466
.014997458
.015191126
.015173917
.015964463
.015458843
.015533178
.013116538
.015268759
.015284509
.015078757
.014654012
.016300315
.016378190
.016999778
.018851915
.014161842
.015327933
.013967973
.012263878
.013993974
.016351615
.009128564
.012411795
.009407525
.017534298
.012662970
.014501984
.016347206
.016782875
.012691762
.012799638
.015730500
.013526733
.016713633
.014986244
.008802862
.009640410
.012960151
.013347113
.014756624
.013919909
.013809491
.014081952
.014420872
.010334258
.014308419
.015686639
.018043285
.015034050
.008922913
.012411277
.014365926
.013924088
.012431325
.014031839
.015161975
.013070914
.012113863
.016472744
.014722769
.016783664
.015167023
.014610601
.015568402
.016263624
.009948976
.015961330
.015678202
.015848245
.013362011
.015859454
.015495540
.020092213
.010426569
.012383882
.012272005
.009952356
.014085191
.013261438
.015950302
.014699079
.021987451
.013381314
.016173304
.016260679
.017192239
.015439927
.012701645
.015164049
.019564849
.009703445
.010483370
.015823938
.015462517
.015508476
.014338129
.016381695
.013866165
.014429963
.016940000
.016506495
.014316259
.017439089
.015806694
.015718860
.014357599
.014896856
.016075078
.015812867
.012334073
.014797105
.015244860
.014037517
.015647246
.014558940
.014119851
.016042626
.016366256
.015293034
.017642154
.014451569
.013540890
.013672809
.014495070
.010104553
.012846511
.009858053
.017027444
.012672925
.016608854
.014609452
.013904567
.009164339
.008427203
.014242078
.016305440
.014469622
.016030894
.016126979
.015867148
.018621396
.016838287
.013154316
.015924523
.014086497
.015699228
.014236004
.016066823
.013953375
.015646442
.019013492
.014151336
.015411860
.014262134
.013271036
.013556874
.011972808
.015193065
.015715615
.014490893
.013707797
.012489528
.012743240
.013983677
.015704953
.012580904
.011963900
.014008141
.014835445
.013669968
.016637641
.014807362
.016545889
.015404584
.015159414
.013405135
.015400418
.016218514
