.486605453
.463931357
.500645104
.475398305
.471607071
.485640188
.496564495
.475710878
.491423168
.492448781
.488561884
4.505063070
.477637314
.491446693
.492284091
4.479627718
.500424432
.474051120
.494800711
.495337047
.487171225
.498730614
.478008645
.487775561
.483476607
.466377378
.500787086
.484103653
.475072701
.479288112
.475038367
.486112170
.457541760
.490592541
.474619280
.480933625
.470165992
.490187537
.483506147
.482680223
.475500912
.492670808
.474175067
.475414411
.472497095
.461079373
.498805318
.487539515
.488454564
.466640128
.481976717
.475002200
.489631116
.475758748
.456685211
.501648592
.478014934
.494312488
.486976718
.490241663
.478660234
.491467724
.465842033
.469247439
.476577005
.498455914
.461413701
.476616589
.474017274
.488692658
.478102062
.473679979
.473035056
4.490345508
.500597308
.492412400
.487941806
.487409181
.492215714
.473798082
.475350819
.489500121
.481967496
.496520208
.480036136
.501277938
.482333783
.469950164
.452047885
.484077298
.486245243
.490382949
.489998927
.476568856
.487027445
.477786985
.481507963
.495900211
.448614888
4.492017868
.502858197
.465523218
.476942687
.491344502
.472591069
.472630918
4.497739792
.472711252
4.482346475
.466363724
.466043158
.489549635
4.461570801
.479516725
.478686514
.492853650
.482286682
.474283342
.476768314
.471567900
4.479574179
.495528712
.498234561
.479746127
.481482024
.487322738
.459040695
.494668433
4.483202709
.459657432
.491087997
.479894120
.478775732
.475437145
.477281036
4.478127623
.469673190
8.485940285
.481516237
.472843279
.497660598
11.688916863
.478413372
4.482376443
.481428817
.466145798
.484199093
4.501271164
.482468786
.495228448
.467484268
.496956673
4.512428322
.485021862
.476619932
.483103701
.470814409
.496587535
.484194051
.510748250
.491949182
.467903842
.487460977
.477655842
.492887881
.474060899
.484359274
.455774375
.460770679
.475644498
.484940215
.486806357
.471182944
.462596312
.489702800
.482131929
.473880843
.474077137
.476156157
.470446307
.483358815
4.477395345
.474443972
.498240800
.468627954
.494556637
.485092831
.487435439
.485156749
.483591274
.472108990
.493636086
.479624233
.466191553
.457765467
.480280615
.483731234
.487860068
.505657002
.463187022
.484152447
.480851371
.479438940
.487717525
.495654398
.490920892
.473337627
4.480509721
.465017284
.493026640
.491129631
.483984302
.476328989
.479304214
.502623255
.476857578
.487415707
.487957301
4.478377449
.481927084
.471634756
.470957454
.481729612
.464753754
.492220807
.492214514
11.711260464
.476373749
.487853167
.487080367
.465104373
.500848104
.454770009
.480745172
.493530856
.490826409
.497580484
.483738831
.488331006
.496485263
4.482518695
.501720072
.469974761
.486402277
.490656157
.494484075
.483461243
.489027889
.516360401
.488341131
.476352790
.492195861
.481113007
.491209202
.477200406
.497693428
.498764753
.485768158
.477353196
.481942623
.487223326
.482783437
.466602008
.505408468
.498978058
.502532017
.484112430
.494397301
.490837467
.469516024
.481435009
.493354774
.471305118
.510350409
.496108726
.478586999
.485189623
.472692400
4.468950287
.477394313
.498976410
.480762042
.502176888
.480692107
.455176237
.471658902
.481627859
.502707040
.496362249
.480085708
.476441327
.475272479
.494278926
.472540234
.473660664
.489841660
.459625736
.486622744
.485570189
.482095645
.503858671
.469254940
.478197220
.497683051
.479388693
4.481258686
.492412942
.501897770
.490103246
.507955763
.487969511
.475099098
.476087943
.482942030
.485134641
.498776731
.493599624
.470802918
.477326750
.473722997
.473953624
.486001902
.465576561
.483733040
.476252469
.465326070
.505397456
.495646869
4.481928833
.484087586
.474732359
4.478834953
.484637766
.476126398
4.487947363
.466006126
.466769427
4.451708282
.486590108
4.487183790
.467445143
.472867882
.487541579
.488050627
.477058188
.505699655
.482904309
.483067144
.479758141
.493274323
.478557917
.492303976
.472909841
4.485738603
.472704088
4.482537426
.483246204
.484343852
.481486181
.478998605
.482655490
.486593171
.500119029
.491213569
.459576830
.505184850
.482161775
.496370823
.495789293
.480101362
.476529458
4.507195632
.502882664
.477530495
4.507353324
.484433754
.468288801
.502246136
.488819434
.485274421
.495276358
.478398857
.495511318
.487029483
.481463066
.483770183
.477180043
.481197102
.487367527
.479753914
.492273975
.495724817
.514405637
.459322569
.475853189
.488680504
.495180226
4.488873177
.481469064
.498632985
.488724505
.475102719
.481906529
.481977905
.484807363
.480751636
.498808905
.484665986
.474875174
.486138091
.489030301
4.489230765
.478024262
.488588503
.484289647
.490519657
.491509716
.486487177
.468673994
.494725360
.470766972
.470186238
.471448513
.493158341
.503081594
.486998821
.478525278
.487920380
.477705656
.474945563
.477775321
.473255062
.508791896
4.477263685
.463875551
.483350183
.482580836
.498645876
.488180961
.478426809
4.496051755
.468184272
.488038162
.504253290
.484333271
4.489954143
.482900249
.477933505
.464554798
.482404825
.482144779
.471030898
.489279599
4.494198457
.485423872
.487476320
.503327691
.472452962
.473510436
.481877650
.494824392
.466321408
.482497826
.495557279
.465480145
.470780227
4.476941532
.490411955
.462817395
.461613453
.470085688
.464400850
.468025600
.481234165
.493131810
.479856687
.466602531
.511778396
.489591035
.481247420
.481694912
.504753525
.475142611
.500413845
.468133562
.494977201
.501184465
4.464295640
.473416334
.480642784
.476591218
.498207651
.481329835
4.504771268
.475589283
.466740556
.498146398
.486866591
.473355163
.493513740
