.685984963
.722856257
.748038578
.686651145
.685810035
.730040762
.704499055
4.701737549
.707898365
.670983818
.717954784
.697817486
.683470947
.708184731
.700321817
.702653841
.718218673
4.706930666
.700241516
11.901404494
.663066155
.701656240
.656682447
.668727335
.697903311
.706964749
.710561284
.673922377
.695778839
.692236562
.707453752
.713768499
.705294105
.725457953
.717621248
.699855375
.696065639
.699147760
.695669979
.706913772
.693296914
.725625091
.685987736
.680168740
.687107288
.699901893
.700914772
.725131348
.686355389
.716056316
.707539549
.707150699
.679006725
.705789635
.670922539
.679475608
.700298551
.705693999
.685281335
.699823289
.718515433
.701467970
.709391732
4.712972678
.697765715
.713323436
.700649135
.679447448
.690680543
.666844466
4.704018498
.667996463
.707588899
.714606263
.686980885
.664704721
.712975707
.704478134
.717268057
.725965802
.672917767
.692008236
.695256576
.697943979
.714501365
.701403167
4.736078812
.699510567
.697257880
.718108339
4.714004440
.693661668
4.711940506
.704535675
.726784555
.743629843
.707482527
.711952988
.694881530
.697540145
