.044597138
.021639610
.019573455
.020556864
.020351399
.024068609
.017779645
.018525378
.018686092
.019629625
.017144290
.017679308
.021820116
.019695793
.021110008
.037481015
.028128533
.021087295
.020548235
.023824887
.019356111
.021962242
.021175173
.024552120
.017530758
.021681815
.016809733
.020899039
.018800635
4.052780019
.029556414
4.045514195
.030179060
4.050027224
.027781771
.023527086
.021329345
.024691959
.025277437
.019473907
.024686125
.020292184
.020764868
.021724150
.019816544
.018541167
.020877913
.023319953
.019692748
.023798803
.024288736
.020722575
.023175824
.019413364
.018246491
.024863131
.019629204
.023808262
.022200749
.021807611
.023010985
.016597602
.021855655
4.049761258
.032224046
.024355656
.022930232
.022022285
.022443132
.024119564
.020901581
.019168146
4.045850668
.028867183
4.055345947
.031764738
.024214484
.023665840
.020008133
.020969041
.023140239
.020811911
.020015217
.024655791
.022466800
.025311646
.020704199
.028346456
.018074318
.019161855
.017972606
.019747208
4.053878730
.026072546
.023291577
.019720832
.021044335
.020219557
4.033726384
.031799336
.031230902
.022433362
.026605541
.022116477
.024867359
.019255175
.019686733
.018928917
.018349106
.020375423
.020132582
.018838498
.022381239
.021886139
.024972411
.021536172
.017856426
.020216003
.021296372
.019394018
.020729270
.024428145
.025429887
.021097577
.023773415
.022511706
.020039124
.020225922
.021573260
.023725873
.018281317
.019284143
.017945723
.022918389
.021750850
.020083503
.023565661
.021582886
.019741741
.019188890
.022999642
.020942865
.019674865
.019778868
.019793203
.024563736
.023161190
.021053994
.022786761
.020876864
.020834197
.022456417
.027588255
.020312929
.024177850
.021989277
.022845555
.019238269
.019967168
.022909974
.021321838
.022009111
.017987685
4.048503459
.033434119
.021290629
.019382066
.022411917
.024262229
.022054614
.023941510
.029411943
.022502503
.025200052
.023089690
.019815372
.024212477
.018899008
.020934076
.025593107
.025476395
.029810041
.019098265
.026421427
.020980911
.018287362
.031495388
.020551272
.020608566
.023881174
.024809665
.021588181
.022338582
.020022879
.021321631
.020882992
.021409217
4.046742358
.040656071
.021344007
.022384291
.040371546
.021541797
.030445467
.023948419
4.062411404
.024913743
.021904227
4.040805974
.035834731
.024863700
.026464961
.026270497
.022218737
.021304498
.020185087
.023136227
.022994763
.020696270
.022716504
.022911135
.017542874
.019763781
.017707672
.018167103
.017659003
4.043900520
.022033606
.021671511
.021156994
.018378568
.022031439
.018445946
.021247039
.023843000
.021355834
.024065174
.027319407
.020906819
4.041684742
.029468770
.025260172
.019424020
.017920886
.023065849
.020664353
.021501214
.019723113
.021516381
.021890351
.021024490
.017839092
.019086884
.020963612
.021069907
.023397319
.048668782
.025685727
4.041884083
.035139708
.024643902
4.049544670
.030795314
.022193237
.019381018
.023368693
.022125610
.019693070
.020253131
.017585709
.019307683
.017933553
.022667670
.019838700
.020615601
.019057925
.020114626
.026803515
.019183137
.023888751
.038091181
.021046741
.020743188
.026596591
.027667460
.021077032
.024604858
.023266355
.020262673
.019813700
.020884110
.019594609
.021446836
.021968813
.019037549
.019332350
.019914495
4.043592152
.035354741
4.026922951
.029363788
.023414762
.021883587
.022814908
.020059695
.020853428
.022519775
.020987601
.022382813
.022886121
.020897806
.017257979
.021777252
.016630751
.018883115
.019545014
.021674124
.024255459
.024003367
.018049172
.017098184
.020671633
.022954126
.019165210
.019615683
.023987868
.022608698
.021203401
.022504819
.021845965
.023326764
.022462693
.020140117
.020645009
.018879284
.020443586
.023360015
.020066615
.021143817
.020788764
4.058007236
.025719886
.020306291
4.042406637
.025882225
.018619445
.021977596
.019523016
.022039973
.021488413
.023404268
.024279338
.018319768
.020546049
.024935068
4.051722355
.024668476
.021936595
.021065066
.020329251
.020114910
.024362508
.022571116
.022002514
.019160462
.026153900
.021449787
.019077751
.017719873
.020322376
.019398553
.022359942
.021035024
.019227547
.022744122
.017039767
.022171478
.021033357
.022771664
.020294458
.020585384
.025644842
.025043656
.019828276
.019383803
.021702587
.022776706
.024036289
.021343159
4.042864572
.030289786
.024024455
.023862992
.023227596
.020928062
4.048510466
.031846753
.025953394
.020674345
.024278505
.023387059
.020063283
4.047211465
.032081928
.027503194
.022255814
.019006790
.018351352
.020544758
.019578851
.022413902
.019107294
.021240656
.023399518
.019937780
.020318626
.018500358
.015963358
.017892337
.043156022
.023790854
.025036145
.021660243
.021518363
.020811382
.024040987
4.041980045
4.045527328
.021218979
.026385063
.021003014
.019650428
.018742149
4.063728750
.024926182
.020052275
.018437264
.020544582
.019162787
.018103795
4.038981699
.026208890
.025507993
.020389494
.020757339
.028899353
.020391910
.023609723
.020018690
4.039271115
.031245957
.021232065
4.030155337
.034453234
.024370005
.020530261
.019121092
.024570302
.022734792
.022575829
.019140556
4.044949961
.031836966
4.035238840
.032784418
.021355722
.022933438
.022041702
.022945481
.021599646
.023276616
.021625731
.022224625
.017992073
.017632353
.016565402
.027175407
.021519144
4.058604081
.024676954
.019569249
.019593708
.022895814
.018178205
.021248594
.019688170
4.061638827
.022106872
.022142248
.021368723
.026969318
.024430613
.021542396
.021444601
.019434286
.017449390
.021875656
.022068495
.023716382
.022333795
