.037665110
.024613252
.020502814
4.043510079
.030303614
.022320031
.023128870
.021999905
.018779597
.020078062
.019740935
.026267177
.023028826
.018247052
.017441340
.023379120
.020476147
.018866681
.018370303
.020444939
.021899363
.021437569
.020177937
.018774388
.022364282
.022143781
4.038792221
4.047927101
.030077113
.022756992
.021436110
.026805847
.022030572
4.046094842
.023139536
.032285208
.028365688
.025255797
.019486267
.020294230
.019292683
.028386022
.017322881
.020539522
.020267938
.043827369
.028119136
.029113164
.024629686
.024880474
4.036848906
.045245054
.025197886
4.049102907
.027713640
.026334453
.019589716
.022181012
.021351233
.019397636
.021756144
.020825782
.019799421
.020556452
.019191889
.018399151
.021434273
.022818504
.018697313
.018977809
.023231289
.021043571
.021629520
.026120580
.018623355
.027059358
.022942168
.021453648
.022582799
.019564009
4.048287936
.030753722
4.049349835
.031750291
.024332440
.022878253
.024234399
4.047571527
.028211342
4.037248634
.029215327
.023227622
.029588405
4.047526944
.025329550
.027510435
.025651796
.027835556
.020834699
.019393803
.025669879
.022544299
.021998140
.023729657
.018877352
.020765367
.022801171
.019899337
.023073124
.020304290
4.044276909
.030269395
.026366118
.025990999
4.042160355
.026803987
.022955127
.026757905
.022470759
.022109680
.027639516
.019707757
4.048631901
.029222669
.026264253
.020328752
.018979439
.019030187
.019430848
.021744108
.018333323
.018349739
.019557222
.022207183
.016909384
.017642499
.024563233
.020026423
.027963059
.020500457
.020731453
.018883938
4.048092334
.022531051
.029119748
.030763432
.022109723
.026131082
.020593662
.025114222
.022840213
.024205568
.018818854
.022774963
.027451312
.027815765
.020696827
.025723879
.031254507
.019779340
.022753088
.018748605
4.039578575
.031322965
.031544670
.022974336
.022054557
.020334373
.021684562
.022627091
.021350942
.017964157
.024857058
.022051140
.021549189
.019915754
.022047348
.018407901
.023905613
.023761074
.018602315
.018092281
.022594424
.021032946
.022539633
.019643175
.020348290
.018496608
.020050794
.021549980
.020344414
.020027420
.022077932
.061182784
.025162137
.029006998
.019488219
.023390621
.023471078
.025421633
.021292526
.020327207
4.052153269
.028865042
.022458717
.020416788
.019184014
.023740074
.021302901
.018408109
.020930448
.022216596
.023284706
4.043828180
4.053599164
.037745788
.023649950
.025739712
.020773117
.020547829
.022349594
.022315886
.022906337
.020127417
.019326679
.022481301
.019046350
.024066820
.020506121
.019190681
.018997642
.019897713
.022583341
.021762019
4.037529396
.029695280
.025279636
.019784340
.029232869
.023735283
.020833158
.020838741
4.045395866
.028865792
.023060875
.023531577
.023188582
.018378152
4.051473195
.032647654
.021250485
4.047359546
.027658143
.024469272
.025085722
.017748911
.020513247
.019879214
.020409039
4.057078784
.031900128
.023908408
.018216490
.023704162
11.247478584
.024377691
.022518426
.025266928
.021597939
.052862833
.029002463
.021733400
.022198477
.021225490
.035337369
.028985418
4.044996269
.032296412
.027390899
.024005114
.024141529
.019754758
4.050452738
4.045169080
.038210334
.029624081
.024079283
.024291031
.037569257
.027569649
.032888282
.024928895
.030123696
.022720885
.031053474
.028031892
.023175753
.020904202
.020384668
.023853285
.023315126
.023444666
.021706524
.043487297
.022298391
.024251279
.021396861
.024702148
.023261668
.023215169
.024156114
.022862924
.022763967
4.041480433
.025526428
.025979962
4.040726883
.038562287
.027704358
.023523625
.020310170
.023079257
.020771455
4.043299535
.029260918
.029771952
4.064602307
.031441220
.024523819
.023932868
.018511695
.022966507
.022521055
.026144545
.019316517
.025450972
.018640319
.024906980
.024465611
.028751175
.040671298
.023644539
.030818645
4.045054443
.028448887
4.044612822
.023515083
.028914131
.027340237
.021493487
.024972146
4.071232777
.030879853
.025446763
.020505500
.022378265
.019527681
.021640192
.037140347
.042662106
.020318588
4.046696499
.022781554
.026135464
.021403906
.027731984
.018649612
.017183883
.021131744
.023286212
.020479461
4.059397568
.025517473
.032403501
.031116936
4.053390485
.033165657
.028686720
.020895955
.020199881
.020229714
.020654126
.023930663
.018187493
.022753637
.024403197
.022622139
.024111826
.024551029
.018927441
.023587708
.021846067
4.063773298
.033696650
.023488001
.021796651
.022895635
.023640916
.022692888
.031189727
.030186407
.026631499
.020378754
.023396170
.022731887
.022652014
.024685235
.027130450
.030339988
.025209519
.027923439
.022410267
.025449891
.022147354
4.034762790
.025859051
.021648319
.029014507
.024973814
.020170757
.022124146
.026122132
.041710123
.030835693
.025796305
.020705501
.021139829
.022025649
.020461213
.021102704
.021488699
.019627558
4.039083344
.033054911
.023637918
4.056321353
.032422087
.025536808
.025741222
.021257160
.019991095
.019780431
.021626738
.021618822
.023347297
4.060613612
.028215316
4.045966826
4.043788923
.032876961
.027672366
.024236915
.022773268
.024847906
.020833544
.021324037
.020576132
.024432161
.024827239
.022303732
.021643033
.023368259
.020111179
.020916459
4.043793122
.025886598
.023961250
.029645588
.021014749
4.047514113
.030267412
.024302870
.022143816
.018686823
.018472410
.019132817
4.050886503
4.058824014
.031780266
.025134441
.023231802
.026202927
.020901917
.019369147
.025455771
.023868209
.018044499
4.038101758
.023030095
.026067178
4.057890483
.034368854
.023909501
.025746142
.022335564
.022528145
11.242922745
.029876584
4.043157688
.037590435
