.665388777
.651084482
.635808148
.645600105
.644250383
.659817332
.643375452
.650050329
.658627331
.645981580
.645531909
.645730207
.653362833
.653752849
.645409125
.648611827
.641421609
.652940326
.640869391
.648683140
.637921017
.644903295
.651649499
.641854414
.647307803
.644363183
.646208268
.641924353
.656429750
.649190713
.639601259
.644120913
.645722660
.638970233
.653008000
.645784535
.650294623
.648875281
.649839695
.647283467
.650907380
.651540351
.645956027
.654525916
.651347341
.653073749
.645156162
.647330035
.652986431
.641764374
.644461407
.653686975
.646519134
.655024328
.648516788
.642586773
.655412052
.651652370
.646743678
.657871001
.649213959
.642134143
.664494770
.649898215
.647840489
.647969549
.650826554
.660873980
.650400753
.651204489
.659557292
.648267372
.650878962
.651889537
.649613931
.642682632
4.648164944
.646142950
.650282334
.648139173
.649563612
.640724006
.651873178
.651194903
.661519073
.650294916
.653286009
.643327298
.643311642
.651965757
.650168503
.643253550
.641634983
.648343906
.652879206
.652795756
.650387540
.650199112
.642659486
.652963258
.641593792
.646777193
.649149910
.654664089
.642169232
.661088402
.653106230
.643663684
.650119993
.640977144
.644203174
.658526966
.647614130
.643430223
.647650749
.652015416
.651979256
.644446757
.642353033
.641994219
.655842677
.648580173
.646125552
.645827770
4.652473671
.652926052
.655890502
.648931029
.668880398
.642222525
.641819692
.645700841
.650071860
.642839527
.655845506
.644703139
.647087338
.647197833
.650547475
.646352056
.649916101
.647936617
.654268529
.647652607
.650313690
.646837131
.649453698
.640705159
.660101278
.653667374
.643635372
.662776490
.646935539
.649404599
.652750573
.643017002
.647516896
.652786251
.647416030
.645837345
.649177775
.650556436
.646658614
.654265362
.661191469
.647869471
.642139380
.659006627
.647333002
.643255039
.655159155
.652148542
.647282527
.652709434
.635870780
.644834724
.650885127
.643969231
.640191449
.648747675
.648569867
.650873457
.654151825
.643314600
.660469982
.651092571
.654642986
.648652556
.643310662
.657612957
.650539882
.645002754
.656928911
.649787535
.653624987
.648495286
.649597678
.638460331
.647702059
4.660546968
.658843656
.661731611
.647423190
.659338054
.648786240
.643074173
.653646364
.661632265
.645470856
.651973732
.642081629
.640687700
4.645720856
.647001053
.636002431
.651438873
.653858683
.646311631
4.654716470
.651630397
.650157708
.654782218
.637771284
.646585540
.647718728
.646580749
.645749725
.650285641
.645741266
.644867653
.652602606
.647261461
.654305407
.655696419
.652345739
.644003376
.654063813
.650535130
.649612603
.644640671
4.654109470
.654503784
.649383764
.654037688
.650691592
.644941804
.652653898
.639851742
.646985154
.662487553
.649654729
.637695556
.653728595
.652270137
.648198355
.651004309
.637627679
.642991790
.649665605
.645299355
.641165363
.655391559
.651412196
.652845862
.634562634
.651281859
.644167115
4.657165266
.650618965
.650279247
.647664256
.641888467
.653592300
.635620956
.644284077
.660760462
4.651102302
.643783437
.646692145
.656695097
.652592397
.657913714
4.642201965
.644372037
.646154171
.649942029
.645576530
.648169646
.652922239
.648610992
.644514375
.649681022
.647892596
.654632871
.652086632
.646025960
.648766704
.640462885
.655268056
.648396527
.651920252
.642844245
.648113727
.654749958
.651510032
.660393618
4.653185777
.654984673
4.650397698
.648307900
.654303445
.645886998
.646816566
.648311274
.634957895
.641193239
.646533808
.634448922
.648769871
.649271052
.643161003
.648750371
.652622106
.651628285
.650259413
.659948105
.643063708
.640151709
.654679248
.646854692
.645213645
.664970374
.647163950
4.655870979
.641558207
.659482301
.644677714
.643691560
.644687838
.650199454
.638860881
.649885819
.648910292
.647992057
.652840195
.647547878
.643788104
.649035295
.646532307
4.648754068
.640351048
.658794906
.652045173
4.651596566
.648061851
4.647819250
.670883584
.650464127
.643110586
.655099801
.657374491
.641363369
.645113808
.644952304
.647854720
.650143368
.643472387
.645365566
.654992507
.649161174
.647672965
.641708546
.650226829
.654019270
.642504901
.648414527
.650853056
.645685116
.660838506
.645028223
.647276495
.652841529
.647899846
.641901009
.658672486
.650245121
.650781012
4.655342005
.636748571
.647718175
.655030023
.656211175
.653948143
4.649261646
.655009108
.644232404
.650042391
.647008823
.643932298
.637837812
.649369615
4.642839171
.648871663
.641799104
.665644782
.649778528
.636942727
.649975611
.657750454
.648444550
.649314260
.648405141
.639759315
.651218392
.646837255
.643951557
.646632420
.641941907
.657328282
.652776223
.648107995
.646983670
.655618066
.641349523
.649043279
.645333923
.649301657
.645787222
4.655604748
.654357540
.639237601
.661326908
.653287907
.646978251
.663043155
.647069322
.641359361
.647136008
.646502206
.663338333
.650036793
.648048161
.656938747
.641898342
4.640748010
.646017191
.647266781
.639070223
.647033138
.650202686
.645693804
.649452215
.657154000
.647100194
.642876119
.646601236
.648734677
.653012122
.669462792
.647086541
.644483309
.657411677
.650041359
.644919055
.659466405
.657420753
.647233710
.643393524
.660309198
.647868090
.645270064
.646739422
.643869419
.645482620
.650742597
.654528988
.635727414
.648734753
.650116756
.639621627
.651076237
.659892107
.642079352
.652807536
.650799986
.650833156
.646345524
.643263422
.642738779
.645834093
.662664871
.644294405
.636490912
.657472559
.643946884
.649517371
.655984037
.644967063
.639741149
.648745445
