.043604386
4.045310178
.034427937
.025352653
4.047217459
.029518631
.028969675
.027822722
.024115160
8.062940341
.031116204
4.057603761
.027273347
.027021764
.024865617
.025746699
.025603282
.024177118
.026124031
4.046434481
.034120533
.022611030
.024782938
.020762663
.019771960
.020941371
4.059847320
.027898246
4.040655968
4.045038982
.031197641
.026803080
.026513122
.024988338
.021522271
4.037675420
.030263146
.025931749
.024899005
4.067018671
.047172762
.025559061
.024894772
.030945121
.024907354
.022010533
4.044065497
.034236814
4.052353203
4.052731187
.036409639
.023547568
.026397764
.021659909
.018397090
.019002253
.032540905
4.061367156
.029003695
.026130802
.027754342
.025971911
8.082778940
.034227723
.026298903
.030133032
.022564365
.023372382
.027599665
.023989763
.022752334
4.038994542
.035562922
.026979807
4.041321704
4.069633511
.034544630
.029296362
4.050934152
4.061723194
.035928226
.021013171
11.242094236
.040766899
4.058785255
.034444101
.023465151
.024371941
.027221466
11.275545438
.026940587
8.057429052
.030296618
.025127009
.040365487
.027784766
4.042978912
.025995394
.027379391
.029553927
.021744988
.021242407
8.055878154
.032219921
4.041575606
.037497157
.025397895
.024484106
.024173857
.019549577
4.037020490
.028434888
.040641170
.026871655
4.057498064
.032266603
.022660497
.022311456
.027834196
4.057589559
.034845057
.029821734
.020603459
.022596206
.022480330
.024316244
.019249045
.023509787
8.067131958
4.044234457
.033284560
4.048676491
.033883892
.027135947
4.043994125
4.057193713
.030066079
.022716143
4.054978344
.029677277
.022737781
.025726779
4.058166500
4.055492489
.024039926
.025092091
.025139882
.023446593
.022968635
.023264760
4.041716274
.027762793
.038132696
4.055785148
4.054588723
.030417373
4.049036020
.033355826
.038934486
.036267781
4.056346634
4.051381141
.031914495
4.038561700
.033823451
.022974467
4.066523568
.030498846
.029645764
.025977309
.021796855
.043831302
.033191080
4.053232733
4.054447106
.030024810
.026655059
4.050863305
.035485907
11.256808146
4.046949626
.028082066
.028280365
4.043176173
.035196474
.022527518
.024406953
4.037944961
.035507083
.028376023
.023534465
4.056410810
.031557393
4.049566352
11.255601571
.030189468
.024765164
.021635775
4.052182164
.029039221
.028665350
.024347616
.025150108
8.069715437
4.045594390
.032524671
.029558376
.021210666
.022084932
4.056130655
8.076450284
4.051093563
.030365875
.024115945
.026887698
4.051544000
4.051308428
.027434695
4.030627713
.037305591
.027453659
.025757062
.023060666
.025104665
.021985841
.033557234
.020476972
.022733554
4.046682436
.030981382
.022698573
.021981401
.023696878
.033334692
.024896812
8.060863042
.026837945
4.054184958
4.065570948
.034511098
4.044145258
.034553382
4.070742735
.035666465
.032898198
.031129191
4.040575248
.035673728
.036288682
4.057204501
.044897267
.023434578
.033967778
4.048575204
.029575783
.027682680
.022127455
.027850263
.020181405
.020500501
.026862585
.019208255
.025868748
.038471953
.024437849
.026677937
.024760359
.022050615
.022220944
4.040687769
4.050003102
.034406152
4.047666235
.030281618
.020799327
.020175452
4.054726328
.031237785
.028458694
4.043136732
.034838927
.025646179
.021059733
.026556850
.026247535
4.040056027
.032922764
.030915234
.022231725
4.068764971
4.052611946
.035700522
4.049331151
.026078870
.026556226
.026555851
.020692351
4.050932379
.027028252
4.057480931
.034914751
.027932709
11.250237691
4.059086055
.032408175
.045293199
.023643549
11.283822089
.035864088
4.046503978
.029889858
.024416785
.023562913
.027227293
4.048189684
4.070449186
.029701168
.024087485
.024696382
.020788860
4.047348810
.046719783
4.054361310
.027357030
4.065991928
.028299935
.027300369
4.046264044
.040137032
.027640793
.028591031
.024893654
.020719866
.024368290
.021725515
4.045567365
11.256103696
.031423703
.026076160
.022802281
.026913866
.026833958
.021345595
.022763702
.049877590
.023635198
8.082665751
4.061376310
.031996312
.027557593
.039680588
.030357804
.026419392
.028014349
.019384357
8.078186645
.034627426
4.045581046
.032859802
.024322935
.022714146
.020164064
.020963897
.018366067
.023448645
.022217396
4.065343403
.028763265
.024463810
4.035593930
.036995965
.026154058
.019290148
.020859147
.022408021
.023222395
.022215146
.030066430
.024149102
.023630728
.022884771
.020799522
.029640889
.021098231
4.042256840
.032682427
.024489519
.020544356
.024026020
.026523683
.021623064
.022987229
.021065980
.023391895
4.036492013
.030914388
4.040676967
.038758005
.047529456
.024506102
.039555004
4.064773361
.031512887
8.071060985
.028565557
.028481057
4.050947999
.029878473
4.047013169
.027999849
.025936434
.019974023
.025159101
4.043054673
.029209515
.023754686
.020006023
.024513811
.021490355
.021071106
.023690228
.022024063
4.056901952
4.051647915
.029568014
.024579227
4.066287485
.027743058
.025237393
.025745393
.021483647
.021590188
.021655980
.022264563
.023448312
.023731436
.021794521
.024498769
.020648981
.020241690
.031780429
.025845142
.022342979
.024144269
.023320478
4.050476166
4.063778362
.027085225
.026047309
.025102518
4.057241785
.034514468
4.059159825
.030428972
8.060807828
.030473221
.024026769
.022748145
.020259606
.021030897
4.040381092
.028568598
.028846973
.019323440
.022163938
.021740354
.020223106
.021413439
4.050171584
4.057582368
.030092180
4.039116094
4.056726452
.028677015
.023345812
.024229478
4.054866454
4.048362668
.032787219
.023841145
.024379352
4.068483816
.031588929
4.052639539
.029002306
.028350140
.022598437
4.044168673
4.049417418
.030181389
.027665808
.025669142
8.056885124
.032922469
.026560975
.034699675
.023033812
.017105609
.023420478
.023665228
