.731216876
4.696226533
.679278446
4.703118961
.695149026
.709231903
.708368808
.720680735
.696720769
.702654207
.720251521
.713405685
.695795535
.686189003
.705690044
.695748734
.700704636
4.694222618
.687443711
.674551969
.701137101
.685318037
4.679017610
4.679950819
.693844918
.736513119
4.720831479
4.686582961
.692457394
.701005537
.693229262
.702841208
.694823426
.706117845
11.903255734
4.689068190
4.700866026
.685550873
11.907314425
.701707124
.694236681
.690474332
4.681884432
4.709342389
.730071424
4.691652260
.714180319
.704304452
.701826358
.693914270
.678401993
4.703766341
.710253177
.712218373
4.723064231
.690670353
.699300380
.706431724
.712318686
8.694456041
4.688990080
8.685610337
.720588937
.704471518
.704629304
.711035368
.707589581
.712291795
.702846571
4.684041684
.675479014
.709638463
.705787342
4.691793987
.689106387
4.696555796
4.676871975
.708468391
.688611035
4.706280453
.752139222
.696231494
.720434758
.683047102
.703336613
.703812387
.734429450
.723861832
.723179735
.709148809
.712369257
.741198568
.704960611
.712058075
.728981688
.712334755
.699440208
.698921289
4.722118608
.706690995
4.686912679
.703847651
.712531459
.697663533
4.704499539
.705576689
.731785422
4.690221111
.697414317
.688587878
.716188833
.685555384
.681914633
.697255316
.698097534
.697961491
4.719154804
.696967054
.703538799
.712566447
.688158619
.684142362
.700198886
.724691467
.709509329
.694931824
.705176778
.683578274
.708952989
.716224075
.711530644
.720945881
.710265922
.695664166
.705101069
.696830721
.714075800
.701261274
4.705151555
.722675958
.718723995
.695374139
4.714537861
.717541273
4.714734196
.696924616
.703878113
.714364736
.682142152
4.711004301
.720923404
.709688300
.695120830
15.899665350
.694251945
4.708126534
.676388816
.719121134
.684402835
.720078988
.706711880
.701622781
.700529954
.701291930
4.714331168
8.718789047
.692209480
4.692521589
.700617031
.721194759
.700766408
.687529471
.689269282
.709157709
.702583095
4.731481020
.714414268
4.700116341
4.703306209
.715010066
.712189334
.726962552
.702706973
.683286260
.705033685
.721405855
.694015412
4.707710089
.713731542
.704551329
.689984681
4.708167669
.695961432
.681906156
.704398566
.698334043
.684721147
.707165537
.719030881
.669565369
