.069681309
4.079206473
15.328691816
.062182275
.049141996
.045839791
.045875165
.051046452
4.073774145
.044498250
.042384210
.046324332
.050136911
.045199582
.047002873
.050273119
15.308337252
.058732237
4.075155185
4.104128700
4.092074086
.059523361
.072930099
.048699621
8.086993054
8.107619868
4.098216829
15.326328485
4.088098465
4.086032924
4.069959981
.054538032
.045650999
4.087978423
.061790400
.045284624
8.102382831
.060424360
.045809248
4.062666697
4.091269961
.062997483
4.083460843
4.098036372
11.299805421
.062364400
8.115291528
19.343110766
4.101899743
.050681119
.049634037
11.277098192
4.087840715
.063869107
.052377285
8.101349666
4.078322973
4.098785829
.060515319
4.083858677
.054897282
.049472621
.051728410
8.138793339
.062703858
.046845456
.047049414
.057093780
4.074657102
.064445315
8.090422342
8.102054207
.055555990
.050287162
4.083091677
.049668704
.048418038
.049584703
4.092353835
.054611699
4.068302567
.059307194
4.086347008
.055783573
8.125247310
4.103813075
.055040157
12.126118939
8.126736725
4.090445837
.062191734
.047471081
.047296664
.057974112
4.089025213
8.114562820
.062445817
.045913623
4.087645882
4.077882891
.062831899
.048580996
.050744745
.041646295
.048160788
4.069151899
.061505776
4.097115956
4.105354281
.074775222
4.081953540
4.091864802
.057528550
.046373098
.044633932
.047966389
.049173763
.047742385
19.322879699
.060110321
.046916125
.048769915
.048502040
.049182540
.049491081
4.083609091
.056978533
4.075318555
4.083721590
.070315198
4.078723604
.054686418
12.145237711
.057702833
4.084767683
4.098875398
8.113808767
.048717932
4.089023374
4.075460764
.058392341
.048044223
.043803725
.046307890
.048603431
4.085981024
.058023634
4.080178481
.060125132
4.066616654
4.098010719
.056941467
.046709848
.050736138
.054762802
4.080426978
.055762260
.050112262
4.066034070
.056364926
.045365974
11.268937497
4.094262688
8.096424739
.074526551
11.276167469
8.105191590
4.089986207
11.283452406
.055003359
.043828696
.054845193
.044552071
11.298334438
.074500615
.052915285
4.073944331
4.087552496
4.092387578
4.092806412
11.280748016
.065811407
.048161023
.053304818
4.089667708
.052849800
.042724381
13.345629101
.054480084
.052658375
.050286750
.046198458
4.087355574
4.098830866
.050098875
.051298418
4.075252366
.064223126
4.072707074
.066048334
.053330042
.048018375
.047572667
.049137334
.045586167
.044352000
.045486583
8.109332517
4.090379506
.081674225
.041061840
.048885485
.048350226
4.104311067
.056247664
.051778772
4.077493101
.054637593
.051272316
4.100075416
.055552312
8.117957751
5.192701050
4.061485118
.046920507
4.066189166
.069021042
8.085128978
4.087370994
.052335047
8.118946564
.046897619
4.090533861
.058678099
8.100986527
.057487411
.062477236
4.077250645
.055695800
4.068517124
4.083561032
12.142057528
.055938511
4.090948171
4.069996326
11.295322750
4.577915905
4.097280522
12.125018391
4.109021083
.055843955
4.095459947
.058165471
4.079171198
.059503341
.072541685
4.084302442
4.094724114
4.092889855
4.072811934
.059816248
4.071626917
.057625914
.049155045
4.090139538
.061612779
8.122463541
.058706399
.049135625
.048145608
4.073621245
.054318686
4.073427247
8.111186814
4.091754996
4.095775114
.059088979
8.123369725
4.122543750
4.092621834
.056868478
.071081872
8.113816779
4.082729524
4.103938220
.055585774
4.090232275
4.089552478
4.079823987
4.082273964
4.087432095
8.111930154
8.096969402
.060103090
.057959887
15.324818752
4.079104892
.053769936
.048312095
4.111567261
.062585712
15.303036424
.058521034
15.310044715
4.089586515
4.091849403
8.112749733
.057186463
4.089380667
4.084957049
15.324411140
.055181663
.047250824
4.082356129
.057988642
4.076644175
.056934224
.054445485
.049461089
.047017555
4.066923526
8.120403757
4.096518910
4.084894576
8.117246650
4.076482948
28.285434460
4.101093777
.048678604
.047382314
.054636949
.051085804
4.080762463
.057250046
8.116311959
4.102264280
8.114022426
4.077892226
4.092309455
.078331963
.052329205
4.088670485
.057320526
8.098521779
4.090244093
.054525789
.047788351
8.115165364
.062092600
.046672808
.045012614
4.071214970
.060083594
4.093797430
4.090532084
4.085549585
4.078915985
.058265615
4.092638772
.058414747
4.096294786
4.067376654
.062146556
.050562678
4.089161218
.049395309
.046780975
8.102297390
4.088365736
.053249575
8.121825020
.059774588
.047927337
.050153449
11.294240659
.061265448
.052659862
.046831263
.048586580
4.058800603
4.087650345
.064633844
.045375644
4.112791050
4.086988935
4.094807512
.062181722
.049802805
.048084820
.047694282
4.093629777
.056393357
.046790578
.043787789
8.094631293
11.293885353
.050072236
4.096386091
.052698947
.053680833
4.068864191
.072870834
.052930295
11.297500196
4.082707777
4.107809264
8.105383921
4.070430229
.059491386
.046606555
8.113348299
4.099700047
.058961259
4.084081283
4.077524887
4.099792621
.049414093
.047837138
8.123654760
12.111676953
8.117297698
.065789290
4.082098294
8.119711124
.057343311
8.109634268
.058432503
4.077139956
.058781065
.050587372
4.093425065
4.086826761
4.105867977
4.083781033
4.095634091
4.094803508
4.089845627
4.096636157
.058866541
.050191424
4.088320693
.050998853
.045409511
15.319579101
4.094189995
.060188388
.054559359
4.096771681
4.085200352
.054760938
.048384648
4.071055284
4.082041475
.055163404
4.096303287
.049068619
.048557693
8.110156511
11.310018440
15.320002122
12.138699986
4.090774681
8.111226797
4.101068566
.065027540
.056939754
.047434774
.039836915
11.305771458
.060979778
4.100540589
8.094728981
4.082436931
8.120871045
24.246221402
.058680257
4.073617160
.055337604
.043535068
.050753718
.052286874
.047996827
4.069513490
11.286612710
11.290961161
4.096717468
.053573329
.046639886
4.071922111
8.126245417
.062846726
4.080124155
.059614835
4.092563579
.059104318
.049021433
.041938238
15.311754445
8.106151150
4.116034432
