.043345717
.020617498
4.040322841
.025542939
4.033000726
4.039120240
.021256238
4.032537094
.024814257
4.031586519
4.047114935
11.251873372
4.040015526
.025085874
4.049549903
.021546469
.037198432
4.042400442
.026750964
15.251218888
4.044726584
.024091122
4.043764340
4.038221027
15.250309478
.027681257
15.247355962
.023811503
4.036548645
11.235561218
.034371422
.023032902
4.038835346
4.045260075
8.049170381
4.035723662
4.047356747
.027130847
11.238939784
.035975681
.021352107
4.043118396
.023170632
.042660258
4.048717737
15.250689540
.029082402
4.039044174
.023395417
11.238064319
8.052876945
.022128141
11.236557732
4.039743494
.021823821
.021539653
.026528429
.026803637
4.037709879
.023928240
8.058324070
.023765225
.024806772
.020977214
.027942783
.025102813
4.032427860
4.047947442
.025941385
4.035545054
.024641289
11.233807067
4.037799310
4.040209393
.027690481
.023901145
.020138516
.021215981
.024060223
.023592029
4.037300499
4.036099807
4.040630834
.023776565
.037908892
.024395790
.036583544
4.046557232
.037487858
4.041789694
.024836087
.028172851
4.037006132
.022957868
4.037112597
.027246271
.028327443
.021224843
4.042766665
.021300550
.023011994
4.038280630
.026011604
4.034685350
.023807052
.024599776
.019246077
.025217964
4.036530128
.028561396
4.045107764
.020694529
4.039024173
4.038800889
.028268738
4.040524416
8.047558973
.025687698
.021558876
4.049641325
.021284510
4.036498955
4.027532261
.031827288
8.052408192
.030332668
.023371369
11.238740219
.023180857
.021965062
11.233698194
4.032821194
4.041588913
.025646527
.023423680
.021460076
8.039940013
.024832428
.023208021
11.235373054
4.053861424
4.040686452
.030735602
.024161219
11.236204381
24.202646321
.028118708
4.040499924
4.047188721
.029913488
4.041735214
.029903905
.027389604
4.034594967
.022462208
4.040811699
.024772640
.028020377
.034807794
.034629924
4.038748697
19.261017500
.024454389
11.240992429
4.044809651
.023989172
.019891160
.023325065
.021369285
.020621514
.019013475
.020058030
.019299801
8.056942395
11.238253286
4.048463713
4.040528473
4.035062499
15.241807452
.031058413
4.043458628
.030806984
.024236615
4.051771149
4.049190391
4.042098192
.022451396
12.057842917
.026639284
.024916911
4.043271043
.022219354
8.042544380
4.046991098
.025700016
4.031995311
4.044861527
4.033517689
.023711108
11.248292368
4.040358333
8.048600708
.022309657
.025545673
4.036948931
4.042853983
4.041120857
.028440812
4.041483971
.028026194
4.042000168
4.044344132
.023608586
4.033179212
.026331274
.026288526
.020968521
.023357092
4.030393314
.025090636
.023390800
.023514964
11.242740296
4.040920032
.026072346
.024003826
11.243803325
4.036580470
.023735160
.020057613
.023744618
4.041681932
.025382789
15.241123921
4.036991298
4.045668653
.022109942
12.054049990
4.036747704
8.053419875
11.235131128
.027753110
.026008937
4.035241328
.024944749
.025212619
.026392846
4.033430438
.031679656
4.033479299
4.044228496
4.032030197
4.043245680
.020726167
.020193928
.022618838
11.236382597
4.038896426
.025650856
4.036140945
.027955370
4.041305008
.028402610
4.025914397
.026392304
.030371313
4.040700949
.026879084
4.030490230
4.052731096
4.035757219
.025923306
.032100825
4.035830907
.028063894
4.040861592
11.242923412
4.030130101
4.040955123
4.037280478
.022148246
8.048948768
4.039873206
.023714755
11.244291135
.034515640
4.034590804
4.030001317
.024190756
4.041035876
.024236064
.041875372
.020268798
4.035623849
11.248381776
.022646510
8.047878214
.024564612
4.034634469
8.044045666
4.034968964
.023356877
8.043094726
.023817770
.039345617
4.033953611
.022114303
.023765410
.022786587
.025673015
4.038805309
.023977075
4.051477171
.023124915
4.032353886
4.030386279
.034193218
.020024089
.021836173
.022896798
4.041975790
4.039637296
.025575201
.020709025
8.043376878
4.044203001
.026786302
.025035274
.022641916
.020466473
8.043540127
.024288570
4.030969394
12.056279529
4.030543686
.022434584
11.242105992
4.056327965
8.049324673
.023082595
4.025787834
.024684346
.023741765
.029859309
.024523496
.029215229
.035688968
8.045182605
4.039770925
4.038252283
.039150868
8.051767156
4.039690620
.024713702
11.240165420
4.039976687
4.039591473
4.039149638
.024088532
.032629530
.020940034
.023397575
.021010618
.021681992
11.236972819
4.028547155
11.235178446
.026032963
4.026993345
.022057950
.022613159
4.050471823
4.035889944
.027398540
8.045853912
4.036958382
4.039606301
.026621122
.026469205
24.197294168
.028236146
.021899863
.025179794
11.235080244
4.041108567
11.233058651
4.043913595
.034073735
4.033079517
4.035611192
4.033653310
.030070514
11.237320286
.027713808
.038369683
4.040144362
.023154422
4.033565399
4.039639811
.024427416
.022092654
47.534830893
4.037696792
.026543432
4.033699831
.025042372
4.040111872
4.050228651
4.038988222
.025498097
.021193601
.021438561
.034662258
.022862073
4.049636475
4.043468723
.024294733
.022331196
4.044015519
.025749782
.036437397
.022316451
15.255367918
.025330726
11.234462946
15.254759129
.024777066
.028618268
.023842438
8.047896660
11.235949808
4.047165831
.023766426
4.039780057
.023643915
.026858084
8.045173917
4.040864831
.024947221
4.037769348
4.041624146
11.241195021
.026766495
4.043084745
.021722635
.022280684
.026077945
.022529520
4.037849107
.024560826
4.038823167
11.243949413
.030624518
.027017837
.024156043
4.030419733
.024725091
.020590819
.026849791
15.259137038
4.049153915
4.039642767
15.255375146
4.040970033
.027464218
.024002190
.023350469
11.232887919
4.040097029
.028766450
4.043754532
4.044503659
4.040711953
.025111012
.022933141
.024576253
4.040260899
.021698454
.023956325
4.042383100
4.040719614
4.033881246
.039769492
4.034926538
.034689813
4.039471373
24.211307267
.026482507
4.032648785
8.057772521
4.040727576
4.034358924
.028672412
4.036964304
4.042713500
4.041231928
.025111840
4.038409789
.030031439
8.041147814
