.916229438
.872422561
.876628553
.889075751
.889758247
4.890498417
4.888360839
.880502551
.872791446
.897877650
.868606062
.884015709
.872438348
4.895152282
4.896564524
.909919109
.881880145
.887689014
.885111644
.868151350
.893924642
.872120074
.898146719
.909732514
4.884559842
.871763101
.900548487
.896359735
.880395152
.881709204
.891915029
4.904468785
.889264604
.886116412
.894268794
4.895828422
.891356199
.883524531
.859697494
4.875962956
.883617848
.860167341
.872768666
.892638821
.888855001
.885978486
.903336510
.882323574
.890229447
.880965577
.891730679
.884900736
.885198857
.896238721
.878196945
4.879836102
.877598007
.901132715
.896217121
.891515409
.906800751
.885459384
.879855314
.889534854
.885884872
.913725922
.898030278
.871440597
.895430442
.849751419
.854261973
.867636132
.878709450
4.868266822
.876703400
.875717090
.883714216
.874874784
.891849652
.931146910
.894597204
.923879702
4.914972931
4.901441798
.905360698
.882420389
.901031503
.896790880
.888823213
.884419950
.905034208
.879914335
.877182750
.883034893
.906479923
.875720192
.890389188
.887530572
.874498397
.877870547
.906197897
.880998153
.884702166
.891925087
.884302594
4.871223506
.884121778
.885397633
.894139347
.895096583
.882192808
.890846785
.887316160
.877285465
.862130737
.892137206
.882201290
.878623259
.888359775
.882322792
.871562144
.870755655
.890569165
.879644628
.885628180
.912018319
.905639434
.899063783
.892402265
.883657776
.873727840
.885580359
.888784253
.884235368
.864679236
.886947041
.912521469
.881695824
.897050440
.866504243
.891191427
.879469463
4.874576401
.888357599
.893707907
.887881058
.887539913
.883710992
.894420112
.908952624
.888502436
4.915476039
4.884555482
.899946535
.896706928
12.072792717
.865861982
4.889001604
.871962990
.884857493
.898504540
.884808178
.895066827
.880722276
.882056211
.892932553
.894053970
.871742713
.876571494
.875073119
.887948146
.886566488
.907879574
.885665483
.887319814
.882453567
.899329187
.888643068
4.855312995
.891635262
.891611173
.879509250
.869148642
.871996539
.896768196
.902353556
.875804003
4.902293209
.889809419
.886806559
.902508410
.905194031
.901667378
.865708184
.893228704
.893577244
.890400293
.870772654
.874134581
.863049158
.884704814
.883950426
.873192843
.888509162
.877166507
.871017449
.886388932
.895026768
.877449401
.899307538
.877363040
.884073085
.887187123
.901124235
.891078594
.899456838
.869874834
.880039004
.884566304
.892864635
.896824775
.886721482
.893585764
.893784181
.888714794
.883698655
.905133341
.900731718
.881910368
.884374196
.888383534
.879019615
.899755222
.899059900
.884507291
4.910213745
.896026280
.884602200
.912506318
.887604448
.877864656
.903147381
.898210028
.895111950
4.888548354
.902112100
.888903172
.899718992
.909724686
.890615524
.864387817
.890544087
8.886405506
.914406472
.894057216
.888573428
.897838418
.888775009
4.901180139
.884360300
.884429401
.876608759
.892541600
.905050609
.889401580
.886327411
.902748377
.872330590
.880839159
.890684021
.876114380
.885517257
.900208395
4.879795614
.891475423
4.908643090
.893072600
.900724189
.886697871
.895674084
.887072202
.891540565
.880051454
.898247813
4.885797455
.883069478
.896701718
.905433939
.905413628
.903500551
.877272909
.883912833
.880791457
.870796648
.884966832
.881847713
.906884654
.881307804
.889915312
.882404083
.885996155
.878107750
.890268635
.889861390
.896750574
.900616460
.865638914
.894810897
.864809836
.914181529
.894392512
.878331977
.899978176
.877235139
.894249989
.881654466
.892648937
.880399830
.854918478
.862191562
4.890091768
.876016193
.864468373
.888918181
.881966422
4.885421932
.873992525
.883553172
.891105407
.887134388
.910417283
.886853038
.897918875
.892492186
.866719059
.867270816
.887062666
.886778127
.874458009
.876114940
.890317652
.874255020
4.880001443
.898073259
.880060865
.898403689
.888029706
.895590526
.865975013
.874242289
.890245608
.887998388
.907453692
.887986908
.891985923
.881901155
.879444125
.897599997
.888727369
.883873678
.890928404
4.883087886
.902825534
.888435189
.883577933
.887657227
.902560310
.882111155
4.888644298
.881081257
.869631112
.891213492
.891365893
.873055299
.887944646
.884684483
.891385798
.878082662
.885835663
.890614508
.891494914
4.883899139
.883538452
.880665771
.901128066
.884156263
.895350277
.898600326
.905865962
.893312264
.867464466
.882721913
.888054038
.916634793
.883114942
.865003077
.910072548
.881491795
.876819989
.883114993
.894564794
.862184995
.868428504
.870983497
.882143288
.900422018
.895467281
4.895845825
.894294647
.892591308
.893231967
.892571124
.890804431
.893680206
.891194453
.897103326
.886091101
.896572687
4.910595069
.887827797
.883003623
.865550336
.891560833
.897498454
.874836702
.892870719
.865774627
4.900459345
.900210447
4.907649979
.899167477
.888026128
.901832372
.902002189
.896172201
.913428333
.889648483
.891249470
.894817377
.901802581
.875776041
.900002671
.883414430
.891532384
.880358775
.892227047
.895854537
.877442592
.875780389
.890038672
.894632086
.880502062
.880403400
.896084563
.899078781
.897927284
4.906846202
.883679931
.885871737
.899960344
.885232403
.901606458
.896323602
.905995113
.889180255
.884614333
.871657437
.876190319
.890403398
.869924802
4.906508618
.893691495
.894426884
.912680108
.859390736
.886784746
.881290371
.891781307
.885004316
.891659909
.886210292
.888111053
.880645891
4.893660397
.883606221
.891987588
.881001305
.879110444
.911908999
.885597988
.900150868
.911757907
.879412692
4.885214026
.880547474
.890283246
.884278486
.901907939
.893077705
.874159371
