.036027955
.013507722
.016805278
.017541280
.022115173
.021272157
.018545157
.018586247
.022789495
.020860921
.017657597
.019464359
.020782122
.016236732
.018500572
.019147264
.020274995
.020868059
.020644729
.021847098
.019779167
.018415603
.016911725
.022719912
.021062594
.018367057
.019352556
.017681941
.018509206
.017123597
.014024616
.022189037
.021906114
.020865647
.016444693
.020149318
.021295095
.017008704
.018686946
4.041153896
.021941918
.019279635
.019563559
.018495461
.016515584
.018719749
.017645276
.018573808
.015833261
4.037470005
.021920667
4.033388598
.021940087
4.038585427
.023969055
.020047600
.017649695
.022492263
.020392992
.016356767
.021041727
.019063100
4.046684767
.020199876
.020517722
.019733672
.020921748
.021640620
.023063736
.017322890
.020526223
.019577104
.017431866
.019491797
.015256956
.017751962
.018528552
.020007177
.018846897
.023256435
.018973543
4.035182324
.022533980
.020644076
.020096317
.016884065
.020873031
4.045937977
.022930838
.018683161
.018483544
.020960088
.019501550
.019925455
.024222682
4.034187697
.021814775
.014938611
.015879436
.015349055
.017237375
.020586983
.017286508
.020332649
.019886281
.020187749
.019501008
.020634033
.016203950
.020427123
4.037677205
.022220343
.021851614
.018644238
.019114776
.019350233
.017770340
.015419526
.018127359
4.020794837
.027140540
.017322610
.018699375
.019465356
.020567081
.019275161
.018926855
.019526411
.021721729
.019862175
.018606343
.015819735
.015957550
.017948003
.022523675
.019918537
.022824183
.019021097
.020543572
.020031237
.016243359
.019048783
.017843958
.017660636
.020706891
.019051377
.015185484
.020355761
.017934608
.017076757
.020527789
.018856387
.017331640
.026338081
.021533109
.020902003
.017121453
.023620501
.019955762
.020610998
.022087121
4.038138193
.021463104
.018198890
.019811702
.020115877
.012119493
.016454764
.014801153
.019322079
.023782744
.020903427
.021139176
.021954937
.019816620
.019564745
4.043134084
.023296913
.017758233
.015553988
.021389677
.018155217
.018155717
.022814666
.019881424
.018008650
.019829914
.018265610
.021103628
.021977109
.014070322
.018126920
.018406842
.017110042
.018815203
.020116213
.018054658
.017298864
.021595045
.020301328
.021333292
.021364923
.018710227
.016400547
.019675473
.015889961
.021440019
.020779408
.018191723
.021820833
.018980356
.018053199
.016297905
.017731521
.020542660
.016913092
.022283494
.020164971
.018027487
.016861958
.015395045
.018185930
.024349174
.019176555
.021284910
.020517031
4.042876961
.021983110
.015269982
.020128924
.016866542
.022079043
.023126427
.018678430
.016825952
.020247777
4.032059148
.020965522
.022952023
.021655889
4.043621300
.023586379
.020737401
4.027332563
4.031233260
.024707860
.020185642
.019397967
.021325708
.019569996
.012806193
.014383083
.015626792
.018854085
.019966188
.017663384
.019184015
.021403762
.018378547
.020363505
.023207607
.019248901
.016580077
.017946765
.016375376
.019504819
.017775445
.021633468
.025837174
.020213021
.014789735
.020302661
.018169345
.022730736
.016229644
.023061708
.019158593
.017869753
.016381836
.017782321
.018794324
.020755404
.018948350
.021316582
.023414602
.022307108
.025298889
.019690180
.019719408
.020478366
.019103181
.017147610
.021506618
.020565921
.020543085
.019868651
.017518513
.020327018
.023068596
.018521596
.016633576
.021003213
.019300524
.020199297
.020874325
.019755973
.020321776
.016762228
.014750104
.015004068
.019121667
.019001855
.020210763
.022520937
.020737976
.016572953
.020726852
.017260320
.012760741
.026553112
.018853418
.019172637
.021215768
.017894467
.019696895
.023434682
.017219358
.017273117
.016716316
.018236986
.016910307
.024045536
.017113676
.019112717
.017826544
.017303250
.017657725
.020534453
4.045233482
.022986992
.012853764
.012595305
.013009956
.013385936
.012579802
.011324260
.013993079
.012210324
.019625225
.019678067
.021643769
.016236661
.019292669
.021558214
.019287918
.019136268
.022831384
.016760706
.021486493
.022107597
.017968033
.020744620
.022927400
.018052130
.018693445
.017317174
.017290170
.016552713
.024861722
.018242204
.018639145
.019455989
.016999413
.022480951
.023911189
.018272334
.016287212
.020072759
.016491245
.019033544
.018657523
.017460657
.021375350
.021456905
.018993871
.014533003
.016200114
.016322634
.021355180
.022182318
.020316800
.020764666
4.046652103
.014225952
.022048463
.022004122
.019131643
.020089095
.025098678
.021157480
.019825176
.017048589
.021931402
.019774209
.019220158
.022268582
.019142312
.019558256
4.025239062
4.030130088
.022920608
.018412899
.019934653
.017612183
.013870726
.015853014
.019806506
.015757457
.020099638
.021592887
.019841637
.019014207
.020137394
.021596220
.020433277
.019735369
.021753872
.020559423
.021398396
.021821675
.018337469
.021456656
.021237495
.021734660
.018075260
.017294504
.018334928
.016927276
.019735577
.019855223
.022019666
.019589845
.016194071
.020732910
.020257914
.016002622
.024544336
.021835469
.017347180
.018923817
.017895979
.018320342
.021815424
.017540046
.017237745
.022919566
.025368153
.024180558
.018077454
.016790256
.018724259
.018684019
.016389976
.018796868
.016794089
4.026124845
.024093620
.012297647
.014547826
.017303260
.018792451
.016283625
.021143732
.021561675
.023031038
.018646653
.022027315
.022215062
.017324672
.023499553
.018759418
.019627214
.019544608
.020640183
.021310734
.015521055
.015804697
.018345349
.021561758
.021123945
.013386391
.024364598
.021269827
.018947957
4.030416251
.024109575
.019469626
.017966938
.022402560
.017311550
