.512314303
4.482195827
4.478973359
4.486708384
.482480294
.521213706
4.487243385
.505215948
.475182730
.500285182
.482989378
.467797872
.477381986
.487824560
.478244281
.491603031
.485459553
.490528944
.507618455
.493956580
.463228651
.501820979
.498354378
.501384043
4.484778191
4.478224368
.478837810
.486343000
.480052401
.472269572
.500544999
.507183315
.509081213
.475522590
.510318843
4.475464635
.495554088
4.484909962
.478776823
.497776341
.466007617
4.497537292
.485097885
.491111279
.508294207
4.508669077
4.483585540
.504135944
.492140407
.483668672
.465450324
4.500488760
.485975638
4.513288342
.502903316
.475019160
4.517115130
.487370577
.476165929
.503326263
.502751338
.489496064
4.483261072
.482179586
.457626100
.479769658
4.493895461
.489192333
.484729070
.476637250
.478562027
.476576013
4.485368887
4.500099355
.494086062
.485537270
.500711541
.486267194
4.499768506
.476806164
.474025479
.503113500
.482305676
4.503936145
4.488067908
.471474914
4.459485868
15.681339842
.469034200
4.498312417
.490414747
.506927059
.498552468
.475514303
.485399615
4.472977149
.480094906
.502779976
.494864616
.476915704
.469332429
5.028601958
.455705383
.490169931
4.468127229
4.478029981
5.021515250
.470148454
.473772522
.479483989
.481660444
.464100379
.469650841
.473675490
.498364292
.464674548
.489897472
.475060280
.477443172
.455652390
.462498504
.471749507
.503186199
.467316875
.479561079
.456304512
.483758822
.475293483
.485665328
4.460982018
4.486068441
.481554443
.473410450
.473362880
.503946656
.507670168
8.975828999
.496067233
.494026607
.483378315
.487595052
.480370158
8.459000681
.466118038
4.472343491
.474035805
4.491865759
4.484457302
.489205928
.488807677
.485780147
.484231420
.481670589
.486233797
.493189836
.494097872
.463502046
4.480722400
.468016421
4.486963309
.476188758
.466288081
.468349467
.504438041
.465644846
.492041041
.461936535
.486916015
.473626120
5.488278057
4.480519724
.469419389
.496195329
.493635893
.483946386
.481795543
11.681527418
.472519166
.446408534
.469274894
.490052581
4.476849864
.492143885
.487091212
.498563471
.480918114
.476388542
.472045700
.468543352
4.471461433
.476172466
.493761303
1.009999566
11.658744319
4.479426629
.490839844
.518420249
.480803601
.469975720
.468897059
