.718288444
.713031940
.697346767
.675278626
4.751228188
.715796017
4.763668810
.677518110
.700369360
.694201047
4.748719048
.698049961
.722507431
.698820594
.744936116
.696734727
.690737948
.676618400
.736811013
.716160126
.716542943
.728133351
.720168617
.701345150
.722632468
.751552825
.731654614
.744924991
.733318791
.721709008
.716647272
4.722254041
.698381655
.747670037
.676717853
.691070683
.710284194
.730740019
.694077459
.690784607
.732389486
4.715310412
.703818673
4.705283515
.723501487
.711849624
.730734018
.725902830
.721828018
.697850296
4.721951994
.651399936
.702868036
.706996768
4.745852295
.738678382
4.743748760
.701604548
.683817674
.707328954
.689112221
.690086318
.752411112
.694736621
.696227538
.723830422
.703387732
.688873208
.732494117
.701466874
.731013159
4.688936544
8.704423170
.771208006
.691844983
.716384907
.715647691
.691825151
4.708155867
.718831301
.714494324
4.719747651
.721972829
.701820254
.699856216
.719574559
.676049883
.700199700
.720470395
.712756775
.692585950
.698578229
.701941458
.723059365
.698717849
.712049014
4.721752396
.687218935
.674522867
.701572224
