.059269840
.034552316
.034425121
.040362258
.050846769
.037160236
.036626212
.041504216
.037215730
.039207718
.037138822
.033475725
.035987449
.036951218
.041293197
4.059358464
.042834235
.043465791
.040423835
.038091800
.037190233
.036241713
.035752683
.038293820
8.070781751
.050261708
.045043159
.038487465
.037029751
.039831108
.041188667
.040078123
.039416779
.039531350
.039005532
.035908166
.036042026
.039127103
4.056749250
.050393652
.060915242
.044968333
.038809846
.037361547
4.057532500
.048294126
.043131235
.037774863
.041665062
.036876558
.037345509
.038105639
.036004065
.038043187
.038610503
4.058484561
.044648326
.040420906
.039770642
.037907509
.041859918
.038431691
4.060528118
.051524247
.044837347
.040102360
.037320911
.036271025
.037631584
.035590263
.036202197
4.069818229
.042315320
.041114616
.038428699
.037339234
.037446973
4.060576958
.042220410
.043741370
.041883072
4.079479102
.042098007
.040190089
.043197679
.037633576
.036791709
4.070434561
.042762393
.046346503
.037674946
4.060842972
.046898568
.038492482
.035129098
.039774759
.034874375
.036816164
4.063654873
.044655812
.039900245
8.072314850
.052865336
4.042214578
.052888917
.041484698
.037140837
.039199447
4.068003787
.048302430
.038840976
.034788021
.036529478
.037749194
.036500023
.034337190
.035099992
.038562907
.038900022
.038312997
.038867108
.038056981
.035185723
4.061307200
.044187107
4.061271021
.047188731
.042181555
.040249635
.034534994
.035383982
.037276779
.037492673
.035823101
.039851256
.038439031
.035006813
.036021284
.039744096
.037785096
.035583914
.040909138
.040817189
4.062862103
.057514645
.038729444
8.065389961
.047718789
.038737540
.039523748
.037717698
.035555114
.036876307
4.049060493
.046994083
.038480925
.034614219
.034729263
.038390539
.039259805
.034001042
.037136016
.035046269
.036312367
.037711309
.037519639
4.072332964
.050656828
.038063236
.034916091
.036815206
.037536094
.037618094
.038602778
.040927651
.036188278
.034790664
.034952999
.037328955
.040043293
4.050491744
.045963015
.037002531
.036504565
.039046271
.039101647
.036548524
.038089840
.035472508
.036132384
.039696063
.035272829
.035864463
11.246439588
.050263999
.039011026
.037916805
.039301446
.036735289
.038945900
.034399006
4.077960091
.040546268
4.062348698
4.080889593
.044112628
.039972642
.037993892
.037147441
.034799315
.037817994
.038218744
.037960521
8.067646410
.045595394
.034854539
.036579104
4.066674539
.046858383
.039389637
4.055160188
.035206124
.049469938
.039775387
.039039341
.038410533
4.051457602
.046521835
.042701284
.039002678
.035272992
.035901009
.036820744
.041913285
.035726194
.038858526
.039697437
.034611395
4.062784140
.042406107
.036038744
.033760737
.037839677
.035819683
.039045465
.034356798
.038289337
.032395507
.036350294
.036148732
.037745686
.040024152
.038887524
.034606521
.038703293
.038072485
.039774387
.035882385
4.074752281
.041589819
.038443654
.037569122
.035798769
.036633681
.038749663
.037840135
4.066664309
.049637628
.035164836
.039284481
.037682110
.034202564
4.058029853
.044883802
.044210040
.037000350
.039034966
.035914798
.040057357
.036833284
.035204666
.035422476
.040754532
.038801491
.038080318
.038056946
4.044389177
.052610317
.039441096
.042833472
.047544200
.047429654
.049880410
.037372782
.035740140
.041296284
.038000279
.038472715
.040567581
.037434223
.037801576
.040537194
4.061912189
.046681027
.041192660
.059501487
.048133681
.059079897
.039957401
.037469626
.037271733
.037023127
.038714951
.037757029
.035516944
.038531852
4.044322897
.033676689
.034805211
.034663406
.037642018
.036633382
.036206342
.037615474
.037455708
.034990978
.037675188
4.056653300
.043091944
.039566657
4.069673017
4.065503918
.048507450
.040869320
.034664448
.039377722
.033893751
.035639789
4.056312851
.044566290
.038939972
.032872447
.035736382
.034476097
4.060574958
.042499722
.040785478
.040149544
4.060458655
.047060815
4.048639300
.050962055
.045906332
.040403485
.036783771
4.054551437
.049096922
.043818678
.037720358
.038207737
.034364878
.038667072
.036528373
4.074453839
.034173819
.033194311
.037285360
4.081728060
.044062952
.040043451
.035222376
4.086275068
.042858881
.040645841
.039852183
.036100624
.038186694
4.076400905
.043959713
.042552764
.039857407
4.072214068
.044069587
.037241048
.040109863
.039333493
4.049618340
.042140183
.041377146
.040741150
.036398971
.038071751
.035687475
.039170369
.039027328
.038761247
.036962717
.038998536
.039557450
.038312208
.078051282
.044576917
.038050168
4.068499884
.063881999
.037606046
.039936531
.035178979
.035964098
.037128466
.039865407
8.083653574
.047576356
.041675270
4.055256012
.050097131
.040447902
.036279013
.040540694
.043308426
.039461534
4.060465395
.046844528
.040474111
.038203792
.039041162
.055355347
.041522437
4.077620408
.042306141
.039425534
.038514332
4.073401519
.051022375
.039747823
.035659351
.039561408
.036771677
4.058627365
.044817915
.068448053
.039590950
.038172709
.039649657
.033745696
.038702831
.041968268
.039791490
.035356769
.038915746
.040343486
.039905281
4.062568006
.054100771
.043405424
4.061554054
4.059187903
4.083227881
.040868403
.039626204
.040456406
.035972404
.037894208
4.056675510
.047078734
.038057515
.036580127
.036602713
.038043264
.037442125
.035854059
.036562709
.039393432
.038648821
.034633404
.034613819
.034414675
.038649237
.034553105
.039607243
.038900594
.036743100
.032690181
.039590700
.039619161
.052498324
.046939693
.037616754
.038888371
.038481748
.037433589
.039547867
.035946099
.038759038
.038429958
.039024037
.035529685
.037933294
.033286324
.036133181
