.066416010
4.084424829
.060645103
.049869433
.052661514
.049958555
.049681980
.048527308
4.072963067
8.124769371
4.093085997
11.277642714
.056751097
4.067085376
4.087848542
.070676207
.053810318
11.273786045
.060062948
4.078607122
4.100663326
.055361719
4.080452200
.056548849
8.125854477
.066088596
4.076328440
.050590655
.046135625
24.258346932
.053387111
4.080696181
.065010797
.053928053
4.083286790
.053248666
4.072064742
.054483164
.047421048
.051328345
.050163047
.046622238
4.080389783
.065380454
4.091921010
4.093801940
4.094634702
.052147943
.047514793
4.087181096
4.084079274
8.096594867
.066507878
.049625728
4.080387804
4.087435005
4.112525485
4.092157485
4.088247193
.056243295
.046378719
11.270937383
8.138641208
8.137824957
.055464637
.046085174
4.087117503
.061970563
.048034531
.085279184
.051660129
.043366382
.078449319
.052206577
4.098026663
.063926595
4.078101770
.054970410
4.088094924
.062474764
.049130837
12.147052883
.061439212
.053349917
4.095382911
.058188894
.050821702
.047077658
4.075496800
.060981608
4.079638545
.061307279
.047279701
4.078753664
.055045337
4.071987749
4.103365963
11.297113445
.047407940
.045720408
4.091711181
.053589878
.055144164
4.089073053
8.121547902
4.102971084
.062673492
.053085697
.048608706
4.084857961
8.115317140
8.120326800
.062448661
4.080800545
11.299461541
.071607619
.049580358
.050584037
.044765835
4.083621449
.076722217
.060420243
.047032350
.045705473
4.082147945
.053877855
.051198768
.046685319
.050629619
.054702748
4.101468827
4.075020698
.055635261
4.095697374
.051281849
.046885063
4.073068048
4.091936694
.062081445
.050958442
.045256668
8.100518683
4.079295461
4.100408317
8.121213949
.072562615
4.079579916
.055332246
4.088521235
4.097979331
4.079979653
.057576515
4.092770817
4.088992221
.056947866
4.064327446
15.334937393
.057538998
.046697105
.048662131
.050923732
8.094432794
4.087185256
4.088172886
.058786167
4.084670735
.054014556
8.116617751
4.098805282
.055900710
.048197516
8.087548304
.067063303
4.072448337
.064167162
4.088710457
.054471938
.050292758
8.087165415
4.092426285
.059946869
4.071972472
4.078315511
.062896741
.048630650
.048427989
.055976940
11.286035240
4.084499323
.055100006
.046424921
8.111660743
.048634275
.056834332
.052658451
.044453145
4.102769924
.048320909
.045105709
.046782328
.045417659
4.076406890
.061663857
8.091839998
4.105959876
.058398569
4.079947631
.061002368
.050119715
12.136564184
4.102762419
.056586407
4.086300506
.049927762
.052035453
.049832514
12.118363847
.062671986
8.128807473
4.105417151
4.084968220
.063049593
.047261216
.049290876
4.078705246
.064276729
4.078736772
.060499046
.071703400
.049942153
.066459953
4.070681844
.065499854
.050628714
.053872627
.050931289
.045391689
.047851873
4.093218904
.076975135
.053013184
.046816640
8.126456231
8.110963620
4.090234389
4.101986264
.059951204
.044447521
.049240355
.043578459
4.101682019
.055303032
.052539603
.043739705
.045463328
12.108730368
.057181150
.047191324
.043406880
4.092185954
.048822746
.048229552
4.083990345
4.081251146
.056674218
.044526469
4.065834715
.057591500
4.103867186
4.095468536
.052783564
8.094181224
.050774876
.053158653
.047449955
.047101796
4.069167504
4.092820229
24.242518415
4.096157862
4.086847376
.055312222
.042165286
.048307690
8.106916663
.052117732
.044748475
4.102632240
.054799723
.044226669
4.090092927
8.113213573
.053546946
.050053401
4.084859358
4.096384835
.056002848
4.087092169
.057116614
.048076070
4.082331026
15.306208269
.066656772
15.308420144
4.089041644
12.134283020
.058120487
4.088621026
.049497175
.055001264
.045449471
.047031354
.049786668
.047212474
.045380139
4.085937540
.055227425
4.083837127
8.121251262
.059027051
.050126953
8.112686315
8.125699721
4.101951005
4.110312398
.053496858
8.116066844
4.089634977
4.096295045
.048484751
.047760266
.047429773
.050479169
4.088751533
.063684938
.046478043
4.090110422
.058872746
.043755432
4.076322623
4.097426739
.056537837
.043343210
4.080314990
.058309329
11.319502725
.059730094
.045673865
.050535022
.046749928
4.090157485
4.080338951
.062813072
.040991787
.045891484
.046212810
.045476408
.044877003
.043578820
.044911627
.048817551
11.290061675
.082140841
.048617833
28.284449533
4.092392289
.061027774
.046347844
.048925738
.046983255
8.126277828
8.120630757
4.108360101
.065059164
.046221503
.046804034
4.093588641
.055947660
8.117387488
8.110105363
8.118210051
4.090586038
.065530911
.045892579
4.056695383
4.091011953
4.093255111
.054171344
8.119625352
8.111121998
4.088320790
.060433943
.045374571
.048304813
4.086565651
4.101115198
.058926843
.050787855
4.091910186
4.090862620
.061494842
.051619215
4.073503578
.068103593
.050606961
.050701960
4.094366207
4.090338121
4.102365224
8.111436275
4.087210222
.083747265
4.065947207
4.093670145
.049749537
4.085008385
4.100871269
.053538441
4.075842249
4.093300456
.054757548
4.073456532
.058527369
.051673509
4.086898630
.056605438
4.075805706
.058392788
.042768262
8.107976328
15.314458905
4.083543188
4.103513146
.056811591
.051749490
.045678737
.073807911
4.066718263
4.090694907
8.120451860
4.079654426
.055494191
.043438558
4.073320967
.051490452
4.091319328
.055801918
8.119997033
15.311614140
4.086458540
4.105882024
8.092129616
.062271391
.046798427
.048922156
.046767594
.048782657
4.078613023
.056782823
8.111845765
4.089971817
4.095560342
4.088216294
.066881676
.044559409
.046102643
.050539096
.044383120
4.086913803
.060512767
4.086656361
.059652403
.044204973
.047396408
.044910467
4.075812597
.059890324
.050640311
.048330914
.044398990
.050008858
4.092961381
.058286851
4.087257268
4.074914718
.063518879
4.086602549
.053739052
.047058613
4.072291869
.066699934
8.108265685
4.092280514
.056078405
.051724320
.045591959
.047599232
.042422989
.047263069
.048983553
