.039298493
.016171686
.016753141
.013406996
4.032065247
.025298293
.022259063
.022273313
.018783794
.022094439
.016802182
.020385117
4.030765297
.018110090
.013354704
.015060694
.014714529
.013619828
.014176033
.031870667
.014683320
.019891912
.019069667
.014748071
.017862884
.024502465
.024197717
.020290034
.020151910
.021357527
.015387816
.022340855
.019541164
4.050876166
.013534245
.018808169
.019031959
.016725974
.014006576
.014829236
.018237630
.017818009
.021642692
.019931287
.020951238
.019251040
.018859251
4.031692541
.021920231
.021498735
.022537353
.017751342
.019593997
.016371227
.020393825
.019522956
.017856925
4.037903126
.021700316
4.032446661
.025115086
.024424257
.018057674
.016684974
.019658288
.017760426
.020360617
.020406700
.019013626
.018679378
.020665949
.018790378
4.038394997
.026564951
.022783726
4.042596012
.028005484
.019466789
.017502135
.020858406
.021450485
.021486693
.020659781
.018571337
.015803939
.018954126
.019221083
.018998084
.019652080
.024514590
.024690922
.017913091
.018164839
.023995676
.019476331
.016689516
.018420796
.017964716
.025037087
.019590205
.018823335
.020009619
.023493054
.019965787
.020696114
.023770012
.019334832
.019727913
.021053988
.016816349
.021679025
.023519180
.019036542
.016027979
.022882434
.013173206
.016185478
.019567747
.018450213
.013107872
.022387104
.020853489
.017660968
.020883739
.019995994
.022679852
.021397027
.018042382
.018031507
.019175541
.018486754
.023143015
.019070959
.020832197
.022053606
.015013860
.020474492
.021085487
.018021091
.036900217
.023159890
.021183695
.022574270
.020214368
.023953469
.022638477
.021711400
.021593609
.020757448
.019908704
.020265284
4.043812670
.027266572
.020854572
.018460505
.021760067
.014941778
.017965299
.023676928
.019262499
.018093257
.024544131
.021524318
.017414678
.021102196
.024956921
.020263743
.022723602
.018135799
.019141208
.023385223
.016086936
.019914079
.020178910
.019601705
.024923504
.020816239
.018889002
.019618164
.020066285
4.039401990
.022888100
.017972549
.022289854
.022684811
.017853175
.017872716
.018568253
.023188390
.022628893
.019054917
.018669128
.022796768
.020058953
.016264852
.022076064
.019219582
.016787599
.019709997
.021610734
4.037909459
.016740141
.024209801
.019873287
.021668650
.020739781
.018860127
4.035252684
.021883066
.021578151
.018344838
.017952091
.021778233
.019443289
.023836303
.016352477
.016495142
.019547830
.026498327
.018524546
.020935946
.023266682
.019463747
.022751810
.021961690
.017400178
4.037595503
.021185945
.022762101
.018595670
.017973758
.020366909
.017130680
.018600962
.018684878
.019604372
4.040561774
.025260001
.022222980
.017275553
.019451122
.020116118
.017561052
.024679506
.017784842
.017276845
.023186224
.022010606
.018127298
.023754053
.024275466
.020317034
.021859107
.022227189
.019617497
.020359034
.018464088
4.045308036
4.040087569
.022218480
.018933918
.019127583
.016304810
.019043834
.019921953
.017505886
.021512318
.024212383
4.039803321
.023341556
.021340068
.018572545
.019964328
.019636164
.023215307
.017676635
.017035889
.024551090
.019953911
.019359457
.019958328
.018124257
.019828078
.019496748
.017687760
.019193333
.018131131
.013651286
.014023033
.016883264
.018486755
.019999661
.021277361
.019573956
.016107144
.019856329
.019655788
.021076737
.020605990
.018502920
.020358575
.020770656
.018996668
.023358473
.018070257
.014697112
.018300339
.021504610
.018804211
.024280050
.021843941
.021517610
.023116557
.023797470
.017129013
.017268304
.018234922
.016801765
.019908704
.022241729
.018336214
.023342931
.024776255
.018087298
.019215583
.018163465
.018263589
.021183987
.025025337
.018595545
.018430255
.022742310
.016790348
.018842252
.023294181
.018358130
.015973729
.018885335
.019158916
.022981225
.020074827
.017236054
.019114042
.020516408
.017986132
4.038016916
.020656449
.023357556
.019882954
.019535456
.019398123
.017992757
.020019077
.022604102
.016967056
.018383089
.021429651
.017479511
.019136000
.018101715
.023772511
.023142724
.023225056
.018655169
.017265095
.019301499
.017901425
.016505934
.025244626
.016961014
.020756031
.018213006
.015630815
.024678422
.025098544
.017258762
.018415505
.021559401
.017460720
.020280576
.023588679
.020119618
.017427177
.018365922
.018614962
.019976162
.025190919
.018363547
.017978383
.020998904
.017147180
.023052558
.023723595
.017646968
4.038994369
.022911433
.019547206
.016536433
.023352473
4.032210704
.028013567
.018782628
.018589712
.014568155
.016809306
.019323833
.021051904
.019059375
.021860108
.023007599
.019253416
.022915683
.019666830
.019673372
.016992973
.024503257
.020644948
.020012327
.023768429
4.035270768
.025390876
.023846636
.023138723
.020151826
.018827794
.018696045
.018483171
.019473498
.019399956
.022041940
.018201756
.022215105
.020435284
.018646920
4.027712609
.024913504
.019199750
.019665996
.029496807
.022343771
.020530282
.020389117
.021048696
.023490680
.018411546
.021751692
.024843796
.019968369
4.043113925
.026249079
.018978917
.021036071
.019932370
.027430904
.019609580
.018971918
.020973322
.019435081
.019350165
.023400764
.020214784
.018830877
.019628996
.017443386
.017435636
.022238313
.019669539
.017298596
.020868322
4.037161714
.023074182
.016986430
.019713704
.019214582
.021287195
.022898768
.018991542
.017355720
.020792572
.019074959
.020500866
.023859552
.020484866
.021814483
.017741218
.020063202
.018974210
.013758910
.021769942
.020560116
.018027340
.017403469
.018899043
.018363630
.017942716
.017843008
4.026175119
.022896434
.021491026
.021082820
