.712629278
.718212209
.706434536
.698509047
4.707243959
.710787340
.716083980
.710091239
.727909760
.751157013
.716951392
.719407560
.711911479
.730777014
4.721388297
4.710936191
.708429236
.720384688
.724759498
.710211961
.707185988
.713854808
.697824648
.719932515
.713839073
.724549575
.714916435
.698455346
.742244832
.698914137
.715094066
.707211494
.733930818
.699362906
.743649533
4.728319635
.724140227
.697673380
.722157136
.707197689
.720846157
.725076669
.717895980
.713063359
.680467687
.693983107
.718875984
8.742911957
.717316301
.738148270
.740344083
4.722494340
.729014595
.699941855
.720859421
.700423746
.711435714
.719734328
.741541055
.719804470
.705882087
4.725099387
4.695613349
.721812657
.739282439
.702331628
.712792134
.698346772
.714438834
.729354796
4.705761673
.696717198
.731442976
.731218327
.703231830
.720635093
.717890757
.728669569
.723277590
.709389783
4.705308159
.710756262
.745714501
4.723230950
.736281697
.719907608
.707073516
.714999669
.699170481
4.700432977
.711085170
.733463047
.721249620
.708121330
.738182673
.687784190
.700571755
.735187933
4.745826153
4.711704137
.729009602
.691579329
.708267864
.722518774
.719782102
.710250189
.714104671
.724660726
.702545473
.696859709
.717371809
4.698332890
.722724901
.749354190
.719716684
4.730830945
.719354594
.715515319
.730049610
.710623236
.702503889
.711766839
.720160691
.718902003
.740178822
.694950355
.709182679
4.718526821
.715977280
4.724300046
.714408715
.697824046
4.728151165
.694978357
4.725282822
.717170030
4.704684125
.715905591
.718746307
4.732566023
4.710317179
.714256937
.733821859
.706555637
.721445979
4.724438673
.725302182
.717718838
4.705695991
.717752367
.683400881
.706741512
.722422556
.708761007
.741221855
.719737968
.746426593
.704886028
.715606878
.724416779
4.707208779
.711702842
.744026947
.709129630
.719255056
.724433730
.694953465
4.716239748
.735153834
4.716830008
.718605086
.708492493
.726750187
.724406771
.716841555
.725509456
.718370874
.699517711
.727931957
.727738038
8.738760193
4.720533375
.699586658
.694943427
11.930900410
.697272640
.728155171
.710714265
4.716965388
.709634506
.721082999
.707076208
.726237212
.708653401
.720803491
.706874161
.722630522
.696590562
.706298359
11.924607379
