.046439127
.020012513
.023230313
4.054384537
.030250125
.023608565
.021050600
.028808787
4.034154690
8.065565206
.031678420
.035430430
.021607059
.026943282
.023950107
.023291647
.026614778
.023271076
.021990639
.020943289
.022075973
.029674510
.017420567
.022265518
.035990067
.028433494
.033240472
.021996759
.025625690
.022911971
.027326697
.022270426
.035963984
.030652586
.026841612
.022273510
.025528607
.023889975
.022539844
.027940533
.019614041
4.049817238
.027143655
.020037709
.021940925
.047900421
.025627061
4.027962234
.035972078
.022630570
.018411417
.018964796
.025482632
.021243852
.019138255
.017685490
.026398755
.027928599
.022452146
.019038166
.020193965
.022580938
.029182975
.022882477
.021858346
.023761900
4.049254067
.031088349
.026417988
.024507767
.020558994
.024722352
.021246248
.023600845
.023761430
.025349647
.024203389
.021298248
.020938746
.024570849
.021261080
.020838494
.024322099
.021303039
.023767136
.023282550
.020552659
.027197239
4.041833100
.027481781
.022550586
.020919910
.024478680
.021549871
.027527072
.027268363
.023021839
.020572866
.019590861
.020872618
.020967285
.020200322
.020690242
.021912374
.022756629
.023923426
.022394835
.019410943
4.049265136
.036376038
.030125461
.019262484
.024403846
.028750120
.029431041
.023289048
.020772659
.018680522
.026577566
.025222808
.021297162
4.047581603
.028070033
.024008177
.025904896
.023414174
.021598164
.026199189
4.059781252
.038390758
4.034893235
4.057483863
.036280371
.025871688
.022457418
4.030180625
.027012277
.021331078
.023814134
4.040279724
4.059158627
.033170190
.027955732
.027158011
.021818844
.022322845
.023184482
.023020479
.023175356
.026515152
.024785670
4.030519238
.030757182
.028160159
.047166543
.026645063
4.049575339
.032937692
4.060291679
.036573655
.023908153
4.054438519
.030638005
.023265183
.021291622
.018546513
.019711191
.019159311
.023120633
.022425127
.019252639
.023542345
.022286667
.020877363
.020392566
.022812209
.023886678
.021897950
.020726732
.019838473
.019851390
.025956905
.019744806
.028171129
.024720681
4.031030842
.030535974
.023294952
4.051163931
.032816073
.019668876
4.036497895
4.058815478
.034859047
.020416132
4.035530594
.031240266
.028278658
.024649710
.021369973
.017168896
.028180157
4.042123101
.024049830
.030779178
.031332101
.020432383
.023279156
.023627285
.020141588
.019352498
.021850228
.018983204
.022656943
.027056064
.019587542
.021870686
.021301723
.017295106
4.053885201
.031448726
.026330391
.022185314
.020607926
.020362382
.019547375
.025863637
.022241606
.019896836
4.044694622
.031479351
.027257815
.024712502
.025694552
.025263881
.028405117
.021271931
.019770293
.020559883
.020867136
.022721235
.022803153
.020226672
.019823085
.021128305
4.033677986
.041709647
.033544619
.023826369
.021529559
.019547625
.021045054
.022229273
.023877162
.027807987
.028666620
4.049302064
.030119724
.026944275
.021699106
.023363216
.027578409
.027288989
.021550394
.018994770
.020719765
.022731003
.027881454
.019299368
.023017048
.024254858
.026640185
.020274775
4.049533070
.026728630
.021011858
.025865203
.029715455
.023761889
.024989228
.027950844
.021064478
.020174885
.026440327
4.056558541
.032332538
.026582978
.022983317
.017627595
.024170495
.023556447
4.049250653
.029908924
.035994902
.022338015
.019377694
.021458007
4.048048168
.030898808
.026739974
.024427118
.018972939
.023538776
.023276107
.027278897
.025139792
.024244991
.026584306
.022788268
.026148885
.021120252
.018682102
.022094137
4.057024623
.030432261
.023313024
.022000219
.019689863
4.058207954
.035817940
.029588420
.019864947
.023604527
.022632558
.023339774
.020251535
4.025357249
.034255341
.030725056
.029757879
.026781808
4.046295624
.034409676
.022934936
.020460078
.023639944
.021606339
.019423776
.021479589
.027278938
.022223221
.029691545
.021145294
.020266201
.020608747
.022284597
.026039800
.020259327
.021575006
.020761748
.029209998
.024820581
.022785310
.021145627
.022769101
.022307555
.017582008
.020980626
.021772050
.020377578
.025236001
.027824069
.023619902
.024549953
.024699162
.023187814
.025221543
.028467116
4.054001992
.026866392
.029918131
.020493245
.019758280
.024252783
.028524784
4.050773043
.036770783
.025475171
.026799433
.025233543
.022865436
.027234812
.028629867
.025656165
.025616915
4.037415455
.032518195
.025597049
.027103572
.023216873
.028384107
.030818683
.034105854
.021772890
.021386342
.028135729
4.054079363
.028892097
.027892418
.021769678
.022348851
.020248159
.027103367
.025656637
.023599362
4.050705918
.028735498
.030227640
.024679534
.023100682
.021901168
.028914082
.021877168
.023482561
.027577899
.025449375
.020141606
.026865807
.020697237
.024044608
.028332158
4.063946003
4.056907115
.031835237
.031405607
.024909075
.022073251
.021919875
4.055734224
.042825195
.028566950
.020068812
.029893214
.030710849
.027932859
.018003704
.018893506
4.055385709
.023429808
.016179975
.020310981
.021287866
.024989076
.023535225
.024943616
.018560003
.019985852
.022090376
.029177707
.023040470
.024435903
.021298451
.021907374
.028907579
.028270738
.030597306
4.062826957
.028555699
.027505438
.021933166
.026342758
.031580942
.024069273
.025151119
.019720182
.027292977
.018632837
.020462524
.023001387
.025990795
.022198752
.020550942
.019467221
.025762667
.022341462
.024791490
.022504297
.022955594
.023780479
.025280829
.020493608
.021626496
.020338731
.020760444
.027277226
.028610783
.028171403
4.043501903
.028182445
.023993481
.019144425
.025938378
.024286151
.022003000
.020898738
4.039720819
4.048090057
.027779416
.030419354
.024737760
