.042127280
.017524645
.021700265
.024265145
.021359725
.022890146
.024614031
.022297253
.023548374
.021711361
.021335973
.025026208
.020787248
.021041214
.024216559
.022977480
.024208268
.022818267
.021729983
.022977437
.022527424
.025402635
.025644393
.023172694
.021948781
.024175681
.024520024
.018542678
.023987799
.021014628
.021125297
.016724542
.017399810
.017786530
.018498593
.018994525
.017040674
.018480134
.017359726
.015405792
.016167397
.017578815
.016304443
.017340933
.017277389
.021554182
.017431769
.016520657
.018619470
.017954075
.014722353
.016382320
.016259108
.019769087
.016824791
.018599051
.016741496
.017224801
.016455863
.015601253
.016474821
.019274612
.017165383
.016023932
.015710089
.015985473
.016536447
.016124060
.016097226
.021756476
.018621257
.017131755
.019369321
.016625823
.016264355
.017145422
.017954822
.017425441
.017733943
.016858192
.017108692
.016434399
.017342609
.016400775
.016252941
.016110888
.017204014
.016118388
.017188430
.017491389
.016783555
.014476095
.015253804
.017019380
.017112796
.014449963
.017071130
.016594629
.015758672
.015811297
.017349505
.018908249
.015891623
.015842499
.016464957
.014949206
.014725707
.016640874
.017542910
.016911243
.017164952
.017447993
.017490244
.018991784
.016106244
.018032535
.015162116
.018578863
.017038448
.016902782
.017197073
.018370531
.017612906
.017693406
.017017153
.017712528
.016119904
.018002194
.017471778
.014978738
.016112987
.016195861
.016035944
.016072110
.015607236
.013969904
.016958068
.015269069
.016510568
.016364234
.016024650
.017410858
.017174733
.017977399
.017246983
.014558902
.016438317
.015381400
.015599150
.017552898
.018039939
.016634274
.017902689
.015612859
.019938270
.017138106
.016737690
.018480313
.017579981
.015599566
.016435482
.016691899
.015139108
.017410272
.016597856
.018608062
.015682524
.015791274
.018365687
.016907439
.016029606
.017452146
.015326648
.018821228
.017023313
.017852479
.016398564
.017207271
.015763648
.017572020
.019759685
.017845229
.017752479
.017062105
.017943103
.017871561
.017008147
.017915520
.018281353
.019813851
.016327980
.017380729
.017896270
.016845063
.016553855
.016672480
.016847229
.017566145
.019344726
.018748435
.018127478
.018166436
.016944312
.016830188
.017286979
.016874396
.018125852
.015457397
.018167394
.017954061
.017792436
.018283019
.016694313
.017916602
.015971813
.016158771
.017498895
.018455935
.015688606
.016622605
.016982937
.015896772
.017357686
.017134020
.019180435
.017828603
.018320561
.015709855
.016833562
.017136146
.018455102
.016054772
.017296687
.016705062
.017043187
.017940311
.018141560
.017686061
.016193729
.017022687
.018247977
.018106811
.017684811
.019480018
.017991269
.018788810
.017675395
.017165103
.015841855
.018485268
.016551395
.016646562
.016691812
.018789643
.018018436
.016332188
.016670479
.018127810
.014665440
.017044312
.017247686
.017094854
.016745020
.021017182
.017026145
.015475064
.029803088
.016534021
.015714730
.015906397
.017621644
.016035897
.014494356
.014765648
.016894062
.015005439
.017110520
.018753435
.018828184
.016099438
.017218895
.019081268
.016073730
.015271272
.019805850
.017622269
.017567561
.017824728
.016416688
.014115066
.016053980
.016929729
.018192060
.019274309
.017817686
.018046310
.017596645
.018360352
.015600063
.017036020
.015346189
.016702187
.018502643
.016850645
.017795019
.018871143
.016872020
.015922939
.016720687
.016958229
.017548936
.018582227
.018599685
.018479727
.017721603
.016975187
.016849937
.017565686
.016620979
.016264521
.017723145
.017519353
.017491437
.016252980
.017211020
.017002811
.018556852
.017235353
.015320772
.017643436
.016669770
.018726018
.018444852
.018887685
.016508396
.017286311
.017091520
.017654561
.016492937
.017401103
.017058562
.019982474
.014845397
.017539186
.018251310
.025518593
.020843307
.030987586
.022153222
.020503016
.021135015
.024229803
.023195637
.021983847
.022471597
.023915095
.023959636
.021459723
.023974178
.022426305
.025743801
.025126635
.020292725
.022650596
.024545260
.021160307
.021593806
.024083095
.023819345
.023033680
.023902886
.027611424
.022321138
.024546303
.022711763
.024388678
.021000765
.023479554
.023094180
.020301974
.022518013
.023448054
.024019344
.024483052
.024110803
.021790597
.024146011
.021943264
.020990141
.022722054
.027478132
.025612759
.025441343
.024347845
.022240847
.025387134
.023283804
.025867009
.024075553
.024448011
.023696178
.026875799
.022906263
.023707096
.020722057
.020390266
.027029133
.023996303
.020479016
.023985136
.020894849
.022319930
.029136047
.016548021
.035066414
.017202812
.023648262
.026429383
.022736097
.018435644
.033611999
.017207812
.030022254
.016840313
.015879980
.019522893
.018050019
.016529520
.017129686
.019371684
.015811855
.022662554
.017734436
.020651849
.018092852
.017501436
.016863603
.015872813
.015513897
.017209812
.019615350
.019522351
.015682522
.018896768
.021639640
.017277104
.021613306
.018628685
.018407102
.018045102
.021877930
.016313188
.023541012
.019666933
.030392753
.022581722
.024247220
.029470629
.023036804
.023528428
.023590929
.021323557
.025383260
.022942805
.021310223
.021601181
.024673928
.024211887
.023141555
.020811140
.026268717
.027083549
.022554555
.019081976
.021838473
.027569382
.022299306
.025169427
.022944054
.028795298
.022891847
.022403263
.026435842
.022234556
.026505383
.022767555
.019592558
.023412221
.023988011
.018779226
.026425716
.027296340
.026626633
.022950055
.022826262
.027374674
.018111269
.023038429
.028976255
.018633727
