.028290515
.008845302
.011458781
.011878341
.012075664
.014788431
.015712212
.014725268
.014419867
.014769015
.018717296
.014511030
.014858676
.015906952
.014174964
.016111941
.014144758
.012975906
.017019098
.013241725
.012591053
.015654508
.015243113
.016686117
.013522250
.006952032
.012690464
.016899563
.012910617
.015484725
.014527028
.016238600
.014837594
.015048583
.016271765
.013448379
.015062582
.014016265
.012782083
.014881092
.015379981
.010505626
.016904355
.016330262
.016934561
.015027292
.016308763
.015056124
.016129231
.015479309
.016459338
.014215338
.015056290
.014627273
.014971171
.015770126
.015612469
.012675131
.013335220
.014640980
.016864232
.015470810
.015711337
.021023334
.013430422
.015068748
.015447353
.015238697
.017678479
.016408049
.014069096
.012413895
.009333108
.007356468
.012793041
.017168090
.015808582
.011222920
.013079525
.014001891
.012209657
.014566610
.016728365
.015617134
.015648008
.015217656
.015406438
.015632217
.016106982
.015671381
.013684617
.015986739
.014490905
.015169117
.007338677
.011236460
.014060930
.016271389
.014423909
.016538000
.015474309
.015395355
.015028334
.017576735
.015247946
.015442853
.014790847
.016010155
.017628523
.017062221
.016337136
.017993128
.013232059
.011874259
.013588622
.014360871
.016274390
.010111190
.013300388
.014537945
.015644967
.016157605
.014918674
.016309596
.015826332
.016254433
.015195158
.015121454
.014988878
.013460879
.012716295
.014508404
.016068901
.012653132
.013869649
.017761058
.015351691
.014598024
.016241766
.013569623
.014155590
.016278723
.016158105
.016993016
.014221587
.014380036
.014537487
.015854871
.008375119
.011838986
.012645897
.014981542
.008473420
.013613649
.013362304
.015356602
.011736815
.014594901
.014088086
.016342604
.016215806
.015487607
.015860916
.016407106
.016833834
.015537776
.013924871
.014718865
.013831825
.020550374
.014842370
.015514942
.014802952
.013705945
.010472092
.013962748
.016670410
.015652657
.015541193
.013790364
.014984543
.013614649
.017084304
.014664528
.014460020
.015139258
.016172805
.018997597
.014331264
.011894031
.009566510
.014612069
.014895705
.012938952
.013863451
.016073008
.015966170
.016211306
.020731841
.015964337
.014992960
.014204175
.013256049
.015278431
.014910164
.014805077
.016581614
.014065127
.013539895
.015255722
.012555435
.012590811
.013130169
.014852287
.014072252
.015514942
.016298476
.014625902
.013388680
.014566983
.020089270
.016035673
.015185052
.013943372
.013077417
.020523457
.017990802
.013738904
.014631652
.013942955
.014673238
.008869979
.013124669
.014319263
.015019544
.015939835
.014107629
.013316177
.008740931
.014494480
.014249260
.013536437
.012558476
.015503067
.015384561
.016055591
.014839495
.018877342
.017597701
.015249138
.015816039
.015555276
.014703114
.015681491
.015945378
.015379894
.013530186
.013709986
.013400514
.016411190
.014235010
.016330894
.012280422
.012725775
.015253597
.014967375
.013792281
.015372894
.007929520
.014711198
.014641778
.013984332
.013210214
.014342515
.008406500
.007815849
.013895453
.013083583
.017525281
.016687869
.015091840
.014797618
.014661737
.007842266
.013479518
.014686989
.015418063
.016476610
.014777909
.016483110
.016419899
.014283512
.016255224
.014524272
.015521067
.014685905
.012286131
.012216628
.014135880
.015145300
.016280642
.013797532
.015389144
.008818601
.015688950
.014990960
.016810292
.014573983
.015446522
.012098123
.013711028
.013916329
.016611282
.015227929
.014088545
.009090531
.015700575
.014005083
.014127505
.014170216
.012813405
.014721782
.014739907
.015512066
.014112379
.015122883
.015753953
.013661943
.014534273
.014828495
.014998169
.013040957
.011613184
.015745786
.016531779
.014716323
.015308391
.015155967
.015350643
.016343312
.013577605
.015197636
.014065960
.013405097
.012345759
.013761406
.015571110
.014998377
.009760977
.014207883
.016421607
.015601863
.013784532
.014315805
.015554444
.008471128
.013782980
.014783938
.015988044
.014418787
.014548139
.015598364
.012770444
.012583528
.015031396
.016690368
.014168426
.015598769
.014494262
.013337724
.011520022
.017065643
.013456490
.013232694
.013804481
.017040804
.018910777
.014791068
.013285299
.011286688
.016663702
.014576845
.015388410
.016693921
.016827315
.015679692
.016029988
.014105223
.011927017
.010464918
.015055898
.015565251
.008084101
.015848614
.013597549
.015126565
.016677942
.013968517
.012252756
.014565127
.016706139
.013109341
.013517412
.015818521
.009866219
.015820921
.015495466
.014657351
.015296487
.016388544
.012954443
.015697165
.013945458
.012143575
.015513319
.013823829
.015245323
.015248431
.013205007
.015774202
.015181886
.014674446
.013018742
.012849155
.015052883
.014899268
.013782223
.016297175
.013850290
.013031590
.014156322
.015834694
.015735413
.015330344
.015346559
.013042312
.013461406
.013435028
.014240867
.014503812
.014251796
.010974689
.015677523
.015560190
.014329566
.016186122
.013908527
.014480464
.015344666
.014066800
.012534331
.015271161
.014264778
.015345290
.013677755
.016361001
.014870954
.015872570
.013661928
.014237706
.014790503
.014690530
.014337430
.014337886
.018169180
.015312415
.012809865
.015024218
.014137008
.017360465
.012993516
.014174289
.013268243
.014912968
.014984177
.013982943
.015620692
.008736157
.013249227
.013258739
.013891963
.013196268
.012992241
.014185003
.014367389
.015408170
.016102681
.014337963
.017332981
.014115088
.014799295
.019860935
.014572635
.016073693
.013066424
.012269636
.013048718
.015793980
.014921538
.014710750
