.931441410
.908992190
.908813492
.898535825
.909508360
.914107546
.912204969
.903882906
.892918069
.891915506
.892612785
.881370887
.894972602
.884487660
.915971730
.913300741
.902135629
.885221627
.897789956
.895898334
.907829243
.855521038
.913154091
.883654178
.896968427
.889320369
.909555433
.901496454
.898873119
.902664334
.890059598
.893887878
.860305188
.890253671
.884291796
.890235385
.897248742
.900191352
.896238876
.889612510
.901577149
.890878625
.876483301
.890080700
.881597598
.912798309
.885098872
.863385486
.880330684
.872099243
.896690217
.874523693
.873066330
.881985014
.912389914
.900204458
.884175429
.884199606
.872089980
.889527244
.921688592
.890399644
.877364666
.904234570
.903748441
.896885781
.872140664
.891596590
.883406701
.892417075
.882867439
.895540608
4.906748825
.887163617
.869426615
.882465157
.906488945
.885124239
.880791232
.902753290
.896929624
.903112360
.897956946
.886046115
.908048672
4.903364850
.894412317
.878079938
.890850761
.907829912
.899755487
.891929352
.871082514
.873099391
.891636635
.901842057
.881725724
.897580295
.898197038
.891284091
.911826945
.898710354
.901081679
.892529289
.916731368
.905983290
.898128328
.907966673
.885896858
.912274904
.904209349
.906501262
.906614045
.904144183
.890848650
.892981453
.886099737
.880210820
.894026408
.889729800
.904109883
.899139727
.885130785
.892040291
.900302060
.881314061
.916248004
.881959394
.883449383
.898998244
.874210409
.902746282
.882762365
.918193678
.903812580
.857039740
.879301298
.880695050
.890055875
.885961825
.913195588
.911875551
.872174106
.913097290
.902783011
.878155544
.896905534
.886792592
.893825047
.873717565
.907522746
.901235255
.931561492
.900626336
.886228261
.919622807
.908809632
.904539952
.905229999
.908743516
.891589197
.886534316
.921767418
.912730100
.899274272
.899842963
.891166757
.901095286
.904475340
.902247507
4.899808525
.890447951
.906042448
.901267067
.875878838
.894082138
.883962555
.897956229
.893649572
.896965514
.856516931
.916483069
.903670477
.897652039
.901430723
.898572895
.891631815
.903936274
.906899657
.897306413
.882612935
.896410864
.877945664
.908684188
4.890992935
.910456943
.886729764
.890689268
.912251863
.911700466
.897907287
.900842215
.891571962
.897598384
.898192615
.883235302
.897093016
.883885434
.901490099
.894285358
.899629340
.887479096
.906074856
.900075490
.891551104
4.891467960
.902236834
.892947972
.886065583
.916142666
.884785758
.873129233
.909753166
.899873538
.906977868
.907780186
.902606085
.898830867
.888661029
.919323412
.935606846
.904786284
.910448643
.889916511
.901528401
.897514049
.876576202
.898532790
.918733671
4.892512454
.874715280
.924903061
.888101161
.903124502
.914733192
.914874905
.891453334
.906663167
.906082078
.921297485
.878309470
.900599445
.896196055
.900622396
.885783095
.888990170
.897406315
.901458065
.903872415
.869718143
.884501188
.899191151
.883387197
.901592704
.896410006
.897203834
.885566337
.882361771
.891262026
.916022344
.874903708
.903844813
.913653758
.906032952
.880128203
.880863109
.899319531
.905017347
.910595881
.915606448
.900432273
.883432266
.895403068
.902578717
.855347009
.881609172
.920157964
.887382397
.909035673
.919597137
.901221651
.919895557
.904349770
.883427419
.902994183
.901892833
.900462371
.893005735
.894776195
.888321453
.913945747
.892418800
.904837831
.876825923
.895089388
.887156513
.903649930
.893045877
.894980625
.866512135
.896637741
.901320347
.897768225
.874381544
.884614493
.897292375
.897357222
.909529193
.882655191
.906482991
.878248970
.904348583
.864263940
.898607700
.891276743
.884676445
.889341348
.906645226
.888587128
.901768448
.898645022
.902598438
.909522399
.887489847
.882396560
.904966316
.900314899
.886124665
.878287850
.926719562
.905136444
.930651257
.911498823
.895383581
.886573999
.904021730
.926922820
.904867996
.893743266
.899365486
.903395047
.894396937
.890133850
.875402606
.918569858
.896262983
.881954108
.900112078
.889924672
.887639789
.897265545
.896384820
.891303003
.909266442
4.911205647
.905403547
.887405373
.911582984
.893261965
.898347077
.910948459
.894377274
.916878591
.895176864
.895763826
.879011384
.901258356
.887755981
.889046843
.899451637
.891823386
.892078953
.901248064
.903041668
.908512282
.907637392
.893992228
.877051154
.893555245
.893013939
.894384580
.894648806
.906458396
.875807492
.915649786
.905204185
.892093985
.894564231
.896908052
.917741735
.886411586
.898294969
.904094880
.892851383
.884894587
.892101282
.891810398
.907067536
.877165909
.891618798
.909344397
.928020124
.869389680
.898933821
.888150776
.890164564
.908693663
.877719268
.910788897
.904527996
.924523049
.899029214
.908294441
.904893736
.891404827
.896829081
.890287030
.889844491
.911771920
.888974374
.897046263
.900215494
.889653409
.906128176
.899700286
.888848909
.883909511
.924448156
.909712591
4.887757613
.874922688
.899469769
.888470571
.898073115
.900258154
.887364507
.874050321
.888007345
.909274707
.915329171
.862672213
.906166666
.901175337
.920541565
.894889870
.892168806
.911690936
.892308731
.895964872
.919578365
.907749379
.894065271
.884649021
.880012898
.879799330
.894603870
.897452914
.872279103
.878338796
.907790290
.911161748
.860222447
.888250173
.900075648
.902189244
.896425988
.909524754
.911703502
.906163315
.914825515
.899451368
.887792951
.915678639
.899913930
.904078588
.903961160
.911597331
.896089994
.914745927
.902216312
.900328763
.893918854
.890745105
.893092931
.901338721
.906048934
.907632919
.869328911
.897267381
.905890519
.898111932
.893513750
.912589544
.901073400
.907127320
.891794612
.894245388
.909707539
.870565502
.900596486
.907929466
.895943530
.909222432
.896424322
.900941302
.877492712
.900276569
.894252878
.890134705
.890372243
.915855082
.897268767
.900857867
.911457468
.911771475
.909957073
.906267531
.902890528
.874177227
.909834070
.894222115
.893400912
.923303739
4.900240319
.882050888
.917149310
.899901596
.900282700
.903482110
.877162086
.908239322
.864408825
4.883685895
.887113014
.905845078
.891496970
.870773365
.862909025
.888204630
.908502053
.890807473
.897253420
4.912416705
.928056714
.907265990
.874825105
.876327851
.892420341
.898273405
.896539433
