.038726731
.014496470
.017426224
.019865902
.021526522
.021832420
.019606758
.019406828
.020526784
.019729727
.020040666
.019734435
.022502719
.022848787
.019381744
.018559184
.022886208
.022635189
.021212919
.020125798
.023226190
.022675777
.022619439
.017853593
.046753526
.025327123
.019545561
.021052785
.022689922
.021801397
.023519032
.021785897
.018787910
.027591880
.021309493
.023158169
.022697718
.022947048
.025815538
.019098492
.020409885
.018606209
.020116100
.041775856
.023857560
.021209382
.020150311
.019912106
.020129312
.022270996
.018021961
.023482399
.023116236
.020361142
.020839262
.022587410
.019767234
.020580474
.020841513
.017849922
.022347079
.026959360
.018129586
.021358799
.019287740
.018693621
.021006095
.021111761
.021590338
.019666777
.019897608
.021553756
.019740693
.022055042
.021680297
.019486280
.017497178
.019242366
.021670506
.023688774
.018357376
.021488632
.019538822
.019943734
.022092960
.023594401
4.047270532
.022846412
.020685645
.021359054
.020554855
.021305556
.022781248
4.044034346
.027104995
.018382924
.024027779
.020437776
.021380433
.022652294
.024279568
.022824126
.022119467
.022853167
.018764087
.019523496
.023601993
.019611411
.025664179
.021600390
.020325987
.023749492
.024916479
.020566819
4.050543161
.025196217
.022342527
.021816571
.023833059
.020123332
.021247075
4.038013617
.027143624
.024490141
.018181763
.024395809
.023165816
.017408602
.022798444
.020090001
.022769526
.023400148
.020035252
.018016390
.023075067
.017934099
.019174882
.023537189
.019340381
.019384298
.021542202
.023415565
.019421340
.024163145
.021076830
.021512619
.021907658
.023418941
.022348864
4.027266362
.017513937
.024966892
.023495901
.018403598
.023147737
.024201689
.021808995
.022076535
.021498122
.025097517
.023819108
.021646746
.020920834
.024285730
.013676711
.022218451
.013946501
.022982364
.026959757
.022423992
.020067214
.021459998
.020028923
.020161923
.020977959
.020219381
.018963680
.022048953
.020365880
.025180601
.035731751
.020593339
.020305508
.019641636
.019450679
.024268360
.018632475
.022033039
.023824987
.020414757
.020157008
.023950820
.022309621
.021654792
.022784869
.022458746
.020263299
.022819827
.025300647
.022853160
.018431186
.024609567
.014010044
.026061350
.025162856
.020315550
.020051844
.018483894
.022181956
.026330599
.023402366
.019307848
.021089213
.021694043
.023038660
.019931220
.021540710
.019663430
.018622311
.018880142
.019223933
.020124927
.019798013
.020944131
.023592408
.020954340
.021636586
.020068761
.021646752
.019262308
.020199052
4.042008797
.029125296
.020104097
.023390453
.024487281
.017866234
.022369084
.020039930
.020247972
.021131466
.021250299
.023428871
.022933082
.021514006
.022525542
.020998842
.024471074
.023069540
.019230561
.021785338
.020998093
.020925135
.023520787
.017855736
.020949885
4.033074496
.026023984
.023865537
.016078996
.028018182
4.044042257
4.043188865
.027130900
.020168228
.023636668
.023318545
.022684340
.024581747
.026705570
.024011167
.022597924
.022965422
.022904256
.018686945
.020966684
.020477310
.020933350
.024191125
.024428582
.020206687
.022473593
.022874715
.020930184
.021529389
.023265672
.023108673
.019771607
.022087636
.022680926
.019645607
.021552723
.022302594
.016930330
.021113391
.022918632
.023091798
.026092075
.021555390
.021449474
.020785186
.018097741
.021747889
.022586552
.019614733
.019429902
.020827561
.020065689
.021625974
.022718634
.020321439
.019060528
4.038203060
.017545787
.023119551
.022674512
.022043224
.023528341
.020177275
.024260129
.020338608
.018572033
.023869506
.021023563
.021034980
.023022261
.020959938
.024280338
.026379036
.020136943
.024475171
.025666166
.022395181
.024480755
.022752221
.027805821
.018585826
.016576585
.022036975
.020642940
.023659801
.025176710
.019852153
.022101558
.018510868
.022048850
.022574640
.021522187
.023162553
.020633774
.019783778
.019582529
.020081402
.019237614
.019218573
.021405938
.020163610
.020402109
.023084637
.022155434
4.040963964
.025861043
.019119201
.020531527
.018687461
.017433203
.020516664
.018479958
.022411630
.022459292
.021025745
.023800138
.023283931
.019183107
.021120863
.021726020
.022555826
.020630154
.021142778
4.049148459
.028892133
.021813265
.021126613
.022564410
.020788517
.021128530
.022518290
.020189317
.020511040
.025901965
.022902966
.024276351
.023875802
.021148446
.020232813
.024075826
.020951878
.020925505
.020867886
4.037250230
.022895133
.022473044
.020695775
4.041856369
4.025562108
.027236397
.022474418
.021474251
.017541996
.019092450
.023624114
.020779518
.021993500
.025183609
.021195526
.019921090
.021575410
.025168819
.020498167
.021819931
.017921215
.019040288
.023456129
.019588367
.019912049
.019956171
.020196358
.019881135
4.027361044
.027005249
.020834263
.019473960
.023896759
.018493001
.018671194
.023429464
.020489000
.019667736
.020839471
.021107032
.019011249
.022950004
.021978626
.022674860
.024042621
.022833555
.024361386
.021067661
.021438672
.019711774
.024896883
.022510999
.022335055
.029443213
.024147321
.022786351
.023121781
4.036977325
.023703400
.018353512
.024634780
.016289934
.019563370
4.042147103
.023778851
.024984668
.023977626
.020487626
.022166986
.024383634
.019969127
.023973127
.022822431
.020714232
.018190525
.019020748
.023083284
.017286976
.023386134
.020626572
.019476877
.024147654
.023544788
.019130281
.023818682
.020104449
.018410299
.022678985
.023085659
.019257186
.019675527
.019949295
.017917381
.020042705
.022781143
.016845679
.020614740
4.043572151
.025144779
.021101741
