.043766711
4.038960985
.031132018
.022259608
.019525177
.020329086
.021867196
4.037293667
.026233485
.029415990
.019453940
.028436543
.024779085
.022620986
.023102352
.019618102
.025550449
.022328820
.021544038
.022202405
.026671477
.024499625
4.050527038
.038225747
.027328670
.022272357
.021847528
.026038477
4.041937477
.035213239
.026019809
.024076791
.023937168
4.044258861
.038909694
.022231938
.021843651
.020860372
.025363609
.021273533
4.056789758
.024724282
.021644487
.019367515
.017540412
.022837347
.020561792
.019899800
.030336215
.017986240
.024749199
.021085411
4.043907032
.028898440
.028530528
4.037355360
.019607970
.016956252
.018763897
.021913817
.024355495
.018831230
.021376907
.020885246
.023193135
.034953325
.026918297
.022419853
4.054078531
.036179727
.025241734
.024295538
4.050995360
.029863220
.023219885
.021224784
.022804806
.026332346
.023349758
.019860717
.017287623
.019482639
.028402737
.020213087
.026047058
4.050651408
.027218377
.021031363
.022657314
.019779129
.020416499
.020080043
.020281166
.024986971
.016892479
.040340512
.029307134
.025290512
.021918174
.022562125
.021249931
.020437107
.023774111
.020887519
.025078639
.024556561
.020084736
.018711918
.022881163
.021414304
.019915571
.020351233
.020063862
.019246162
.019202371
.020766770
.021729551
.020458857
.020810062
.023873944
.020492815
.020693521
.021474971
.022696832
.023864278
4.053478337
.034851739
.025824089
.024047484
.024897932
.022350253
.020578814
.020609397
.018014134
.022107238
.027700933
.025779139
.022567601
.025901389
.021753226
.027383096
.019050480
.019078271
.020740474
4.049367201
.031188922
.021808203
.023991145
.023553441
.020007676
.021503986
.019110424
.024705209
.020335330
.021738068
.019836417
.020680577
.021575936
.023183797
.019851035
.020655944
.018115133
.020958858
.021710434
.022298631
.019695821
.019285076
.023793576
.017422800
.021335557
.023453246
.024266819
.023042453
.021859089
.020566934
4.050340589
.030110040
.023175441
.023712559
.022468446
.021369999
.020849962
.023899266
4.041758193
.029744122
.021930658
.021948407
.022526527
.021718160
.020039093
.024583007
.021954783
.020867710
.019531515
.015835801
11.256903038
.031037025
.024855753
.022164988
.022453693
.024382549
.020164382
.023210311
.018111570
.021057291
.025209332
.025731244
.026012782
.023601807
.017285202
.019483931
.020705169
.021508536
.024314174
.024400090
.024901044
.022073322
.021875699
.019820470
.024746421
.022875189
.020106966
.021814991
.021289371
.019653846
.020146716
.023321101
.022981812
.022850356
.027735182
4.051006533
.027680224
.021745700
.023101770
.022646233
.021206038
.022052613
.024661129
.022452235
.026942940
4.043484691
.025800785
.023259935
.021469037
.027581725
.023718973
.018947936
.021425453
.018258568
.022301403
.021434870
.021464952
4.042995071
.026149281
.022617275
.021813074
.024218133
.021451287
.021864407
.028691714
.023556016
.024072718
.021563077
.020003218
.025268749
.022270320
4.053669632
.030011993
.026443195
.025534495
.022324736
.019747387
.020305881
.021696867
.024028969
4.045287309
.032784365
.025212272
.022206408
.024714148
.027185888
.022566074
.025846389
.020032312
.025371784
.024876620
.020121519
4.043078786
.028881115
.023880105
.022201076
.023449525
.017826861
.020293008
.039252838
.027449521
.020079247
.022904223
4.041093013
.035922525
.029489290
.026317067
.024773413
.022062228
.021134319
.024328499
4.049565813
.035373779
.022576889
.020614865
.020975652
.027782011
.018894754
.021857436
.021396232
.022614097
.021326275
.023276300
.017548182
.022046143
.022664596
4.041462832
.033591460
.019873871
.021953519
.019814579
.021132276
.025842194
.024414956
.023400089
.022666596
.022149809
.024782036
.022223267
.020385825
.021016986
.021251067
.022201600
.021362358
4.028688802
4.063896538
.030554320
.023421423
4.044391872
.034727534
.026597937
.021287524
.021962102
.020046285
.020052452
.021729729
.024601621
.020790696
.018033095
.022176642
.025161741
.023942751
.019000461
.023720671
.021188818
.021743271
.021768021
.020626530
.022066018
.024687412
.020185742
.024286457
4.050046823
.026725437
.022344265
.022920427
.024877536
4.058396210
.027433972
.023517339
.022455640
.021669396
.019448957
.021613730
4.044792041
.018475688
.021386102
4.048572001
.035254021
.022264466
.019224648
.021360418
4.048322015
.028395349
.025756201
.020800442
.020522236
.020848941
.022468637
.022738427
.021001313
.021316269
.020252277
.021627309
.020846731
.019214158
.023434545
.030875493
.017871583
.018399830
.019731945
.020428607
.018225081
.026343481
.023386585
.020524022
.022552757
.019044199
4.050918964
.031427316
.024379574
.022193632
.022444713
.022063965
.020201688
.023995285
.022017175
.021067306
.025486691
.023985326
.021174514
.023720121
.020478811
.023416623
.026082604
.019408860
.023669288
.019316902
.021217721
4.035975279
.019722149
.018446866
.018881154
.016508922
4.047166862
.030655611
.024535197
.022932875
.020877265
.020755891
.017496623
.025266942
.026934846
.025755355
.018054660
.023228165
4.052846809
.029163039
.027742882
.020877098
.023652246
.021602135
.022105756
.022582586
.021683468
.019924814
.022090298
.027021887
.024000951
.021845216
.020092646
.019838397
.020760433
.019601399
.020656642
.025102235
.023012833
.026599224
.026474350
4.052394893
.033914837
.026720140
.022959250
.032549889
.020494935
.022311755
.023387163
.022097132
.024678987
.017787079
.019045570
.027228094
.020363144
.021002890
.023491038
.023584287
.020381644
.021409303
.024529864
.022407421
.024375615
.020193895
.019828772
.023385080
.025553273
