.039030118
.015158518
.016575843
.020749304
.018170187
.021295274
.019113016
.019969211
.019447898
.020408012
.020713611
.018706581
.018390778
.022152427
.022517050
.019993996
.020760930
.020541925
.020989972
.018723035
.014774909
.024659323
.020084050
.021971790
.023230963
.021588927
.021155416
.019265093
8.063555340
.025606432
.019896889
.021659468
.024488123
4.046581810
.026061449
.023585793
.024667949
.022288257
.018755058
.022738471
.017895741
.017317155
.025235458
.019506834
.017965551
.025526520
.021507162
.020481071
.020904377
.019216398
.021060616
.022479527
.021216852
.022383312
.019431322
.016531440
.019037421
.021373299
.020243327
.020597742
.020654014
.018987358
.021852836
.023233136
.019017599
.021267964
.020317136
.019167879
.020420017
.018790889
.017000235
.020544932
.021330320
.021059832
.022779136
.018927342
.022576792
.020218799
.019759631
.021972759
.017582156
.018563224
.020290400
.018952044
.023879498
.022447884
.023639753
.021501721
.020484959
.018788645
4.034640527
.025528509
.019620359
.019733530
.019817124
.019551886
.020406166
.022855962
.019111417
.017536644
.020438157
.020695690
.020613261
.022312491
.021035653
.020819605
.024040086
.019851909
.018966515
.017953916
.023167523
.021476290
.024391422
.033660896
.024191215
.023115264
.021029670
.021769782
.018587869
.019562024
.018687000
.020763392
.020395355
.022300972
.018838366
.020556215
.017883329
.017960593
.016634855
.019670156
4.049965511
.016714420
.024183866
.020461272
.013522672
.017033507
.018582271
.019282038
.026022753
4.044641734
.025829795
.021070565
.020287351
.022069956
.020803692
.021013285
.021209588
.019388199
.020951543
.021206672
.020382466
.025324420
.019448860
.016042922
.018439514
.018778129
.022992442
.023090097
.021292538
.020357181
.018680104
.022240435
.022073419
.022262557
.019043842
.017144299
.019927999
.018140688
.018189639
.021198138
.021050619
.019935415
.021847250
.023116307
.023246953
.025962913
.017268823
.018199765
.019648044
.021241761
.025335304
.018999520
.019981245
.021351245
.019647088
.021548007
.019678210
.024061960
.022464245
.019659213
4.032881251
4.031028249
.026668378
.015772405
.018147545
.017177692
.020293262
.019064698
.021166589
.020168698
.017987988
.018359140
.020936001
.021734255
.023777654
.022885206
.019549919
.021571657
.021573365
.022473521
.018025151
.024645234
.018653515
.024596658
.019803426
.018979051
.023070433
.019686653
.018150801
.022530015
.020626219
.020395878
.022721655
.020436333
.019037628
.022782437
.019769058
.020591101
.023938138
.019975654
4.042058745
.026734731
.022413839
.016810681
.020498959
.023645611
.017736169
.021648039
.021412824
.019491196
.013442772
.016950079
.016469775
.021833264
.018211724
.022215873
.022486124
.023646866
.022863942
.023461519
.024404255
.021687830
.021090628
.019224116
.022281032
.020437850
.020413771
.021345840
.016861889
.022434095
.021772236
.021819354
.019521157
.020510425
4.043359171
.021383139
.024686688
.020918208
.021256658
.020567386
.019185426
.020595799
.021083645
.021211459
.021622564
.020089043
.019498798
.022123739
.023207619
.020009766
.020142412
.023974549
.018540568
.020273726
.021661352
.020717660
.017005465
.019621242
.019493303
.021965143
.022203149
.013873307
.013371007
.016372143
.020379631
.018306398
.023480628
.020971210
.019906119
.022996575
4.051164217
.025118564
4.035277165
.024975179
.024716717
.021637589
.021466364
.021652047
.018713774
.019020811
.023450865
.019824568
.021227819
.023555099
.017493746
.018864712
.020040247
.021882558
.018056623
.020626035
.021566312
.022063572
.023827981
.022287500
.018555843
4.044178427
.020799271
.021047567
.024489143
.023099309
.021641024
.017111440
.022829890
.021943353
.019231378
.024635999
.018679502
4.033954082
4.049864001
.020328485
.023666872
.025976034
.017743405
.018637568
.022207463
.020110769
.020383854
.019630381
.016489423
.022010325
.020904364
.019081755
4.032317377
.024538385
.020364575
.018499555
.022668073
.019443504
.018812678
.018884876
.017598855
.020832551
.020852298
.023094347
.020569631
.022268969
.023010903
.019570403
.017355267
.018476313
.022596088
.021320190
.022231185
.024340171
.017093183
.038834620
.021728684
4.043853438
.025149573
.023224436
.020947765
.021788435
.023106120
.022898442
.021918084
.021544679
.020969556
.024534333
.018069558
.018716590
.021174401
.021708282
.022566951
.021380916
4.036586765
.022142356
4.037939247
.025125561
.021326647
.017367383
.021456881
.022358335
.017614891
.022360001
.020326710
.018753811
.023402977
.021767797
.018171521
.019419634
.020799769
.018830510
.022648337
.023714810
4.036591777
.022308272
.024529705
.021760725
.017283864
.021259005
.018917465
.025944755
.025153701
.018402999
4.031139116
.025338268
.021572346
.018938679
.017163516
.021265183
.045983869
.022667049
.019804798
.021643203
.017910688
.018021476
.021192092
.022671633
.018655791
.019371896
.019393979
.023270116
.022075735
.020934435
.021293966
4.043215880
.014785909
.022678474
.022804804
.019908721
.020329001
.021012231
.019092203
.018650424
.019523691
.024062144
.022277447
.021566884
.019500026
.022953552
.020732866
.018651134
.021687006
.023747406
.017334423
.021679340
.023558953
.019239910
.021104190
.020506873
.018896712
.020816783
.023047136
.019158330
.022900432
.021420391
.021596553
.019144748
.017847993
.017889826
4.026864724
4.034086487
.025392709
.022535705
.018665314
.022551040
.020022819
.017018277
.021719730
.021635690
.020448224
.019452251
.021825687
.022781785
.021454322
.018555361
.018578360
.022928698
.020679635
.018258287
