1.144042650
1.155319754
1.179929769
1.125397141
1.135015225
1.119741506
1.144963305
1.113910040
1.152653914
1.171214340
1.151564470
1.156755694
1.145290217
1.143859694
1.116751962
1.134698767
1.126521283
1.176052348
1.171639560
1.127595438
1.127238824
1.145789684
1.123582804
1.155452048
1.140921805
1.109477979
1.144355278
1.117838135
1.155278044
1.176877046
1.140107568
1.113050243
1.132071145
1.123920970
1.111988138
1.139062428
1.123828641
1.102486980
1.140149414
1.160207467
1.123563354
1.170568239
1.166291424
1.120697102
1.113397705
1.121628506
1.153206815
1.160988207
1.130373217
1.134880863
1.147584477
1.164367159
1.142175552
1.134164331
1.149453617
1.139643859
1.165561686
1.142488764
1.153892772
1.131695374
1.122353541
1.174538813
1.114905516
1.145497585
1.135298729
1.127400042
1.151054943
1.120106187
1.123221120
1.134017928
1.128010985
1.166007547
1.148297983
1.162897475
1.162855894
1.161668079
1.165436399
1.151955392
1.153527619
1.167218331
1.162674608
1.168619602
1.127492592
1.171843095
1.155191886
1.141354135
1.150124713
1.120580280
1.138316680
1.137512817
1.140153069
1.153440204
1.089209123
1.118231856
1.145788902
1.147976816
1.151983067
1.125445349
1.162485003
1.129043695
1.134327720
1.147949638
1.145375459
1.152294437
1.146166365
1.170480879
1.142265425
1.121186540
1.130708824
1.135447636
1.133867753
1.182105907
1.129451375
1.110113685
1.142192384
1.127324955
1.150733333
1.173303223
1.177884401
1.150348673
1.142583756
1.158791455
1.134201389
1.140443206
1.137189758
1.143912568
1.144548475
1.163859917
1.146503652
1.141145779
1.138141868
1.148116501
1.152262310
1.115814557
1.133944644
1.140326483
1.146205608
1.143780281
1.161866010
1.117881019
1.150617596
1.145905308
1.138588576
1.113243915
1.131981042
1.123718471
1.149034633
1.181023295
1.136559151
1.137566024
1.171759372
1.110861782
1.160761777
1.186414263
1.131924768
1.151179152
1.131325321
1.140755621
1.152487173
1.141912352
1.133041918
1.161277817
1.131827355
1.179207723
1.164354390
1.158386241
1.154063356
1.138365704
1.144024775
1.129090360
1.131047203
1.146736188
1.159496388
1.100335763
1.149694346
1.161297326
1.125373022
1.155201491
1.160145563
1.176656891
1.149383468
1.146232137
1.151700728
1.139439272
1.132929518
1.129128040
1.153821905
1.157880826
1.121819118
1.117806330
1.172896774
1.132910285
1.090823580
1.148343933
1.138674524
1.146600384
1.143763061
1.123201177
1.152415074
1.168614911
1.112792279
1.136483150
1.131985313
1.154766699
1.135992867
1.171022202
1.160321726
1.172128515
1.142876786
1.108097155
1.156507960
1.181056898
1.159850942
1.112260081
1.172407719
1.157983226
1.168642182
1.141276576
1.116908821
1.156137081
1.156893568
1.142816196
1.141669552
1.152401314
1.126854437
1.150974530
1.139283227
1.131014420
1.117583570
1.115510584
1.145989441
1.135063527
1.176141472
1.130907029
1.200952347
1.165991251
1.135184079
1.141322339
1.138216326
1.131437434
1.171940363
1.132807071
1.141949402
1.144768205
1.153158854
1.123031235
1.163264884
1.157297789
1.154653193
1.148451300
1.140820183
1.172767933
1.148243751
1.158942292
1.124398816
1.131726662
1.120904680
1.130620529
1.157107986
1.138284062
1.158556596
1.141924700
1.117113843
1.139605064
1.119764051
1.133719547
1.151573903
1.170389267
1.160840763
1.156392418
1.175798715
1.171216331
1.139904775
1.151125643
1.150319628
1.138745690
1.119470473
1.167839114
1.127318372
1.135422262
1.138342955
1.145370881
1.113014610
1.126323823
1.174482847
1.145886530
1.120288237
1.132644732
1.123113057
1.130976706
1.150942233
1.125940878
1.120635600
1.143403615
1.146884163
1.150916442
1.150137744
1.145996708
1.115211422
1.153939220
1.139106586
1.126339020
1.138397300
1.166662474
1.157196643
1.167511298
1.137100884
1.159626909
1.109657285
1.125314502
1.130624529
1.143589045
1.170361464
1.121114855
1.121520675
1.128300777
1.155851585
1.186371626
1.145604686
1.121811124
1.144190942
1.108949147
1.139003161
1.150805924
1.112908386
1.131383588
1.136795320
1.127613800
1.149047276
1.166317728
1.118924931
1.146875100
1.124851853
1.155360352
1.126139059
1.134350861
1.122119571
1.116179192
1.138437461
1.142695015
1.125467764
1.133428780
1.146354669
1.146674199
1.132191025
1.133126285
1.121882252
1.133871342
1.110360645
1.148032441
1.146649821
1.149737508
1.153647457
1.135327375
1.161544396
1.187991117
1.163147924
1.128973384
1.170947825
1.166766134
1.154112775
1.126811500
1.141999856
1.134436989
1.139981424
1.120286389
1.137937536
1.167283575
1.148657920
1.190175084
1.142055603
1.163746862
1.166468353
1.157663362
1.145175621
1.160557055
1.113482996
1.161862586
1.167832259
1.140326340
1.140386864
1.137582444
1.122868111
1.161717680
1.133687284
1.107910152
1.150756225
1.162915224
1.146351868
1.158589074
1.145665181
1.122683797
1.152420365
1.157467901
1.141220705
1.170203549
1.139362393
1.127389384
1.134566806
1.168206993
1.160043104
1.132788450
1.131187922
1.127728747
1.127874493
1.139992954
1.115262715
1.127142184
1.143037393
1.137825028
1.136691775
1.149420175
1.147899560
1.147979933
1.139240397
1.135217576
1.136739524
1.127691657
1.132409688
1.161659462
1.134687877
1.138435105
1.157011976
1.147959889
1.148448878
1.151327213
1.171817543
1.163606270
1.154451074
1.144283248
1.154337279
1.165546396
1.138450857
1.146683743
1.149000872
1.159006823
1.155698811
1.150539153
1.142107856
1.132833130
1.170988333
1.134392868
1.142689628
1.114068683
1.121689383
1.168098597
1.124172715
1.154714635
1.133319446
1.108339462
1.120422801
1.171877302
1.106615770
1.132245690
1.165126740
1.140262918
1.152381382
1.161593477
1.139629863
1.148182227
1.148598735
1.144044629
1.143762638
1.122021734
1.153990395
1.116248838
1.149381779
1.174685076
1.131322322
1.169326239
1.105722467
1.202382031
1.166862521
1.157758827
1.153965663
1.118748561
1.173532376
1.165946840
1.107742266
1.113170291
1.140498159
1.163159726
1.165512479
1.122436144
1.164226481
1.145771939
1.136464670
1.181167534
1.164540721
1.129401991
1.123607021
1.166716397
1.167839734
1.146164801
1.121120772
1.170671264
1.154730927
1.116571179
1.138458476
1.130790725
