.706011386
.705191343
4.701627754
.721117595
.686017182
.665387773
.685038688
.718158946
.691193675
.738827030
.686753402
.699607478
.728461717
.739410421
.719227508
.712767431
.691280160
.732872752
.724635330
.704197262
.666132310
.669240711
.748949016
.700882773
.751657430
.752577089
.721174520
.722140724
.715175941
.709288396
.692597305
.707932609
.700948846
.723944904
.726063003
.700115441
.717657407
.712042420
.704377301
.696325387
.698188367
.722809366
.711603446
.742348093
.698649804
.699314275
.693821366
.709769697
.730179666
.669170422
.710804002
.682623318
.744829561
.729607359
.702378997
.675895937
.729339971
.685255237
.701455059
.714388118
.712012560
.705062318
.722246809
11.887081633
.692980649
.694831042
.696205585
.702561185
.687868623
4.698348102
.682339684
.679675585
4.702754581
.688104476
.672900752
.679384679
4.693320919
.694327890
.686135530
.677992135
.689111485
.690708824
.704812518
.695959868
.684982530
.680186504
.678219419
.693047358
.691443467
.686000320
.696560200
.693979438
.681506127
.663781524
.689111509
.685969073
.687584527
.664126899
.701963984
.680785221
