1.182918120
1.178706451
1.163555690
12.367093240
1.167066538
1.210011478
1.185913369
1.179898030
5.195429571
1.199470577
1.211676926
1.175660589
1.183472956
5.174106419
1.213828821
5.206862762
1.146369432
1.198183361
1.192670140
5.182608556
5.189696930
5.175899583
5.209549774
1.212937037
5.201094112
5.211310907
9.223905195
1.153101464
5.193219593
5.185519256
1.170847643
1.178708387
1.189391791
1.186448458
1.190752290
1.185548377
1.169028108
5.199867806
1.176268921
9.194143997
5.164278721
1.170168024
1.179424219
1.179763136
1.175189746
1.200161324
1.162606805
1.170482805
5.177170382
1.166020073
5.189330320
1.189256493
1.156214171
5.156472807
1.209657179
5.197534345
1.190663560
1.169752447
1.179044602
12.436340850
1.148808399
1.189071726
1.193208255
9.185067024
1.176509451
1.202073874
1.207349929
1.197543459
5.192301076
1.175508391
1.170798653
5.191128826
1.166514408
1.173111642
5.183141857
1.177754149
1.181886378
5.177896426
1.178100897
5.189690690
1.181298028
1.175948235
5.201577079
1.174427023
1.177978761
5.177876325
5.185114668
1.191381673
1.186516674
1.177601512
1.180250167
1.170787232
1.172965067
5.177091813
1.192040576
1.193623961
5.192510826
9.185923358
5.188961853
1.177332637
