.073728054
4.076984537
.055765789
.046722960
.053101503
4.079019465
4.082263367
4.090853462
.049924304
4.072802994
.054678531
.045216828
.045127493
.046602720
.049141669
.045863585
.042653753
.044817406
.045088243
.041883535
.043192010
.045294953
.045970004
.045284786
4.082580067
.052583296
.049883720
.050663397
.044183522
.047077267
.042654503
.041847867
.051588742
.046024921
.046870098
4.087631130
.064504198
.046724680
.044164022
.052631421
.050193265
.046600637
.047018850
4.083467743
.057231231
.052890508
.048658454
.042920381
.049763344
.044203439
.048748872
.050843565
.046985350
.045439372
4.092777904
.053082303
.047323687
4.067969296
.072436842
.043226459
.047043352
.048365386
.049516748
4.076442038
.056591415
.055342226
.051338152
.054081241
.049916587
.056187901
4.080474010
.056247384
4.097810629
4.066074719
.052954084
.046310822
.055134031
.046730703
.053950597
.047427755
.050739677
.044768342
.048851734
.047946512
.052619286
4.082406611
.051221100
.055557995
.051538230
.049629078
.043211487
.055914958
.044903552
.047130750
.053000958
.047973012
4.073130581
.056671052
.049119986
.050128626
.054042973
4.084337403
4.091590337
.053598675
.045356058
.042862981
.048339809
.050918679
.049725536
.042387599
.054879193
4.049826913
.051595938
.056069793
.048635147
.073931796
8.121503934
.056109946
.047943371
.047710491
4.084430417
.060024631
.045022410
.043963996
.052462598
.049050416
.049189710
.042769101
.048055690
.046480022
.044782701
.048782143
4.073388939
.054661992
.045695183
4.086578799
.049260393
.054425140
.046456932
.046161928
.045286164
.050518494
.080704836
11.273885277
.059528298
.049718771
.047430486
.042456367
.044852571
4.077522736
.053122658
4.074870860
.054657514
.044244603
.053029114
.065044550
.046416220
.043326464
.042397241
.049744938
.046903477
.046132257
.050839039
.057820563
.045986005
.069137197
.050957749
4.087912562
.057998399
.044904655
.044674651
.044267937
4.085015760
.049151791
.047445098
.050126904
4.085611769
4.089245244
.060430671
4.078527986
.056326872
.057144552
.053021316
.048329653
.051785294
.048466154
.048375402
.045430853
.044532837
.049395420
.040599646
.049165039
.046636121
.047035004
.048866201
.044989719
4.077906668
.061677206
.046369616
.044258496
8.105631060
.057478052
4.090853714
.053933658
.045408849
.052708013
.057256881
4.097703285
.050240471
.044247079
.056190196
.045801105
.044911173
.054456668
.045321722
.048744530
4.053905922
.055913067
.044445374
.048500900
.041428948
4.081131547
.056214530
.043961241
.047679178
4.088790760
.050817690
.044224245
.039725919
4.086012461
.055648179
.044257694
.045095091
.045248887
.043401964
.049168822
.046155452
.065996780
.046201717
.048001545
.044677853
.047371782
.041226076
.065464818
.045751584
.044846817
.043965135
4.066721317
.058860569
.041445045
.040805700
.041984846
.049334563
.054180693
.056186230
.049519734
4.070484741
.058770026
.045307490
.049550108
4.072820348
.071699802
4.078961203
.056630195
.047453154
.050000408
.051397267
4.076087484
4.089746023
.058585064
.049874656
.043009073
.055219169
.046177255
.068914626
.046951436
.043930673
.050010200
.042522731
.047821827
4.079029697
.061463160
4.081865521
.053883888
.046669230
4.101110005
.048018346
4.091765410
.052725285
4.080658445
.060048338
.046409363
.052648402
.043674726
.044394324
4.087791486
.069357224
8.111444627
.056184676
4.084550806
.060415508
.048710281
4.080136429
.054595770
.046363485
4.085980792
.056186259
.048712156
4.084187298
.060402216
.049410836
4.077950928
.057778166
.042735331
.045144503
.045123252
4.089851031
.050221711
.046934087
11.284201239
.059005937
.050314548
.046058418
.047728494
.040852560
.042927559
4.077945565
.060389502
.042612925
.042009829
4.076189790
.059101224
.044137748
.042969223
.041297605
.045033391
.044745260
.047898075
.043571361
.044120456
.047589152
4.067257798
.057974701
.045333231
.045464775
.046850136
.045429565
.041007640
.044587673
.043670987
.044938264
.041905035
.043836407
.047728821
.043693446
.041010725
4.083838337
.051799072
.047026140
4.087570788
.060123953
.046015870
4.063970341
.053552192
4.068410099
.056429043
.047218353
.047784865
.043468650
.046865262
.047099184
.054023701
.044942597
.045754989
.041280480
.041112893
.046186998
.043111434
.043257896
.045847074
.048158581
4.078223677
.057640693
.046025495
.045264103
.042235624
.045919367
.044697884
.042398419
.047063266
.046219499
.044723843
.049803323
.050092745
8.120019984
.057141327
.044539618
.050341111
.045096949
4.076810872
4.066088677
.055980400
.045518544
.045055575
.044492687
.049541798
.054423280
.050147145
.044716192
.043614417
.053181502
.051618843
4.071855071
.062839003
.043425244
.049414876
4.076421159
.052235771
4.067186890
.062736542
.046144137
.047635170
4.070493206
.055059040
.042580308
.044781440
.044316180
.045063655
.044153885
4.060576653
4.083633302
.054226540
.045339676
.050831090
.052022908
.053754488
.044999502
.047621560
4.094068947
.051232015
.049088176
.046479117
4.086856119
.056151624
.050638669
.048220906
.049210387
.043661722
.049605438
.044339362
.045758435
.046627954
4.094709376
.047412430
8.119625283
.064531269
.044405822
.048802544
4.094919320
4.072384723
4.105698430
.061069542
.046412567
.047872637
.044452098
.049194002
.047827220
.047594255
.043304278
.041456939
.040923135
.071644389
4.092909175
.042969964
.046688885
.043196386
4.097255450
.050179382
.042061025
.040351860
.044074488
.044923384
4.092120163
.052828943
.044201117
.043354888
.043845066
4.079409107
.060181990
.046687508
.044727837
.042623663
.047290688
.048216002
.039536424
.043577102
4.082772141
4.100316759
4.099664577
.048719764
