.055999423
.036974836
.033419712
4.077252536
.040365487
.038858488
.037361195
4.055399504
.048486011
4.067998880
4.065392583
.047124246
.037965008
.037515295
.038114536
.035067124
.038134827
.036314853
.038461258
.035764024
4.054796209
.050049377
.040593330
4.055405650
4.067490599
4.078217956
.041856017
.039896930
.035152991
.035522710
4.059402022
.045163825
4.068785532
.046453385
.039850851
.037655616
.035491588
.039602829
.036868140
.035884847
.036442509
.039821936
.038550542
.035961382
.041859475
4.055640502
.045859142
.039679532
.035234401
.039412845
.038170365
.036198113
.036712486
.038941801
.037452383
.036685863
.037030877
.038963216
.037994088
.035656491
.036196072
.038345726
.037065416
.036977590
4.058182415
.050287482
.042908637
.043872015
.036620036
.036298396
.038956508
.037314478
.131461767
.036601334
4.054986480
.046633928
.041922481
.035282900
.037641998
.041297490
.036477468
.035551503
.041581009
.035697783
.038961682
.037027590
4.070256811
4.061441701
.046687757
.044986479
.043204084
4.059571762
.049490763
.041803078
.035422581
.042542119
.038131136
.035644626
.050657891
.052080903
.041143772
.036047417
4.058190150
.049723648
.045330211
.040909819
.066961224
.042657278
.042086240
.039821295
.038200382
.042120113
.036622633
.037997815
.037146675
.039417453
.040540863
.038406241
.039270589
.040987661
.036927442
.038188175
.036367612
.039251966
.038206757
.036168210
.038538814
.038667679
.037391530
.038075476
.039250466
.038615474
.034698494
.039501404
.036151253
.037917405
.037863576
.040218226
.035423434
.040727061
.035432169
4.063233731
.045488276
.040984240
.038452849
4.068036282
.051449423
.038066086
8.080568419
.047356420
.038507070
.038653434
.038242882
.035095253
.039574195
.039750222
.038177763
.036861323
4.060278127
.052443103
4.079583582
.039172475
4.070927155
4.063919823
.051271444
.041793894
.036251787
.035877691
.039438537
.039871919
.040264847
.036932442
.038957574
.036517182
.036567262
.038011440
.041733482
.037925614
4.074403541
.046624849
4.066405583
.044256785
4.066539448
8.102358051
.048639983
.037682507
4.057211681
4.074781571
.044638481
.038095062
.045123944
.039133483
.037047433
.035638374
.038698974
.037591257
.042903185
.036739155
4.052400371
.046917605
.035414738
.036030813
.036065644
.037559030
.038968421
.035652760
4.065650611
.045357633
.040043708
.038570530
.038795887
.035074591
.039406465
.037398954
.036552393
.039061158
.037709096
4.062762762
.048052506
.039191564
.040139075
.041020257
.042233496
.035746913
.039186064
.040485422
.033901346
.037280419
.038253428
.037233965
4.060981543
.041834611
.039490041
.039399590
.086646366
.038613192
.036456858
4.057896979
.048732953
4.059830869
.043272166
.040028833
.035858863
.034806735
.037812587
.040626953
.038552321
.038096190
.039088988
.037490320
.036612054
.036825454
.035948397
.039788684
.036881658
.037906371
.039470500
.040045581
.035742371
.037477779
4.081310964
.042976647
.041907187
4.064278234
.045060820
.038298674
.037492487
.039338678
.036955444
.037494236
.038559654
.038949124
4.056231271
.052622904
.037467613
.036528810
.041853733
.035801450
.039011495
.037563773
.041208575
.034294899
.036683674
4.069352114
.047649577
.038969901
.038582096
.037517254
.040616660
.037013831
.040127777
4.062046665
.044704584
.039964354
4.052237220
.047016960
.044665845
.036403214
.039747295
.038766452
.038415187
.034843206
4.062323444
.044392519
11.269285793
.048253225
.044252569
.040026597
.042339547
.038193402
.042062943
4.074521612
.040954901
4.056466641
.045854823
.039002258
.036102477
.036855462
4.052883703
.046088263
.047134767
.040075884
.037221559
.036858670
.039391937
.037296970
.036673058
.040401360
.039862734
.038687281
4.056587548
.047796884
.041899497
4.059173226
.044214488
.039737536
.036570941
.041118681
.038837978
.038013999
.038047704
.039477721
.036485031
.037933047
.037493788
.038357848
.040605137
4.060952680
4.069916879
.049638927
.038840812
4.083837668
.037600247
.040524033
.042454141
.036194183
.036860259
4.070733768
.043121854
.040489590
.036564089
.036207407
4.060855356
4.069811005
.047861078
.039972412
.036680781
.057642192
.044995099
.040851446
.042858474
.037918021
.039726714
.042205485
.042295024
4.045709172
.050614427
.040142183
.040377076
.038919284
.040775663
.042488148
.040710719
.043636182
.039995162
.042189895
.041071874
.041736534
.037964957
4.073581965
.048085675
.044986054
.041004637
.037415555
.038508857
4.061219494
.058194513
.045992902
.037303298
4.075031879
.048620655
4.059831232
.046339593
.038044617
.036854064
4.077254792
.047526227
.043600084
.040719806
.035920663
.041675049
.034618063
.036624882
.037797177
.037282206
.037179578
4.066546321
.041241988
.039690156
.041642286
.034055697
.035532664
4.064879147
.044412641
4.059449318
.047673623
4.083337860
.039865523
.037385376
.037522059
.036962486
.042317325
.041090381
.038894648
.040541438
.038913906
.038779166
.037944571
.037691623
.040201280
.036676658
.038816059
4.047722480
.049676255
.042153407
.046901034
.053867910
.095664373
.040422049
.037107486
.040778633
.040245771
.040941980
.042748820
.040157720
.037455104
.036613504
8.072579110
.055150511
.040996674
.040473654
.042182772
.042903315
.040552161
4.051904018
.052650547
.042833146
.036473193
.040462202
.037444682
.040533412
.040379686
.040252379
.038336904
.041741470
.040441734
.036558732
.036976823
.041794636
.038403281
.036051465
.038649476
.040827231
.037825791
.035367837
.039166281
.040987451
.037763450
.039620625
.039290623
.040485970
.041732615
4.066155930
4.076238195
.046105814
.042003377
.038255403
.042505768
.042925566
.039180968
