.039868280
.022848665
4.052200970
.032502237
4.048120912
.039850447
.033899902
4.042853101
.027804193
.026199079
.022147898
.023759387
.037985796
.034076779
.021725734
4.039453284
.030093888
.027087033
.023296182
.024208718
.024278426
.020024620
.025712333
.021226904
.021493819
.026045831
.023217766
.029785015
.023759221
.021719692
.038978375
.026244596
.024497276
4.055672217
.024635941
.029417865
4.053821028
4.048503414
.035332371
.030448870
.025192872
.024151006
.025179581
.024000383
4.044965005
.033271139
.031079157
.022446271
.025694702
4.043752798
.035196582
.021513154
.022262147
.040878701
.029032758
.021864900
.021186990
4.038425020
.034651003
.029346755
.021053116
.023541637
.019242797
.020254331
.029378922
.022069983
.020515912
4.046558078
.025821159
.026546487
.019009091
.022905267
.025792452
4.062447528
.029219673
11.254385760
.030214271
.029920442
.023413869
4.048312768
.036384911
.022307100
4.042821011
.035553699
.025422797
.022081538
.021276046
.021947583
.044022719
4.050927609
4.062486867
.028457730
.025542304
.020638482
.024913561
.021171559
.023800823
.026370425
4.022730095
.034870475
.032734580
.026176273
11.258369840
4.052820739
.030825607
.030950230
.023181142
.028250341
4.041993652
.035908847
.028574504
4.055073149
.029392371
.025317371
4.053343334
.032784379
.023250516
.021613241
.022618689
.024061924
.024187590
.021315244
.022978560
.023460139
.022484566
4.057414418
.031134103
4.042166822
.036425175
.027997302
4.040388298
.032768087
4.044008908
.034993227
4.052408134
4.063764165
.031184396
.024944509
.027215941
.027011194
.023586235
.024973302
.026318787
.025622421
.030895164
4.047158312
4.056094152
.043252538
.023974763
.022851068
.022919567
4.051337597
.030775558
.029755571
.025993573
.022831568
.021167322
.020713577
.024122201
.019223763
4.056981064
.032770659
4.053761545
.026767278
.023629777
4.050416213
.034185572
.041565318
.027360994
.025863471
4.062020740
.030047336
.027596367
.024141159
.021881146
.023579708
.025660224
.025797556
.023276628
8.076862448
.033011258
.048432575
.030479935
.025621415
.022260417
.023798022
.021430428
.021714757
4.056178905
.028202048
.027629931
.022126669
.023317154
.025950036
.023994854
4.041398136
4.057783471
.034957377
.026021494
.022527414
.022843827
.023656607
.021184099
.026324323
.019276874
.025729831
4.053200201
.028785874
4.053129120
.028798249
.029306742
.022848701
.027964052
.021099058
.031409464
.021698509
4.048701885
.031185843
.026523070
.037049432
.024837300
.025570750
.024079353
.026990939
4.059219285
.027801886
.022634602
.028169547
.028528415
.020910027
.023880186
.024986085
.019402261
.027151841
.026069775
11.259447221
.034635316
.028172238
.021660411
.020535968
.023793423
.027034420
.022369818
4.029768888
.036826162
.028615108
.020607093
4.045267258
.029544053
.033553082
11.262923194
4.060018279
.026465304
.024682412
.024608913
.020042058
4.047190454
.033243628
.026822757
.021434831
.024832159
.026810549
.025469818
.040277406
.028446902
.024994949
.024640954
.023645176
.024753702
4.055683894
.033071812
.022951776
4.045530835
4.063647315
.028166299
.043789871
.026975195
.025198305
.025247179
.022130140
4.054868527
.032904904
.042088898
.027884643
4.051645103
4.052069938
.038433825
8.068433809
.031558007
4.041591758
.031889419
4.048060457
.036108067
.021337445
15.265597564
.033572349
.026844454
4.055137428
4.047721138
.034560525
.027708086
.025748574
.028070789
.026227067
.022903908
.027328509
.027007930
.022141128
.019850038
.025798990
.027164303
4.041746344
.033859122
.025667785
.023655065
.022768995
.020849107
.023342570
.021524472
.027346385
4.054967250
.026610521
.024776048
4.056742020
.034418280
.023553484
.025075044
.022793161
.025458830
.030368882
.025031795
.025443872
.023572024
.018898094
.028589950
.024304597
.022389292
.021202393
.025516579
.021608471
.025782908
.024817172
.021175101
.024776548
.026333483
4.039217157
.040787977
.024098808
.021620846
4.059225152
.031315409
.044713229
.034204015
.028817932
4.047971820
.028165858
.023776426
.022362115
4.049499172
.031584972
4.056596522
.033496527
.023731093
.026038016
.021048301
.025298194
11.250777381
.027485856
.035278301
.047780701
.026501164
4.048602750
4.050058415
.031825291
.027593916
.021802572
.027513251
.021631908
4.054585425
.034525661
.022624822
.043707079
.024599557
.021186655
.027351512
.026618191
4.046409389
.034994514
.029599226
.026647192
.024762763
.023060083
.022405385
4.047246686
.032827007
.027470095
.018055706
.021381444
.022944877
.022540550
4.045572258
.033960114
.026234657
.026415237
.023265121
.024287396
.025537417
.022970251
.026107950
4.055085062
4.056429041
.028118876
.025342796
4.044431694
.031154410
.026253781
.024684432
.023666448
4.035937041
.038301044
.031323728
.035020876
.030584158
.025145415
.031305854
.024267346
.023553649
.025557366
.020772987
.023485610
4.064895760
.028679439
.028077283
.043048117
.029284054
.022670998
.026197356
.037219964
.033228864
.032545875
.023805770
.026038233
4.052018657
.031596652
.025785720
.024796197
.027667942
.021710141
8.068542677
.044990022
.027739612
.029004424
4.047532927
8.080121666
4.050671791
.036406372
.024974153
.025142858
.023430179
.025780222
.025090109
.039681941
4.053755087
.034835316
.025311813
.023712966
.023754090
.029573115
.019133378
.019298334
.021818624
.021480754
.024498119
.020926265
4.053153811
.034614861
.023037353
.023699633
.021265175
.023895546
.025990802
.030098148
.028320386
.030406934
.023113643
.024727699
.028228847
.022089827
4.046002435
.028550091
.024780115
.024626159
.022692567
.030798636
.025460686
.022467863
.029820027
.024097709
.024128959
.021992204
