.045866834
.027014993
.018842259
4.054517997
4.062698948
4.056022404
4.059377253
.028355085
.029394981
.030558042
.026344372
4.051105627
.035400524
.024158679
.022839791
.030207921
.026968302
.031994570
4.054175131
.032695307
.027446287
.024641426
.023765693
.022533847
4.031540695
.026765146
.022788973
4.053465567
.030434953
4.057791524
.028726029
.022030533
.022087532
.027968168
.030633951
4.054080711
.030463537
.023849790
.025149181
.030339581
.022134073
.020206027
.028152041
.022455191
.022464900
4.043226315
8.075759511
.039584195
.025783295
.023790833
.025802711
.023922663
4.037610678
.044364686
8.076713411
.034889202
4.055960407
4.063255841
4.059612880
4.057667275
.031645430
.024065714
4.057866413
.035678772
4.056020345
.036491050
.030437548
4.064686845
4.065459300
.029310321
.029926809
.025744727
.023968597
.024352548
4.041411458
.036086726
8.058252208
.031876349
.047518822
.029335460
.023465084
4.054423003
.028282940
.027317835
4.044557504
.033755824
.031431790
.029468706
.026828971
.019213615
4.064953344
4.063865742
4.065932422
.030549544
4.045032247
.027636465
.027203393
.025356814
.024136429
.021982234
.018900603
.021721907
4.044772586
.033402334
.024899661
.022033604
.020191522
.020802758
.020249896
.021658824
.019471667
.020504060
4.048082143
.027350407
11.265222749
.035530262
.022735224
.021093763
.023633245
.021075763
4.048525886
.027547446
.023081175
.022042032
.020865893
.021819954
.022026700
.032382960
.023665786
.020570774
.030146887
.024931674
.021369464
.024646805
4.054943453
.030973450
.031178529
.024570474
.021678665
.020302698
4.046068493
.027618153
4.050125066
.035249518
.028386760
4.026915977
.042287023
4.050539848
.041658037
.026335766
11.256977484
.032037720
.026781973
4.056733197
.030639637
.023711721
.026035957
.023388771
.020950163
.022250423
4.052403996
.032871503
.024504245
4.061479288
.043708449
.026770289
.035880645
.025777522
.024472763
.024262810
.019668301
4.052355025
.030886982
.024912839
.021715502
.021120433
.021987829
.022680729
.023192799
.024873632
.029370021
.024195524
8.071359421
.036361764
.026500301
.028212842
.049862844
.023867429
.030585965
.023824847
4.050695733
.034431743
.026345284
.024251796
.025860713
.027017142
.019739286
4.035496108
.029581452
4.064892972
.035814626
.024768575
4.061643899
.038833924
4.052050105
.041323235
.026563862
.027018601
.025227188
.021632030
.021010296
.026529405
.032554584
.037169174
.024544039
4.042996837
.032081388
4.043531615
.042669825
.026047542
.020084112
.024204339
.039626612
.027583878
4.041429825
4.076480927
.031545170
4.057233725
.028755785
.022924146
.024966510
.029464141
.046168223
.025460527
.033887165
11.255428349
.031398774
.025548705
.026036846
4.055927622
.030511228
.025287222
.022681261
.024588141
.024798093
.021987969
.025908643
.024811051
.026754660
.031626223
.025465383
.025172433
.031477207
4.047649363
.038890963
.024432364
.023882004
4.037416907
.039381052
.039908897
4.063208966
.034699699
.025782333
.027023214
.020862685
4.047208200
.033629768
.024087409
.022294876
.023474093
11.258941780
4.046035255
4.069567334
.035731845
.022041391
.023147693
4.046479104
.026180985
.028542503
.019541168
.027050460
.024521905
.026561557
.025493254
.023131819
.025446005
.026496559
.025790537
.023138860
.024604195
.029921256
4.043955884
4.063123063
.029582141
4.054096187
4.060461720
.033112085
11.246248970
.030784633
.028089421
.023378519
.019855706
.024637482
.020139371
.023723725
.023273071
.027559738
.025281013
.019432517
.025605128
.022407269
.023496571
.021537419
.022131068
.023722065
.020931311
.021923491
.025226067
.029494403
.022470021
4.047788816
.040470103
.024772798
.028575648
.032510413
.023156886
4.044045389
.035024512
.022693527
.025643485
.026959448
.020284137
.023337342
4.051997379
4.059318519
.035219549
4.056570864
.031425198
4.048317643
.028427032
.025540156
.049884405
.030210760
4.058217668
4.051620160
.036887694
.023086297
.022844638
.028189818
.051237635
.029298690
.031643913
.028559336
4.054090991
.033566274
4.046653023
4.059574737
4.061032780
.029980878
.029309565
.023393987
11.254742831
.030164289
.032043860
.023668395
.027261750
.026378191
4.062057585
.028679750
.029210317
.022549553
.021897113
4.043204216
.032423599
4.040238415
.032696315
.029542663
.025797780
.024221746
.021008304
.020912065
4.040417387
.034573427
.024702970
.022378374
.023109893
.019637414
.024925425
.021473028
.024985340
.029647951
.022809529
.019105890
.021969471
.023648298
.021362658
.023552760
4.052010824
.024867724
.044854053
.029873578
.025492957
.023662261
.024434863
4.056026515
.028426579
4.063702860
.031103292
4.061200484
.028877191
.032733703
.023241108
.018961025
.023099153
.020759388
.022017976
.019576590
.025634870
.021840982
.021191209
.028189420
.027708184
.020855469
.024974390
.020266944
.019026023
.027062912
.025964360
.023037655
.021810566
.026905625
.027374068
.043334710
.035221201
.041695156
.027384090
4.048894680
4.063016193
.053479572
11.258208149
8.076338230
.036223194
.029845096
4.045935835
.029486648
.030370705
.021707717
.023992440
4.046027834
.032279272
.027663370
4.039241832
.033766186
.027878489
.023674533
.024023189
.023320502
.025874716
.020989531
.025885591
.022075874
.024615004
.019652946
.024543882
.025179696
.022868766
.023746948
.019288124
4.044712875
.029865762
4.043534660
.028097566
4.043660199
.037377945
.028599837
.025243439
11.259585026
4.061570267
.027683407
.025407101
4.043195472
.037081636
.025874735
.021430332
.025912821
4.044576370
.030575269
.028692035
.016810566
.022451852
.030384275
4.038347317
.031856317
.026070910
.021665295
.024653203
.022014200
.024551749
.020005513
.021980327
