.041802066
.020359130
.024472391
4.062068086
.033990766
.025358896
4.044750227
.035895928
.036824154
.023893051
4.048746327
.032696720
.024790941
8.072106934
.033026975
.023259168
.020338210
.023254877
.048174796
.026645599
.027426525
.020598186
.024767323
.022541753
.019513046
.021550323
.022219165
.027393941
4.041344235
.028052909
.031434161
8.067110719
.035598050
.024990077
.020169639
.026282052
.027323816
.035322254
.034724909
4.042407275
.046107854
.040308208
.021338123
.023713308
.021639750
4.038184436
.025924183
.025437637
.027317320
.020643723
.042680884
.028225962
.022790455
.022379910
.024793348
.029256638
4.056051551
.023473339
.023638423
4.046698330
.045592344
.032689455
.029374096
.027812252
.025904279
.027020247
.034591600
.025070777
.023812934
.020922204
.022997470
.022247880
.022618425
.020052655
.023608266
.019692778
.022263090
.022615425
.023060096
.022649426
.023375348
.019995030
.020954037
.023676226
.022978887
.025777616
4.043105339
.038991928
4.059580852
.023938561
.018696687
4.051463094
.030807907
.024183188
.021341916
.025591866
.021892796
.018331059
.021958421
.024244605
.026411581
4.044839048
.029387187
.031002658
.026647291
4.046089391
.036915329
.027278837
4.049803920
11.253402467
.032495419
.027196097
.024004152
.022742448
4.043540766
.032006558
.025099245
.029633092
8.070935456
.033687585
.026196246
.025674452
.022611640
.021771885
.041798518
.030875073
.027689052
.024927868
.022908522
.025805290
4.052181366
4.056036398
.042422190
.026272295
.020644342
.026507463
.022575146
.022086226
4.060828875
.030354904
.027255176
4.057405401
.025728874
.031609954
4.052110202
4.044699738
.035818524
.027354969
.024031905
.023159441
.021785433
.023698111
.027908805
4.046905502
.031706913
.025704125
.025529331
.025108329
.026706090
.036488861
.027487053
4.063340713
.039606037
4.065412530
.035419303
.041398868
4.060466804
.042010120
.027089229
4.039206321
.031795233
.030666153
.024866829
.025645139
.028517270
.027139730
.020260735
.026031356
4.054724239
.039073976
12.079987173
.037754262
.029066365
.026528484
.023338892
.022946266
4.054470635
.032789166
.022196931
.026046233
.024043270
4.045781651
.026165983
.023959978
.027741154
.023961144
.023573559
.026652526
.025133481
4.054372267
4.057076984
.028996657
.027296861
.025325981
.022336682
.025547440
.027548195
4.044029034
.027170319
.028755948
.023359893
.020292093
.024973605
.025743358
.023324684
.023905686
4.035202763
.027131235
4.037742186
.038236556
.026605526
.025075023
.023251018
.024647771
.023826477
.022638308
4.052787008
.025707602
.039015839
.026151115
.025276158
.027460029
.024599992
.021443766
.026027427
4.043577006
.038161226
.027386096
.023283553
.022527803
.024783142
4.060505715
.031305095
.026256308
.029037459
.026903597
4.048712889
4.061023415
.029816607
.028248946
.025379238
.022697157
.024068990
.026056030
.022204782
4.040247965
.036137662
.023988081
4.055114499
4.045257385
.033948958
4.047380480
.032458333
.025817250
.022048250
.025598041
.024446666
.023508541
.025211375
.031443541
.031165833
.031965666
.020819167
.029663333
.018872667
4.043002043
.033481000
.025299208
.025111625
.025986041
.026130375
.026038542
.022959250
.024946250
4.061590835
.031742625
.033596874
.025351458
.024193583
.021144000
4.048351877
.033761750
4.049098169
4.058091293
8.070008227
4.047308928
.037022411
.025443122
.026255132
.027813909
.019124484
4.055529499
.029181852
.028335844
.027887134
.026530089
.022534112
.024098224
.025999474
.020888096
.019408395
.023878871
.021351388
.021873633
.021454921
.022676982
4.040531077
.036038859
.022992303
.023011552
4.054030083
.037738909
.024952734
4.039867101
.032135961
.026226765
.023488087
.022815270
.019532558
.017762295
.025832888
.022766028
.023944926
.022183329
.021213162
.026976002
4.046543479
.036114027
.029119169
.022693720
.027035015
.020568819
.024808459
.026015940
.020642316
.026654093
.025038898
.021395793
4.040174921
4.059950857
.031458811
.029184461
.021172760
.023560267
.022892074
.022647056
.020201261
.021517901
.019729134
.024099101
.024684010
.023225508
4.051684805
.031925594
.022421218
.025225902
.041253636
.026854909
.024874447
.020307327
.021692505
.018386818
.022480023
.024201339
.020342657
.024362409
.022354371
.028051485
.020508022
.023021732
.023837332
.027178015
.018684756
.026218349
.022241300
.026381460
4.046709692
.023052066
.027990637
.028868385
.024942194
.023244490
.025652651
.026025984
4.046879990
.031368246
.025843130
.022921384
.023413550
.019193473
.019556180
4.043620731
.030665583
.022910469
4.050898747
4.056135061
.029472377
.023819010
.023084510
.022929968
.019829598
4.037607011
.025905423
4.053243367
.052828454
.023983025
.023904233
.028505389
.024936565
.023984358
.023736984
4.053194470
.034073542
.023984234
.027072768
.027917599
.022553612
.021440115
.021979030
4.047958526
.034622874
.027855724
.021062282
8.075086437
4.056818630
.031728590
4.045352199
.037845033
.024313357
4.057230972
.033474889
.023329628
.021391391
.023731041
.019082032
.018775010
.027898162
.022776527
.027232916
.021811616
.019727670
.026429046
.026729520
.019606892
.024590448
.024291033
.026028983
.023035957
.022110296
.025541039
.023026635
.026944616
4.042043425
.035213360
.025178651
.019654672
.027582186
.023056370
.022704788
.021778125
.021519084
4.059680524
.027992525
.025881908
.027217861
.023932332
.021177049
.022765502
4.044528637
4.066455035
.030196689
.022889724
.022479977
.022423477
.025360339
.026200627
.040076371
.027531808
.027700597
.021011633
4.046080669
.032340927
4.044585586
.032709638
4.048567732
.037028416
.030490370
.021764210
.030699910
.021997834
