4.069698632
.030395099
.031848968
.026253775
.025226974
4.049113589
4.057963261
.029357799
.024379127
.021726129
.021768544
.024347253
.027774683
.024412251
15.244415469
11.259145718
8.055756790
.038818593
.025957505
.023385961
.024216393
.022768814
.025278109
8.080145885
.029527432
4.063735744
8.077485221
4.064000999
.032091491
.031182311
.047765024
.035519444
.026257855
.038578641
.050146450
.026020862
11.257380102
.028116339
.025203721
.025187138
.026679717
4.054385730
4.049371635
8.083838846
.030183792
4.050570173
.037334601
11.262826522
.029258281
.022079581
.028084816
11.266695559
.031565043
.023501246
.023642034
.021375769
.024852039
.026954142
.020073725
.043575638
4.048054185
.047207850
.029376879
4.048072984
.028702441
4.035762346
.039165922
.024353319
.026341760
.025075798
.025775527
.026838787
4.057264540
.029032597
.027086530
.020829299
4.050550031
.037926251
.023697339
.028616359
.022240048
.018781360
.022700661
.023148855
4.039240617
.040034813
.021698231
.024308238
.027222568
4.051891075
.029652953
.025073631
.023273977
.022213675
4.034246025
.040595010
4.061929033
.024540333
4.052957941
.028589309
4.048029786
4.050346225
.035919877
4.069926513
4.044850645
.033332481
.023596546
4.050735082
.029179011
.027172192
.022362578
.021823510
4.039465518
.035858197
.031949682
.026716996
.024638847
.023310592
.030188440
.038868612
4.052704242
4.052732238
.027128401
4.047081563
4.063677760
.029186677
.029092887
.025395700
4.059859035
.031500486
.027018946
.029232592
.025153915
4.045390277
.029255008
.023923159
.021786177
.022997393
4.053139766
.030016778
.041969807
.026682769
.024691198
.020845511
.026604688
.032124077
.034754213
4.054315487
.031614925
.027524537
4.057434359
.031009383
4.044475042
.036918055
4.054653224
.036970452
.023943209
.026176109
4.041937897
.032347104
.021682761
.019387612
.041374321
.025116404
.026153139
4.049380411
.029436489
4.050300016
.036220166
.023523197
.022483430
8.086523302
.028116987
.025754963
.023087157
4.064564002
.031493107
.023819180
.033671343
4.055097238
.027842451
4.047931118
4.061918470
.032324158
.023665497
4.056598811
.026580424
.027114787
.026015688
4.053389834
.035950526
.025444411
4.047324345
.040898276
8.060356109
.032162400
11.243538480
.032896508
.024229298
22.485627791
.034810506
4.050314587
.027537791
4.051118908
.034777415
.027077882
.021477677
4.062274752
.028094265
.026674337
4.060776743
.030031971
.025732856
.025492820
4.039064571
.030152093
.026756959
4.061680008
.035366229
4.047686639
4.057297553
.031357317
.023587945
4.041173112
.036465539
.028453463
.021117915
4.054423656
.027428486
4.049254436
.033716848
4.053568319
4.067764327
4.042222800
.030817673
.024213389
.056368833
.030090544
.025434682
.028715947
.025488181
.044760110
.026345959
.026517372
4.061821334
4.056269592
.035318059
4.056824610
.027374463
.019994733
.021657742
.021233001
.021943320
.024342439
.024403938
.030258282
.025751620
.043453963
.029586589
.026783307
.023975899
.021924144
.026497060
.021372027
.021862435
.020203299
.019292232
.048379360
.030674711
.022191280
4.040405784
.029052915
4.050907866
4.055478672
4.056081443
4.059028181
.036827154
.027210820
.021949078
.025053316
4.066573011
4.042801728
.032956888
.057801194
.029892061
.028855785
.023328208
.022998046
.020065510
.019609309
.024803600
.027229978
.042063509
.034024911
.026783801
.022622232
4.052175177
.035628229
.023206285
.022492129
.041096265
8.069973443
.040814682
4.043981571
4.065684534
.045722400
.035004144
.025139208
.022745994
.023831394
.023940476
.028384909
.021556012
.025454619
.024093807
.019351252
.026696309
.053962593
.025356652
.027338917
.022086781
.025623982
4.060271347
.032967381
4.057585465
.030538914
.023421637
.026864132
.023080559
4.056078110
.028201155
.029448387
.020144224
.026701384
.024728745
28.239190834
.025899100
.025661270
.021645026
4.052174300
.029990752
4.049389712
.033205045
.039027514
4.048169688
.034979647
4.063251698
.026035801
4.047690266
.031339026
.025358725
4.048912334
.031105904
.021135403
.026801874
.024373946
4.048872792
4.045110590
4.052058231
.034736499
4.047818829
.047780458
.027780621
4.044313697
.042287445
.024672021
.029108962
.022745529
.021083329
4.054063004
.027613443
11.253460062
4.046237526
.048167986
.040466532
.032146562
.028665924
4.057753737
.029112458
.026194524
.023240925
.025758486
.024584746
.019904787
.020672239
.020948861
4.041618547
4.048157886
.028730501
4.045014269
4.066800303
4.063444309
.027612255
4.039868755
.031387061
4.050873377
.024734443
.024962108
.023475786
.024356821
.023124705
.021584466
.022141129
11.253642737
4.049978799
.042366188
8.081175213
4.053339408
.032855612
11.263998424
4.039488013
4.051606655
.037441148
4.057261752
.024184270
.043475778
.029467738
.027656791
4.043043408
.041313667
.025818135
.021769618
4.044582605
4.052237101
.033556589
.052421501
.027735202
.029756484
.023344014
24.213594794
.040907068
.028551466
4.056219007
24.220683395
.027698530
.026129827
.021762092
.027266406
4.051319490
4.064008821
.028617193
.034933967
4.051653078
.026994109
.029985728
.028494362
.025624071
4.046823621
4.050680241
4.043796743
28.230147998
.034666935
22.447272164
.034714624
.024190529
4.056205719
.035149416
.026117197
.025680197
11.256056710
.036931210
.026716740
.027940241
4.050126504
.030664883
.024853126
.023673033
.025335880
.022571159
4.055850030
.035629487
4.054600901
4.049314225
.029916433
.024766550
.019191123
.024411841
.023037466
.023321333
.026077019
.043956890
4.052104144
.036431026
.026098037
4.056973762
.031693718
4.052581831
11.241257157
.029756628
.037356900
4.063652646
.036350856
4.062699810
4.044519216
11.253215145
4.057164481
.032761941
24.222582490
.036832035
.024885608
