.684098373
.738016476
.712440369
.679082332
.691735379
.695315723
.669140253
.687203028
.684265590
.683972325
.706800275
.674211149
.701563818
.675043064
.671991346
.701350335
.703867055
.685343889
.672456365
.679667203
.682271325
.676129911
.674714493
.670625095
.668532575
.684787724
.687587425
.693753407
.689840103
.667105133
.695683529
.687086490
.672351902
.677043466
.689840965
.674382756
.677090098
.687115753
.692121538
.676568574
.658680704
.678301867
.689463743
.676414442
.693721242
.699387727
.699792246
.672180612
.688526448
.673489592
.679602639
.655295415
.679350752
.695130019
.690543546
.700475655
.694313896
.688449737
.671575124
.675692866
.691183661
.702259158
.697278916
.684271741
.683462410
.691536470
.695018597
.678971067
.677951744
.700902633
.703329699
.670204155
.698796673
.666411699
.666011625
.695493534
.694264549
.688440586
.683227130
.666890497
.684855324
.690519603
.665246989
.666392027
.660642901
.689488696
.684159082
.705587771
.682265674
.686430375
.708601846
.674147424
.686234915
.674491153
.679350592
.707426297
.687892706
.675132269
.680769203
.693500847
.685511011
.700049491
.688056382
.683987815
.705539002
.689487117
.683605880
.699216786
.692440465
.691303828
.667949930
.693661857
.680594070
.683640256
.698002187
.698700678
.701823159
.690700549
.688555906
.691296161
.685295918
.700679230
.666034006
.683279531
.695447316
.698398618
.695212358
.700321199
.690210971
.690388322
.693952020
.718727552
.679880253
.678725162
.688674457
.679033627
.669837875
.689073915
.674903287
.663514726
.679568661
.690053750
.679869926
.676718921
.674002682
.685738270
.685098497
.686733410
.678119975
.701473260
.697807677
.689857646
.687657754
.699317624
.689782478
.666006426
.687121565
.683255429
.679446671
.686535247
.706782220
.676420657
.684407191
.694668621
.696210651
.708570803
.672222839
.682470686
.688367998
.674817333
.679342166
.674768456
.697553462
.682571065
.701705112
.700086121
.679359501
.687419704
.706698717
.683817789
.694874589
.702950794
.692400392
.696901804
.686729355
.684429372
.694510288
.683817269
.680817320
.684135224
.693329473
.685112178
.683410261
.696526945
.688730591
.676483969
.668678810
.670067292
.681590132
.664552691
.686603694
.691920820
.695006343
.704640364
.704434111
.695330752
.682816323
.702644292
.701891302
.687594084
.669937298
.673812138
.696382810
.700410615
.701331615
.690248496
.697999258
.675959651
.702551045
.680204591
.672401618
.690468381
.678852614
.706333172
.681677324
.676801690
.693266173
.698973719
.672469413
.690062238
.685604206
.683840419
.686396283
.686497205
.705222080
.664810156
.676213830
.700988767
.683089928
.699304609
.696368377
.691001230
.698622881
.681813490
.669381140
.699606392
.698545380
.703528958
.689312274
.685838513
.693743207
.692529421
.702415615
.698566493
.708770405
.708247089
.699222191
.710365148
.680487507
.664668756
.683154184
.686884393
.678084770
.693335553
.692931831
.692275680
.669955597
.720758991
.687210924
.694626369
.688191301
.700116814
.701464748
.688094880
.700289822
.682717816
.691221891
.692309479
.686037209
.696929511
.704917605
.697215191
.691381981
.690152011
.697904678
.689673449
.688958377
.699751758
.676129367
.669199236
.703038649
.699553166
.680233709
.674198700
.684572439
.666053892
.684072209
.681468930
.694025605
.693609015
.704881758
.693041812
.684626105
.686589488
.692230862
.697920582
.677169878
.675366764
.700823083
.687018548
.689318614
.670902458
.670448112
.675372680
.702231855
.677962082
.684143810
.678415624
.678594265
.702827856
.695309966
.680275180
.696221426
.699382849
.696016378
.658394698
.706494147
.686247559
.695135386
.696386522
.683576741
.690994507
.684049678
.699204139
.629904396
.686163849
.685520281
.702800579
.669237066
.697280309
.682936841
.665501369
.696474150
.686926672
.688098596
.670626956
.685873671
.688998592
.695619116
.689023634
.667952763
.684634370
.696042216
.693134804
.720246342
.692670231
.679556574
.691567833
.692300596
.686858121
.691522453
.700319115
.704641817
.698465535
.691544016
.696357463
.682711273
.691918108
.692303280
.679565793
.675574510
.685531726
.704651007
.672880392
.668660572
.680145912
.676106509
.688407711
.698817335
.685002624
.684031671
.695986362
.688994923
.708012715
.682152154
.698640403
.683330067
.695795281
.700505668
.684846951
.688707342
.675775871
.673738493
.676549591
.679474282
.675316500
.661932573
.687627373
.677773900
.687239225
.688816718
.685492467
.669166155
.668120743
.663200350
.654249858
.652289781
.665818174
.743349315
.680196410
.679138755
.678511100
.698117424
.669686401
.680983291
.680867527
.685211592
.686185216
.662568155
.655378318
.673170170
.669070970
.681221570
.694137461
.674188346
.684964938
.668458530
.677506105
.674428714
.701542926
.692363673
.690899353
.677174025
.667468210
.663189443
.665473959
.662175380
.674974360
.675062529
.657413851
.673468784
.662651188
.665616885
.686882569
.688448941
.658636257
.654317986
.659232105
.687036697
.691217508
.669153805
.691565266
.703704228
.686883361
.694751927
.708105918
.701116206
.709187403
.695887705
.701398881
.661038233
.696229421
.718488588
.683363318
.690909917
.694174871
.723644213
.690285944
.694544506
.705450687
.702066813
.690424610
.702124084
.696892007
.689906936
.685990718
.677842207
.701470777
.685639402
.671260006
.678295147
.699437508
.679776778
.680087830
.681154305
.673954788
.689887512
.687517847
.687967410
.674661355
.657291910
.702647730
.661557892
.695457859
.709812323
.676013071
.687235545
.684163348
.692556213
.688165735
