11.287892120
.037934582
.026477116
4.056227034
.034249426
4.039811249
8.074979958
.028398017
.028287057
4.041643848
.033232569
4.051158277
.031878239
4.044851556
.042625061
.026258067
.022141953
.023870549
.027286574
.025366559
.026810944
4.059262668
.032545944
.022511871
4.046212790
4.052643495
.021853324
.021481114
.026163272
.044764907
.034196789
.025754853
.018241798
.021911367
.021677031
.024718346
8.066153281
.028596290
.027578116
4.040271901
.041446424
.027669283
.047804789
.034171837
.029331337
.026498438
.031205478
.023900248
.023185117
4.039346575
.037434615
.023485620
.023208159
.025024758
.042799222
.033466919
.026926521
.021579842
.027144481
4.049129873
.034310803
4.049699712
.032775954
.021195588
.022207098
4.045721713
.032441951
.048870434
4.046677650
4.049504765
.035237403
.028688994
.021637831
.022094585
.021576871
.023823814
.021482329
.021213200
4.066116992
.027897482
.023490675
.039548214
12.072585902
.040655186
4.051074256
.037565980
.025515368
.023191797
4.056926565
.027865020
.023918863
.019600449
.025067342
.019192941
11.269142355
.028615238
4.039885664
4.054422962
.033598308
.028326192
.052748072
4.046880177
.035822346
4.057043789
4.052386283
4.063836775
.027620385
.025026720
.053270934
.025892559
4.045886624
4.064909853
4.044078949
.032089786
.026384108
.021596320
.023970818
.020945225
4.059432451
.030603303
.025816473
.024114445
.023009718
.022768714
.020658679
.025425675
.024247697
4.045293922
.027728006
.024708788
.025730430
8.069335612
.037570419
4.057946799
.034415784
.019955376
.017413916
4.047953873
.040240985
.026158949
4.062948488
.030721700
.026969584
.046695881
4.067877271
.033093317
.031999956
4.053069859
.034722583
.028448671
4.060880342
4.058408310
.036309766
.023713526
.023325027
4.053168113
4.056418229
.038627833
.023118640
4.050312500
.031618187
.039728185
4.058323619
.030568165
.031067008
4.039736886
4.057646915
4.046320018
4.070336004
.034058983
4.051155091
.029267214
.023488714
4.064303833
.034755373
.025841056
.025742887
.028450571
4.038551404
.034986087
.023998016
4.058141363
.038233507
.024214597
.022573803
.024981575
.022965938
.018795769
8.067931372
.037400899
.025910677
4.057439987
.039959804
.020631378
.021519193
8.064479624
.034817957
.027015728
.036947878
.026373751
28.239629901
.027626654
.028146417
.022797790
.028948352
.023930942
4.048527192
.050424037
.028219281
.029797153
.025266166
.026543989
.037248129
4.041772241
.033782959
.029447186
.025339126
.030257165
4.043973905
.031057423
.027202865
4.061123387
.029026038
.032082449
.025820705
.044140383
8.065272126
.035154019
.025725393
4.033856470
4.061261199
.028501888
.031120591
.024535562
.020978415
.025195193
4.053299817
.030733070
.028970395
.025934018
.026981755
.026962919
.023183313
.025943682
4.048286054
4.047395305
4.055276108
.033030616
.024505716
.029357974
.024939436
.026140886
.023013508
.023052592
.045060456
4.058219976
.030696205
.029351208
4.045726783
4.068083834
4.046250012
4.043500840
.034146133
4.061559973
.026711631
4.048217719
4.060455858
.037327015
.028177131
.024301104
4.059465413
.025774939
.025178588
.022176711
.021971580
.037340724
.032747302
.023954220
.023072630
.034739476
.035332528
.025648371
4.046050422
.039078220
4.046309867
8.078241534
.040502939
4.049158100
4.061461560
.035115757
4.051987806
.035947906
4.048284945
.047848677
.029814681
.021482599
.022540714
.021495225
.021492849
.021588935
11.254743659
.039786561
.031052384
.023843628
11.274080460
.037291929
.024089943
.025246687
.022979784
.022884989
.024432995
4.043814725
.045421468
4.057059504
4.058551591
.032343694
4.049842826
.028364232
.023616949
.021163160
.025276047
.034317048
4.044517250
8.085570951
.035834239
.029107280
.018834711
4.036420917
.028297422
.031566648
.028680851
.034480322
4.046674372
4.049825759
.037776696
4.042720326
4.038811406
4.056492630
.032097182
.028279853
.031632418
.024634155
4.057333199
.031567499
.031170195
.024448607
8.072298051
.035242700
.028926320
.030818965
.026634370
4.049142354
.029181859
11.239283957
4.054733349
.030119552
.029295942
4.053350792
.030096384
.028306410
.027060286
.025302397
.021559151
.023677427
4.040117741
.027923064
4.056669064
.032587672
.026257094
.021750490
.023532006
8.087130945
.037718146
.050749256
.025461839
.028532691
4.053478428
.030555840
4.036129981
.031026898
.026328076
.020966358
4.054675676
.031398868
.023323269
.020004076
4.044930646
.039519678
.020220167
.023337560
4.061146554
.032384201
.025385867
4.028423779
.035667882
.035631070
.025456728
.026115166
.019507194
.021443634
.028304364
4.055908993
4.055193611
.034435354
.028146312
.024619653
.024817160
.022711839
4.045884117
4.042991956
.040528390
.028847626
.027854844
.024950164
11.257531302
.031368419
.027417788
4.050471570
4.060253437
.030560851
.026130619
.036597093
4.054655705
.027175078
8.074019352
.036594394
.023820549
4.053941460
4.051972850
.032153600
.032198473
.027176677
8.067129574
4.062879357
.030584835
.026296939
4.061572843
4.068990521
.061518423
.030226068
.025014683
.022068417
.028825896
.025660371
.024872970
.022387052
.023331333
4.053536707
4.042114788
.034542129
.025180353
.022459094
.024510539
.022925777
.024349075
.024508081
4.067062501
.035970927
.025366568
.021204843
4.068895058
4.053711052
.031966251
.028196498
.030356071
.027957865
.022848901
.022585266
.024837093
.018182200
.023723721
.024340576
.021711236
.022987196
.023273997
.021502187
4.047080550
.032134840
4.056306436
.038025123
8.081960491
4.039244686
.034763262
.024943887
.027260758
.022378592
.019666333
8.076274837
.034221786
.024709463
.023287539
.044916811
.026174344
4.059904439
4.064552973
4.044441501
.029785758
.027063082
.023327165
4.052091454
