.040034155
.016737849
.017759009
.016610475
.023027475
.024361925
.021032988
.019757871
.021961357
.020999154
.023989676
.023506847
.020346325
4.041749726
.017267804
.021434152
.018452713
.020319534
.020781406
.020428700
.025895622
.023147516
.019863204
.020403992
.021326986
.020884864
.020152118
.020554824
.021580567
.021711942
.019866787
.019380665
.020117201
.021784025
.018900460
.024405508
.019660413
.023091849
.020734823
.022212730
.019309166
.021161820
.018461713
.021178320
.015071902
.015253733
.022344812
.027103365
.024043885
.017079306
.017401261
.021877607
.018447338
.017260554
.022547394
.019082708
.020194326
.025196877
.017990841
.019030084
.024129967
.020283035
.021387444
.022284854
.024016302
.021139654
.021925815
.020945530
.026071872
.026471369
.021444235
.018619379
.023174473
.020245659
.018431421
.022302146
.019478956
.022434020
.022566561
.020494950
.019614705
.022602477
.020101493
.019580830
.020591949
.022883017
.021506401
.015694772
.024473090
.021486527
.018866126
.020211326
.022028606
.021982064
.022778893
.019859787
.017853258
.023972051
.021490818
.018038299
.020829280
.020370784
4.031215419
.025622541
.021366819
.019816079
.020617616
.025166627
.018871502
4.038101374
.024901338
.022633227
.021099071
.020703490
.024498840
.020913530
.022773018
.023708970
.022539561
.022040190
4.039943778
.026134621
.016415726
.017260304
.021311069
.021425944
.021183779
.020080578
.022305938
.021779899
4.031170961
.021086445
.022459978
.021961690
.021927607
.024833005
.023392681
.023750720
.023093058
.021272819
.023650928
.025720707
.019636372
.022129980
.023949719
.019148750
.022152356
.024770838
.021159820
.019278749
.022631311
.020381450
.021301527
.022116397
.032790661
.026120704
.018031716
.019164042
4.037541294
.020980071
.020500032
.020908155
.022157480
.019908328
.022921850
.026139829
.019940203
.022338354
.024354633
.016550016
.023482180
.024844963
.021042029
.023749179
.017353762
.020588949
.022562019
.022902726
.019287707
.022009857
.023067725
.020056619
.021338360
.023389389
.023296848
.018493129
.013165498
.014846320
.018907501
.019707663
.021271570
.022700394
.022271855
.019117375
.021191320
.022716685
.020226368
.023618637
.023793636
.021316778
4.041514031
.024919730
.025508093
.019487721
.016474949
.018410844
.018791848
.020761622
.016671097
.021942595
.024295724
.023634730
4.037990473
.028313513
.018868758
.021453556
.025137688
.019019270
.019460654
.024117398
.019722184
.020290333
.025621279
.017336910
.020664914
.024127437
.015880448
.023412562
.022195632
.018714440
.021771041
.024082136
.019874154
.023179699
.013294150
.021122130
.025052873
.025938933
.019935492
.023882695
.030773978
.022434191
.019111269
.017538881
.021081411
.022725181
.017506585
.020481675
.021029779
.017697565
.025157627
.021084160
.017123291
.027386214
.022791772
.018884992
.020496177
.022562913
.022405728
.023152688
.019883773
.019107017
.023227697
.021621264
.022340721
.020817713
.022209372
.020711034
.021002775
.024538346
.019841977
.022289465
.023177316
.019719046
.020645692
.019748132
.017890712
.022882698
.023494394
.024908680
.020242480
.020279609
.020539806
.018961417
.033640375
.020931203
.021062926
.020617249
.022482255
.024163365
.022267689
.019674932
.019526790
.020027515
.020605456
.014794661
.025305621
.023972969
.024336010
.020866319
.022284483
.017647323
.019748273
.022033328
.022310068
.022368409
.019367646
.017650990
.021457179
.021575066
.023039402
4.045230379
.023336811
.018289021
.021506391
.021727876
.019125701
.019968589
.018599182
.021772589
.021150267
.019311347
.021532561
.025250156
.021277531
.021693163
.022394202
.020129108
.018720488
.021255738
.021983029
.020895363
.020157236
4.037559873
.027647890
.016566364
.018834501
.019396232
.020242788
.022852879
.019980049
.015584085
.018579388
.017642530
.019565459
.033423220
.023286971
.037652995
.021658883
.019441506
.020158129
.023553225
.018346256
.016027660
.026967448
.023720416
.023126973
.021558339
.022689008
.025133616
.018653472
.024093916
.024894964
.020251442
.017550639
.023619571
.022225665
.024384282
.020704512
.020208581
.022865919
.022772786
.022347909
.020038465
.017421740
.020598313
.019250926
.022008042
.021040734
.021761523
.023268348
.020547147
.019108996
.020943605
4.043923085
.023685209
.019471093
.019056172
.021904568
.022969602
.023875535
.021306961
.018069189
.018125912
.020319153
.021849780
.021240004
.018926999
.020924927
.021506116
4.039979968
.021271652
.022619260
.024268818
.020210118
.020767721
.021077797
.019845787
4.047109538
.021733458
.020917367
.023066856
.020495195
.022315397
.022835539
.016753155
.030845365
.016752900
.023553753
.020583871
.021428791
.023951036
.020766669
.023640130
.024188061
.019464452
.020971856
.019109624
.018707061
4.048719986
.023036976
.023738134
.019120687
.021208742
.019347753
.018473499
.021178869
.022730866
.019758052
.020761158
4.026334644
.027335993
.020144605
.018540017
.020367211
.021934545
.020895309
4.030671684
.026189669
.019970256
.017403398
.018341998
.020877769
.021986303
.022739801
.020372590
.020177777
.020429638
.020394217
.020186820
.020861017
.021652143
.017662593
.022703923
.020731587
.019557003
.023559930
.017233089
.017205127
.030735681
.022101543
.022098295
.022589868
.018202030
.019489692
.024784535
.022808830
.022435051
.023069489
.021602018
.027187299
.022620109
.017890478
.020333766
.023120807
.021318955
.019418889
.022625860
.019938535
.016738520
.021430374
.022264660
.017865450
.023904487
.021887836
.018141476
.021628138
.022395445
.018570366
.022821296
