.702016786
.735005637
.749064220
.747694924
.726515010
.707520027
.694428640
.682084086
.757385013
.739100035
4.711212949
.681500571
.743317654
.762726195
.757662004
.714993537
.716632769
.723741584
.675784079
.662735496
.697824259
.678358638
.685932553
.751937835
.673770129
.691268883
.703776447
4.698049328
.754178297
.706869941
.674369944
.718834025
.726707368
.702707114
.665750364
.716858157
.695226202
.667912738
.684773509
.728130839
.710029395
.715926829
.718531096
.691723068
.725388276
.682814060
4.721781238
.680517513
.743210110
.709457675
.706603265
.662366329
4.738241442
.683420210
.721165171
.727305132
.752060883
.684925416
.741808343
.745125226
.751648562
.743389958
.730041409
4.678000382
.720301667
.725048181
.693117838
.709809016
.713983759
.699918806
.729396598
.676821883
.706714941
.737343985
.721099115
.703296602
.749394737
.687461289
.705118921
.696360254
.727454357
.712069187
.698052318
4.707463272
.693652025
.682769943
.675676589
.737080433
4.733525309
.770520406
.735425458
.714613580
.723051364
.690615313
.692011418
4.696176900
.677500103
.720819678
.720926446
.794942304
.703508429
.694226081
.705657059
.675372330
.705313426
.711506704
.666055606
.710012858
.709643844
.719392757
.709139368
.678622751
.681514154
4.692404940
.754263247
.680274690
.711516042
.685047454
.744501961
.742835772
.661175465
.646781794
.660599276
.671439105
.728682527
.685615684
.674472345
.750978164
.727428937
.705929288
.732933647
.695568811
.736743499
.724475034
.660966165
.689487331
.756082983
4.770498993
.722241138
.737861240
.702878933
.753221730
.693187416
.724601445
.691439128
.704432000
.734104081
.733781865
.718730843
.705397802
.733327313
.703620989
.720295992
.714301767
.727324800
4.684755092
.685468350
.735865373
.695630816
.695144756
.716548271
.714523278
.731251824
.728839692
.698732433
.703013386
.697468677
.680758631
.704502776
.742159527
.740982274
.699495628
.717399511
.665729774
.675344428
.690313366
.672354981
.710403748
.702577453
.682100474
.680065522
.699413792
.711477788
.699743262
.699137734
4.689247492
4.702362200
.709849724
.712305213
.707690640
.706165053
.701277546
.714235826
.693927616
.693066295
.736788011
.756525040
.685679859
.709528081
.720713625
.713878954
.690495416
.749992509
.733738821
.731154266
.699665550
.703583863
.742430770
.689886103
.757596127
.695897535
.718416166
.704295265
.752612108
.702885504
.699985812
.718780847
.747315202
.729319281
.670011194
.715386178
.699328288
.762612773
.736645721
.682799880
.694534192
.717670930
.740566659
.725525015
.684016174
.708487338
.692959970
.708777506
.703242726
.717749554
.770210004
.755431088
.753405341
.692900423
.752568042
.726115329
.709159691
.693618624
.730359382
.739365612
.740545424
.714938369
.696436571
.691476352
.695762181
.724031851
.720981784
.720829363
4.723369218
.705935152
.689711554
.740181248
.715374000
.721154588
.723921940
.738642734
.732570968
.681858099
.657938425
.693514862
4.699659400
.755017629
.702192348
.716848639
.696672270
.690775719
.761255900
.744992926
.717946429
4.717235674
.745252894
.718888692
.725771002
.722392274
.711205398
.685285416
.745079588
.720222785
4.698097564
.714989719
.702264739
.672250206
.713201414
.676162868
.735333734
.665985968
.696934097
.680065862
.710180251
.736461084
.733969037
.696655305
.676656077
.706120109
.709473106
.704471299
.693448107
.709001798
.723846004
.731535409
.689999814
.693440357
4.685122391
.708094556
4.677473446
.662023838
.677714326
.712838729
.729891308
.662677071
.753481250
.689816891
.742987493
.732371148
.694205718
.711177752
.726505414
.697787430
.716153168
.698650558
.708374890
.727125873
.730984638
.715324649
4.694674582
.677126689
.741426178
.677617203
.745827864
.728019611
.709733379
.740818122
.649196093
.727476234
.690654041
.688438838
.732734302
.724798465
.709917570
.657751688
.709814680
.694432059
.700737163
4.733624820
.684009179
.699314865
.668639120
.725774846
.661640344
.760221596
.778904479
.700883964
.684929049
.719248920
.676750606
.678490791
.685429151
.673278906
.752991554
.716649126
.744724133
.755216922
4.727481905
.689428655
.734557195
.719423679
.726330062
.676249243
.755839987
.727744523
.734851455
.715323634
.726856203
.720608716
.755136257
.689668997
.692905556
.768825311
.715745439
.728976384
.724363707
.740373387
.697719029
.697177480
4.719220894
.749364228
.722482062
.691999842
.727539827
.714056113
.733892133
.696965857
4.756427870
.745901849
.772817778
.752100212
.697056026
.698605872
.710849022
.737745455
.703635356
.708646112
.731613024
.718008644
4.669912140
.722146713
.717837521
.680320829
.688680164
.706013017
.686710907
.735974852
.765444383
.723244658
.728366745
.731254901
.748274411
.759464484
4.724726536
.730570134
.727349969
.724949951
.689204386
.694805944
.746419573
.636036093
.686223228
.719582983
.700172121
.711079920
.726194889
.712243697
.734219167
4.769340023
4.714833859
.711202426
.727858317
.726320514
.722784318
.722849789
.732951627
.704107141
.735467409
.763946063
.668709168
.739769189
4.716545820
.711409920
.726356950
.714324325
.734925951
.728710841
.703536771
.727713775
.715550271
.673993969
.776952931
.721584960
.695372447
4.726480409
.704421751
.700104604
.723556008
.709436289
.690302907
.695577828
.738199322
.684901193
.691246764
.697028779
.742340164
.667073643
.700099740
.747613505
.718914528
.725890015
.698043830
.697233560
4.741147444
.714522390
.734705438
4.725934382
.733549124
.708905342
.727941792
.733114373
.679822916
.713746297
.712524020
.702847667
.708721722
.701158629
.707187604
.675868827
.694284593
