4.747206789
.685702016
.730940661
.719313377
.732612341
.722532638
.747437530
.721491260
4.751835315
.711190850
.705425787
.715334596
.712862553
.726870304
.732869029
.722127165
.718625110
4.713545868
.721484781
.706395587
8.735625493
.704805160
.728546132
4.735299042
4.715036908
.695175526
.729048939
.728734481
.699097632
.717453057
4.705305121
8.701522398
4.695175039
.730875814
.698924261
.741299393
4.717479488
.737103504
4.710921363
.747040233
4.706991649
.730361911
.705763816
.747129667
.738459345
11.899531620
.745425637
.724549014
.733674592
.736613880
.711798509
.713893568
.736987341
.699357581
4.723056244
.737594848
.718168338
4.762730794
.735183350
4.731710289
4.729969753
.713283777
.710715895
4.726242470
.736986440
4.706857934
.716921169
.737238386
4.738610407
.721252270
4.721907797
.708009646
8.709489702
.698550886
.716708749
4.694329240
4.730772689
.708247152
.740785055
.724980470
4.714757029
.725091139
.699444300
.750131996
.701799889
.767390331
4.730384392
4.739449486
4.704218131
.722496367
.724780884
.724076897
.737428048
.699596670
.714185094
.706570117
.722983303
.712579498
.700728984
.712752764
4.718895734
.709472497
.725349362
.740346169
.722191681
.699240567
4.697309811
.721574292
.723880270
4.732573826
15.940673147
.719573418
.735319397
.749177494
.718337422
4.739241974
4.695657990
.736326233
.724501481
11.897082110
.714311634
4.721845788
4.715217170
11.911055085
.736865341
.721563054
.715995806
.713199352
.707940493
.710594417
.731202991
.694400799
.711665440
.729571549
.708607303
.717146662
4.696136943
.714562575
.724720047
.731214662
.722930515
.690151018
.718809026
.725949027
.724510751
.732340765
.721069399
4.717292235
.716505109
8.721441003
.721449656
.715280963
.732412183
.720130341
.719028387
.709355656
.741993519
.725833268
.703066883
.721980881
.716577358
.746730827
.716940028
.713313352
.728585170
.728292922
.725076995
.722487202
.712106021
.711522887
.729361287
.724888709
.736618417
.703558250
.730512060
.722998719
4.736831441
4.700773639
.725560348
4.734435317
.728568068
.714723074
.745417532
.693295196
.713751973
.711403307
4.723076909
.746221839
.733162857
.739987645
.721535070
.711183220
.728290356
.720211421
.695600694
.706145249
.727044614
.737611396
.722758308
.705059689
