.913000325
.878310106
.890121213
.852420841
.860880788
.882001123
.878210122
.883858305
4.907101214
.868286345
.898749446
4.893158698
.905863559
.880782641
.887087688
.885190072
.878952800
.908994855
.906163367
.886885771
.885214370
.906607277
4.900792989
.911935293
.910717638
.911413459
.890696084
4.889596343
.885773958
.884683463
.876004292
.895209416
.902105089
.895549812
.916228912
.902566796
.878935118
.904281339
.915217453
.889156945
.907831364
.894254079
.885597907
.888949368
.908914728
.916036677
.894592940
.889457432
.924490027
.911465157
.910721273
.911078067
.898246078
.885184316
.902975727
.898727254
.892574911
.913601530
.879344161
.905206223
.916820358
.905837117
.902837117
.916772529
.901710100
.892340595
.888359848
.902756424
.911952510
.888211931
.916978160
.897797480
.897751705
.896739809
.900616883
.910387891
.906938372
.882724576
.895735293
4.898970273
.896087219
.903692917
.895284077
.907818279
.891970293
.896630335
.908777631
.887665177
.908650228
.906224738
.898075174
.894610683
.892219099
.897014913
.893491716
.903451475
.905018506
.888418044
.893618873
.907819625
.884757080
.904220828
.906833373
.913626898
.905495856
.899274211
.906599666
.920045187
.924308738
.919629864
.929598873
.924270135
.907718874
.913917870
.907370607
.912457726
.905983492
.882328873
.921843021
.905626111
.893450585
.911640691
.883196723
.906600479
.897785492
.893697586
.898775691
.916096807
.893757302
.881704985
.914084003
.902840846
.903208716
4.894398898
.904600184
.903788353
.893582906
.886590979
.904189162
.897179970
.885096474
.899216209
.899707743
.905357178
.890986522
.895877824
.908162106
.906556655
.890421732
.903174702
.902428649
.877018337
.901729379
.917126472
.902254937
.902167952
.896007682
.895996847
.890721570
.899983279
.894896441
.890781472
.921959273
.906331010
.862989580
.901791095
.912734664
.876951542
.898591959
.899016616
.903221323
.928884927
.903975499
.884826137
.899936411
.921749521
.895417454
.903979745
.906419572
.889077799
.905835656
.900537467
.900973262
.901770123
.904906051
.894343073
.898773737
.903634821
.907693295
.903269125
.911184905
.918143855
.896156328
.892755052
.917464845
.907684083
.907237163
.901887096
.913822121
.868545382
.907452748
.908328942
.905808549
.885981258
.911418646
.905751288
.897823905
.901831364
.884325157
.895581386
.906259540
.904773526
.892810962
.883853545
.894544513
.900214101
.899914766
.907190482
.907746523
.893358080
.903723835
.893948750
.898683712
.902949173
4.900048418
.912861566
.911720933
.898910475
.898472587
.911608910
.902477841
.881052327
.887006223
.924124690
.893873608
.906025516
.889053697
.903011075
.904692545
.899472317
.896841459
.889122632
.880371690
.890989991
.882857667
.907485726
.901244006
4.887256786
.895233636
.892363183
.890984187
.891372424
.881690800
.911209476
.893579181
.900637225
.874230302
.892021285
.883997010
.903878230
.897747601
.894119367
.901630248
.886284184
.889538553
.896305735
.917923651
.929830478
.901555890
.878004925
.910520827
.906202618
.875882212
4.919801669
.893090880
.872014297
.874616341
.876404559
.908135272
.910218986
.897285559
.898364339
.892160212
.900065238
.892282306
.885332558
.892786507
.865409981
.898527119
.890666368
.887543607
.905196766
.902210728
.893738078
.881764623
.901473000
.892119584
.902367917
.894489654
.892402220
.893114660
.880134258
.881908381
.906662029
.902344727
.891148026
.902590098
.894738860
.880186324
.903303691
.894220246
.924824540
.902473197
.899081451
.921938201
.907031122
.923680554
.909775227
4.897382058
.897019083
.897476981
.900549440
4.906533914
.871427227
.886919098
.895129286
.907479593
.896583983
8.895973131
.900085803
.932219685
.885409306
.886244312
4.898087618
.897640232
.868221136
.889756120
.885502393
.882608668
.887107585
.897394955
.887035121
.879526269
.911608012
.904856652
.887558821
.885453817
.892466518
.902846387
4.855335916
.944192905
.888893926
.897006944
.875917423
.891217576
.900568983
4.889298539
.874559344
.902480001
.882000683
.906739143
.898266130
.887776840
.891094013
.891712389
.889266011
.895280419
.904740418
.901485793
.876113641
4.869511104
.901765895
.906346902
.901590230
.900215926
.901155626
.896060132
.875416600
4.895377858
.896093575
.877608880
.887461560
.897300845
.892440612
.865838788
.899801751
.916916200
.893858752
.891824946
.897201321
.894875708
.902564058
.894568594
4.889416601
.895038697
.911630110
.889238751
.907350923
.902347506
.889657771
.891577889
.905871487
.904936415
.910783372
.899478766
.900460781
.894395653
.905657294
.883165145
.901146847
.903782956
.883349848
.899330012
.908971702
.928762517
.891442938
.911997274
.879685463
.897328786
.904791004
.917813744
.880069243
.898778133
.891418160
.892685465
.898084720
.903993452
.878157116
.880680730
.905351042
.893940390
.901683282
.897144093
.896069849
.895996750
.894227637
.883236138
.897134813
.903793164
.907944249
.903843091
.903381493
.883710392
.916467087
.889769418
.886020838
.916937043
.869481001
.870549935
.899627292
.928419166
.883796193
.907635277
.915672150
.892609202
.917336024
.878783135
.888338489
.900918228
.894038738
4.885583960
.891627622
4.899545223
.902130978
.913929553
.903212342
.890990634
.915831853
.899649255
.885031030
.900104193
.888267800
.883375109
.912370093
.908111242
.906927181
.886028237
.905624377
.904185451
.892290615
.910434325
.902067359
.898541880
.897008111
4.872057684
.896645448
.876218892
.905649841
.892052029
.903149203
.919812324
.892468091
.881269457
.889485772
.888060458
.917704048
.887138952
.904241151
.909282265
.900474964
