.693251598
.696695196
.724160933
.727355612
.697954515
4.758973695
.738776163
.690368191
.702389687
.704212786
4.704754250
.709290840
.726171470
.730295692
.734268173
.695449518
.725309372
.698470110
4.728361559
.703704959
.738472357
.714218605
.714869255
.682204973
.713235022
4.698112458
.705624405
.769573860
.738041442
.701990866
.714613589
.738986254
.715085212
.710160007
.721759718
.673199671
.727127802
4.758752944
.694235005
.752824696
.728054718
.704581053
.673778572
.712638379
.719467878
.699091866
.709760483
.702561327
.742621410
.718393175
.662671894
.686340541
.739040194
.703540368
.717284905
.704094337
.719668334
.715391522
.701084798
.673640428
.727112395
.722132707
.716773849
.717113738
.691938785
.736799741
.743948853
.743489531
.718915690
.724995893
.729539434
.732263095
.691056900
.723312133
.688787582
.704583870
.666143915
.698697230
.689730297
.673153315
.691038056
.683621366
.700434086
.697677858
.692559379
.687234770
.686429030
.687806220
.693539728
.667733356
.689716349
.693615996
.678602369
.686902465
.690865420
.694402743
.681468802
.691296199
.689672703
.704615728
