1.185246913
1.183650375
1.180950146
1.173172046
1.163047058
1.153798508
1.178998600
1.170463107
1.175451683
1.188507073
1.206175529
1.248784946
5.171659749
5.165158741
1.170486432
1.177134493
1.141778634
1.166625374
1.165118564
1.150032392
1.165701437
1.192635396
1.184013753
1.187813180
1.154259009
1.176216133
1.202001052
1.154958614
5.205139154
1.145764617
1.156632445
1.178534774
5.167884899
1.179820845
1.178614485
1.191911868
1.172415428
1.166812634
1.215322023
1.159627347
1.193548281
5.189065078
5.185495854
5.167178683
1.178101658
1.188023169
1.206206759
1.183046401
1.174155137
1.171162579
1.169828055
1.181364017
1.178044905
5.199391747
1.154526522
9.189994262
1.156815197
1.165708266
1.171881900
1.165254755
1.154364644
5.171700110
1.183915208
1.180191030
1.169866584
1.200676806
1.176133990
1.186809576
1.191057502
1.188993670
1.151512489
5.168760066
1.158039881
9.211282169
5.194696037
1.182309354
1.172548567
1.169863428
5.157333391
1.175477170
1.144706698
1.184356438
1.136688281
1.173543130
1.159840928
1.167934097
5.187689047
1.164931960
1.186599775
1.212317702
1.202206595
1.181227242
1.158104994
1.190078211
1.158402806
1.207809776
1.162772701
1.174468489
1.198545265
1.178838048
1.139672610
1.143826862
1.163909302
1.180723678
5.185296209
1.157689098
1.200025437
1.152656499
1.162070560
1.175252405
1.175480618
1.166574858
1.195381762
1.200226608
1.159870725
1.166792863
5.152606262
1.183936248
1.204358278
1.157174701
1.195113020
1.174428140
1.169619718
1.166545328
1.164355217
1.228297151
1.157878623
1.207351289
1.174336769
1.169129474
1.168755558
1.157647770
1.191481077
1.164804994
5.129749959
1.193196197
1.187939557
1.201733608
1.185874226
1.212458602
1.182477788
1.167599758
1.161307973
5.203342266
1.159372603
9.195927136
1.147750877
1.175277452
1.189254261
1.190183901
1.183230823
1.190922488
1.147274151
1.217142273
1.198888886
1.179407373
1.172217893
1.193537997
1.160372209
5.234703430
5.193823187
1.191609908
5.202143216
1.190722017
1.160416020
1.174894944
1.178638802
1.178989725
1.190869728
1.168947171
1.194742297
1.205505655
1.164549884
1.144830659
1.181843008
1.175738419
1.168175953
1.169795410
1.169103332
1.166635111
1.176785387
1.148767256
1.141202026
1.203760188
1.201636256
5.183850843
1.157042515
1.184305272
1.187528498
1.190441759
1.171027395
5.191970424
1.213688946
1.208277939
1.195883065
1.163413438
1.201567202
1.213186147
1.182628760
1.187973932
1.163516231
1.195989734
1.140849143
1.170105091
1.159278660
1.184454332
1.144188991
1.192857889
1.180262185
1.204037794
1.181571554
5.188096194
1.172434441
1.163220663
1.206985065
1.175959648
1.194253924
1.199117127
1.162300166
1.178631480
1.183033478
1.196379779
1.149520967
1.192364474
1.187993282
1.154439842
1.203511528
1.159930303
5.204778158
1.155147146
1.150523741
1.173692896
1.149260512
1.189618937
1.200439107
1.171255024
1.134584158
1.181982651
1.164793839
5.204534667
1.158067382
5.190282654
1.147577554
1.213295601
1.180539968
1.147094216
1.212220740
1.201648975
1.179757049
1.156094714
9.191460571
1.218577643
1.175972188
1.201817899
5.158799640
1.131075951
1.177599129
1.151660418
5.163026618
1.188795418
5.165510600
1.194621007
1.155542239
5.237125600
1.217020329
1.179953276
1.156120892
1.176642353
1.165593406
1.189741649
1.167703636
1.181776717
1.172989237
1.213494916
1.195139507
1.181390492
1.186902610
1.172288914
1.168931537
1.171036315
1.190844791
1.184680541
1.176442264
1.178798713
1.194104460
1.163800761
1.146845324
1.161157434
1.159851957
1.210149218
1.219333384
1.167299099
1.202260903
1.159511828
1.221880251
5.196870325
1.181350158
1.211428085
1.167845856
1.169280161
1.173522537
1.199657050
1.167309933
1.207510981
1.171911310
1.141268350
5.166653879
1.190774164
1.169143379
1.183160723
1.198641796
1.167515074
1.217222365
1.198778824
1.171208147
5.223487508
1.169298418
1.179510302
1.173664502
1.149269577
1.181010484
1.196439996
1.172673161
1.172587285
1.167635991
1.197353464
5.201525805
1.205204284
1.191173993
1.190823197
1.187052325
1.190206556
1.193520991
1.168628781
5.195023947
1.210221762
5.203851870
5.217476461
1.162232021
1.192585260
1.158900359
1.171409223
1.206812944
5.184708588
1.176487083
1.174019331
1.194156817
1.204665248
1.183442720
1.185947099
1.179861048
1.200382160
5.182449569
1.138164159
1.176951795
1.168548408
1.195256403
5.194898031
1.223569784
1.217971487
1.186450076
5.187190633
1.201785134
1.186198625
1.190712800
1.158896135
1.175664486
1.194287609
1.095306026
1.189664481
5.215875449
5.208575734
1.214857389
1.182105213
1.200570064
1.211168001
1.216845697
1.183492838
1.196980843
1.177051484
1.160416491
5.184450964
5.206773861
1.162361028
5.182556598
1.202017832
1.164968437
1.191894694
1.190044450
5.196227731
1.181710118
1.179058348
5.228960721
1.165024354
1.168172005
1.184741032
1.190056829
1.181331528
1.202534765
1.176339010
1.179491300
1.159894883
1.149038721
5.182054429
1.221448156
1.159778061
1.159418688
1.202066565
1.171563600
1.173292968
5.171902190
1.182318309
1.149486185
1.219820955
1.158820857
1.176474498
1.165492581
1.167118409
5.155260545
1.158868279
1.187460508
5.155092590
1.202365397
1.174788128
1.179287527
1.183171978
1.151917584
5.200221210
1.191326111
5.210979628
1.207637164
1.193413400
5.195620966
1.168413272
1.173258999
1.189402879
1.173552039
1.161879679
1.194116523
1.170680261
1.206990793
1.180598339
1.199949757
1.163203783
1.195564031
1.186984557
1.135489724
1.175436504
1.200276388
1.200550929
5.241009139
1.155797682
1.197337874
1.184949205
1.163363770
1.196145138
1.162929407
1.142158104
1.170974788
1.203365975
5.207580705
1.175715877
1.180631819
1.190205316
1.169526873
1.172234151
1.169736704
1.184369598
1.173803493
1.187915577
1.173877823
1.163352693
1.188333324
1.192515002
1.174381935
1.155156862
1.168161053
1.195691071
5.213407040
1.180369535
1.208542236
1.145492006
1.144372180
5.174447255
1.173455893
5.175948505
1.191148332
1.199122150
1.168451295
1.157298488
1.169496101
1.157616807
5.147509804
5.199928359
1.173661498
1.194859075
1.161430811
1.171999671
1.172772394
1.217461599
