.044373184
.018120203
.022970229
.022878855
.018731737
.024706499
.022472776
4.040780546
.033944182
.042364114
4.041844213
.033033527
.025452252
4.055584575
.038501831
4.059257151
.027362277
4.042904853
.046286923
.024056408
.024071449
.019754760
4.046459813
4.052031989
.029771260
.024058777
.020037003
.022953013
.022322779
.022464817
.025308913
.036115901
4.041562590
.035238747
.027581366
4.039302500
.036925760
4.046014595
.032355102
.021739884
.023270744
4.048760979
.026240635
.024313001
.018907843
.023733469
.021047098
.025335362
4.046047085
.034843126
.031317894
.020131206
.020247203
.023506691
.019459592
.032250006
.030067042
.025374162
.024323972
.020402662
.032658209
.025096833
.027607293
4.035644259
.032812831
.022391962
.022037802
.022602542
4.045471484
.034475845
.026749056
.026753806
.025089335
4.055531904
.022405879
.025383829
.021037901
.021138525
4.049155011
.033531194
4.036569302
.028256803
.028389833
.022338989
.044496454
.029955951
.026251513
.020938103
.022953569
4.044614909
.026444024
.028188367
.024973383
.021940647
4.047747849
.030403870
.026213528
4.043592925
4.047102779
.034164135
.027651919
4.063484696
.032487841
.022744900
.022380533
.021224555
.023506553
.020235199
.022094830
.038196982
.026467247
.026177877
4.048739893
.030866538
.026413373
4.041548490
.027946802
.027285648
.022472531
11.254692774
.032276121
.023221267
.024493950
.024283703
.028958648
.020952898
.021831505
4.039289865
.032940543
4.057460886
.032948839
11.244573727
.033868323
4.054326955
11.253996888
.030712594
.029826778
.023237035
4.056620163
.026901129
.024070144
.027134665
.044017828
.021812022
.023331575
.022562174
.024672757
.022279096
.024204558
.022726171
.022808335
.025013958
.019669106
.025624613
.026123478
4.051959730
4.040214614
.029450230
24.220940519
4.042674577
.035515590
.042469447
.026840455
.026354549
.022145724
4.060633874
.034565454
.025994266
.026679668
.028315674
8.063798257
.039417598
.030235966
4.050453476
.039482313
.029074341
.026725227
.032141188
4.065083087
.038980658
.026158240
11.240648572
.034328055
.035151842
.024416135
.024999914
4.046240272
.027444189
.024566840
.022696300
.023137082
.020709181
.027037074
.022091231
4.041956372
11.257593483
.029387755
.022279070
.020591616
.022412359
.024709229
.023674423
.025267757
.024668647
4.056886781
.043846429
.026328816
4.045623684
.036852397
.024381075
4.048345146
.028722970
4.047723445
.035218272
4.056699833
.027296422
4.055914316
8.057982857
.048198465
.024840089
.024946962
.021869038
.026628211
.023252420
4.045504547
.032004619
.022868846
.020911478
.021007726
4.045360511
4.054665279
4.053077069
4.049310121
.025365117
.034645595
.027794765
4.045977165
4.061186306
.029278614
.023302187
.021849182
11.249575894
.033292689
4.057445187
.024438791
.020982213
.023558272
4.047603835
.030205852
.026471281
.051412436
4.027525670
.038081747
4.069681379
.033905325
.021742656
4.052368463
4.048897835
4.048781437
.029245205
.028014614
.021050344
.024029430
.025059610
.022720507
.020023872
4.051048937
4.043130614
.044973324
.029551964
.026752792
.022623033
.022078757
.024859304
.021992634
.025710780
.021776640
.021691309
.021714600
24.192543960
.029667753
.024524522
8.064745101
.035148932
.022809653
.025914941
.028240459
.018785141
.022048449
.037710234
.028164533
.020501232
.023132108
4.042088224
.026015610
.046911943
.030284379
.033613242
.021666002
11.247221407
.039835669
.025183076
.021964048
.022614070
4.037779564
.031295613
.024800389
.022594246
.028176915
4.051553676
.030045988
.023157274
.024853267
4.055310786
4.039849560
.018415999
4.062874818
.027570020
.024734021
.023389560
.043072063
.027779139
4.037794523
4.066363613
.025326819
.031251682
.025636643
4.043723134
.028196025
.024608883
.022263162
.019314251
.021793468
.025886927
.022055084
.020291430
.020761457
4.069508032
.021624168
.052064034
.031532011
.033518324
.025163586
.028323362
.025151086
.023365476
.021031799
.041459450
.026420338
.037670632
.025730054
.027785155
.025887050
.025761012
.038635134
.028814502
4.043535886
.033296459
.022865923
.032166586
.028450039
4.044730793
4.054280982
.034924003
4.051721825
.036518258
.022940872
.029044753
.029459324
.045210338
.023600303
.043223904
.027671793
.030929227
.023673467
.024688267
.021350710
4.052890128
.025417076
.023437350
.025319913
.023573095
.036165752
.025190992
.023908285
.020499275
.028142769
4.058314971
4.050330945
.042734439
.024765501
.026427779
.024527301
.026791517
4.044085118
.036504773
.024248227
.021064418
.035043990
.029491384
4.057753409
.041672592
.030820625
.029826784
.020806964
4.051862092
.036647882
4.048288683
4.063412545
.028634946
.026807508
4.076595591
.032134492
.025086398
4.058698241
.027368821
.022038668
4.048033978
.029819112
.023732319
.019872158
.023643405
.020584259
.019694915
.018670699
.027256991
.024087515
.022749436
.040651869
.026320773
.028986849
.027285948
.021653806
.022060876
.030111770
11.252435878
4.055176303
4.048248913
4.055239885
.034104301
.026358398
.027386279
.026627888
.024087058
.021231280
4.053251368
.030042148
4.046837461
.030995948
.033036025
.026293583
.025788558
.024292065
4.065709627
.040886161
4.045987576
.041940541
.037551897
.027748603
.025862876
.027472161
.025474061
.024974411
.023632582
.018267219
4.048879544
.032022631
.026666770
4.048974377
8.066065818
.049710965
4.066369590
.027640784
.024350686
.022563246
.029604261
.024374144
.023350011
.029950375
.025672643
.022944567
4.042599887
.022592703
.025067246
11.253779024
4.061200363
.032426134
.025350993
.026551703
.033336908
.044295159
.027973808
.026750556
.020940410
.020998866
4.047976040
11.253096386
4.050296431
.033364419
.024460499
