.040875296
11.247196941
.031505487
.023375771
.018108633
4.040860220
.028125429
.026970630
.023074509
.021766495
.021155637
.022332561
.020452023
.020957461
.025403440
.026641741
.024209139
.023694284
.029536279
.020331102
.021394938
.020177804
.020121926
11.253054821
.027520858
.028269720
.024287566
.024727833
.026432456
.021036452
.021654393
.024520214
.024638218
.022568971
.040824821
.028641580
.036520243
.023204240
.024870766
.020002651
.023615715
.024748304
.020137115
.020158491
4.045075841
.031538209
.024060194
.023985316
.023819976
.021943941
.024856185
.022751932
.025815558
.022604843
.026967855
.021796477
.021198453
4.052894645
.025886020
.026171406
.021580509
.021704307
.019898191
4.044758427
.030978811
.019698933
.028043775
.022950358
.017763520
.019928609
.020930358
.023048362
.022167409
.022998860
.028626549
.020603678
.019397004
.018405963
4.049513089
.024407334
.033881973
.032097649
.025458460
.019985611
4.042657143
.028753054
.024224701
4.040657894
.027842809
.025423293
.021449379
.024972233
.027200657
.017700309
.024078362
.020930150
.020007654
.026886060
.021315749
.022608344
.023418877
.021094865
.023614594
.020921900
.019254165
.026925812
.022197868
.019679223
.022294456
.025528797
4.043217249
4.059290005
.026699955
.019482917
.026537367
.037167989
4.046338049
.029359134
.024277388
.019793876
.021750538
4.039698867
.033883190
.030439427
.019653412
4.048233841
4.041066735
4.060082181
.036794297
.028640232
.022333196
.025486985
.022506955
.025736664
.021964518
.021324410
8.075403610
.030295455
.024159769
.025280977
.019353258
4.032076185
.028264648
.024355335
.019647657
.021967662
.022862820
.033941701
.022866907
.025211829
.020097636
4.047011061
.032623360
.030208311
.025120868
.021867287
4.034527931
.030288148
.021949832
.024973404
.022254385
4.052544970
.029275484
.024433801
.020372730
.021926206
.024658809
.021570026
.027558294
.022884533
.021421270
4.039663322
.035242669
.022259427
4.051618568
.032529900
.022719486
.020885000
.021433396
4.048931342
.034826986
4.046466165
.032682947
.022863450
.024621725
.022833116
.018224857
.022484768
.023956199
.019734081
.020137263
.020430941
.042327012
.022834797
.025410099
.022210190
.021082649
.023644202
.020126614
.022609413
.020458043
.020165741
.020844307
.020396499
4.041546022
.034632354
.022735126
.021295324
.021893388
.023671952
.020995480
4.050025083
.028210994
.042517466
.020295054
.027211465
4.069181968
.037107102
.030946433
.026639577
.022019794
.024611717
4.049038752
4.050246335
4.054100258
.033166842
.034307506
4.052178235
.029824727
.047152838
.023277055
.025309789
.025719219
4.047880030
.030833845
.024028330
.022784623
.026490703
.026413534
.025349748
.026560080
.019523433
.025422834
4.041590157
.033706272
11.242289341
.031638054
.023535150
.023382895
.022196944
.021796807
.025608627
.023151763
.021147924
.026044320
.028184801
.020194812
.025881523
.021120214
.024844784
.023529545
.022345301
.027581377
.025704653
.023717551
.023110783
4.044045852
.032112625
.026405614
.027533232
4.044560868
.033703180
.024214341
.021501590
.045977038
.024040402
.025616087
.022731174
4.049718581
.025231447
.032652622
.019778745
.021774387
.022271030
.020421559
4.050305199
.028446305
4.052534333
.029321668
.027942626
.019900011
4.046623397
.028321248
.030287098
.024864696
.024981283
.044886804
11.253812708
.027506723
.028001278
.021840741
.022576097
.020050988
.020803133
.021360314
.021064681
.020546168
.020311579
.018137522
.020387666
.021364066
.022168963
.022023584
4.049109382
.037233620
.022458268
.018715042
4.042585088
.027905081
.026214203
.037701052
.023919141
.022724234
.021748250
4.041897572
.031575597
.022929240
.020648179
.027313482
.022078217
.020156248
.022205679
4.060126530
4.059672353
.030507610
.030479192
.036120802
.026294622
.021328114
.019118305
8.068018289
4.056315888
.026126534
.025714189
.019784738
.023363960
4.045648110
.030656632
.028045178
4.046914554
.031978709
.030180708
4.065013469
4.043988541
.037183057
.024239566
4.044658816
.032980830
.027765990
.020730688
.020790981
4.042797885
.031697048
.027306646
.020826275
.025574310
.022359147
.023637387
.026847135
4.032902533
.036101868
.023587719
.025871443
.028351256
.039678847
.024306903
.026414578
.022272523
.024261487
.025111256
.023400174
.023158960
.021211164
.020801571
.020643235
.020039554
.020302560
.025441431
.027722151
.024217152
.022242897
.021920015
.034755961
.026271287
.025907619
.049198948
.025442096
.026471536
.025144715
.021745558
.026731000
.018789619
.021481010
.037684007
.023735476
.026041481
.018644541
.018500038
.020509662
.041482416
.030029186
.022321740
.020592539
4.039990116
.028509281
.021371971
.019761147
.022376408
.039900772
.024951456
4.043701928
.035930283
.022590831
.021511102
.024091940
.024213568
.026005393
.023905021
.022118988
.021190680
.018178208
.018680425
.020789756
.026499235
.019316062
.028629815
.023759685
.017966871
.020376331
.018792552
.020454666
.030111676
4.056543330
.030874523
.020005033
.022436244
.026026018
.021035677
.026122978
.021269389
.020530834
.026979286
.020419957
4.060126219
.028769316
.027073013
.023392114
.025691171
.026794095
.024271078
.025409485
.020893902
.025183649
.023751887
.019154052
4.051501131
.044086375
.029365416
4.053579126
.028069152
.036308446
.021827634
.022805275
4.046232876
.028969496
.022353768
.025716362
.024592678
.026405207
.026465624
.020500364
.022641231
.022040096
.021045497
.021199374
.025606653
.020106983
.022942236
.021273251
.020989621
.023784873
.021965137
.021493838
.024793597
.020424946
4.046559905
.017945534
.017000445
.018702122
.020249008
