.035594679
.015457965
.016069257
.019223342
.021724675
.022026384
.021299218
.018626214
.023018034
.022358784
.019518536
.019830660
.021844910
.022151951
.019706035
.019750191
.021781189
.021955648
.023018438
.021557648
.019549817
.025427144
.023719803
.020108891
.021260723
.023127178
.023116429
.023395011
.019767968
.020158176
.023799212
.018842844
.014469352
.017222306
.019710927
.026469080
.028533489
.020757879
.014710473
.019771588
.026616826
.022387959
.020612667
.022482496
.022005789
.023600786
.020666750
.013501056
.018150880
.014568304
.022612326
.023495158
.024691197
.018353710
.020522040
.023438908
.022625701
.020393121
.024513487
.024060154
.023514073
.021390285
.021764201
.022649489
.020439828
.023230821
.022711531
.021703533
.024227403
.021053368
.021494283
.022373447
.019940453
.020480618
.019224913
.023097529
.020171911
.018983621
.021354990
.023005194
.021277823
.023854526
.019345120
.021378490
.027098267
.021263990
.022301653
.020455075
.016746459
.024070816
.023813108
.022860485
.022151529
.023994358
.020503450
.020998156
.023238526
.023124318
.021852571
.020552449
.023988816
.021954654
.021805612
.021115906
.019441869
.020696365
.019630785
.019682367
.022645860
.013781591
.013669049
.015665461
.019403369
.016949207
.022100653
.023213650
.023085359
.021623696
.022532944
.022313444
.020504699
.019033702
.018896411
.025070728
.019218119
.020860490
.020094907
.022935400
.026051184
.021341488
.021920320
.017719622
.022925609
.025391477
.022856484
.020041991
.025707435
.017837205
.021980653
.021046280
.021010863
.020661739
.017802497
.022387944
.020569989
.021848612
.022050694
.018782203
.018463828
.023906398
.022540027
.022591027
.019144660
.023069317
.025590685
.016154876
.020017491
.020404490
.023709148
.028139596
.019754534
.021700570
.019003410
.024608479
.023190816
.020244824
.023312940
.021385904
.021183488
.023615440
.022819526
.018691869
.020428532
.022049653
.024482354
.023536399
.022102902
.025313520
.017016748
.016622000
.014094089
.017743038
.017569039
.023051150
.021493320
.021170988
.021833569
.021127905
.021710737
.024732312
.022344902
.021382487
.023671565
.015537835
.018634244
.017796205
.021222238
.019438867
.026322558
.025639726
.022466526
.019674617
.022807650
.025081478
.019621575
.019826700
.020404865
.023737857
.020260823
.022777651
.022625818
.022594901
.024311897
.019358576
.020288781
.021595903
.017373664
.023692940
.022161402
.019701908
.020748822
.021993694
.021300946
.019042827
.021636862
.023985106
.023129983
.021495112
.023499440
.024713604
.021067446
.021267404
.020967072
.023029650
.017051373
.014852587
.024636687
.017326081
.020217407
.025180769
.021044822
.022273611
.024949562
.021840278
.021868319
.020910655
.024543646
.023247733
.023036483
.021273654
.021704111
.019000244
.020421199
.022391193
.020530698
.022155361
.016943123
.021801570
.017755830
.016640333
.022319652
.024805021
.025482769
.025401644
.023921647
.022290652
.022450568
.024847271
.022781067
.018968452
.024895645
.021704445
.023134149
.024176730
.020160990
.024699313
.018140329
.020505739
.020157699
.019170701
.020977989
.017010165
.020892905
.029115885
.021913778
.017628247
.025694560
.020637281
.021338904
.022852233
.020448865
.017269832
.020285574
.020977197
.019383992
.025418185
.020346990
.022827192
.024248897
.021115488
.016917499
.020455240
.017615997
.024950812
.025614269
.024938895
.023792648
.019211035
.019157201
.024595312
.028371594
.019466076
.022057194
.024702104
.023295899
.020007783
.022396901
.025812768
.022299610
.021180238
.019105660
.020192990
.024050648
.021424946
.023941564
.020466948
.012714592
.014076797
.017159790
.020555572
.023474066
.020336240
.018539286
.023347815
.026156267
.018233495
.024251022
.024345272
.019175493
.022175777
.027111847
.014735921
.022889025
.024850270
.027686888
.017734663
.022312819
.022947150
.019911616
.023127608
.023561315
.018984076
.023447066
.022560943
.021149446
.024441522
.020618781
.019389284
.020267740
.021890444
.021582737
.019899657
.022282902
.019107077
.022649609
.020935114
.018004080
.020994780
.023891690
.021232113
.022970775
.024357188
.024773145
.021070405
.023200275
.023276400
.020661823
.023307149
.023240899
.024225022
.021214571
.019772867
.022419860
.021274363
.020086324
.024028564
.022563193
.024453354
.022034903
.020977738
.018319579
.016019168
.017106332
.017201957
.022172610
.023619565
.020662865
.024513897
.033829331
.021300571
.021908903
.018895785
.023200899
.023709065
.024261188
.019344243
.021007697
.021131363
.023265483
.023069733
.024304772
.019258326
.017046582
.015687585
.023992356
.022938192
.022509651
.021551445
.025483185
.020834655
.022734609
.022432776
.026063895
.022475100
.021309974
.020486141
.018123555
.021201891
.024149101
.024857875
.021296125
.021799334
.021550667
.020481084
.019464751
.025372459
.022530655
.022451488
.021828406
.022321488
.021710364
.024772862
.024183196
.019796606
.022976812
.019887648
.023595978
.020828772
.022953812
.023375270
.019498893
.018820310
.028494464
.024042720
.021993639
.021835598
.019141684
.022461675
.020642470
.021048260
.025371421
.017348432
.022165926
.020531303
.020887549
.023439878
.018286887
.021372881
.023141004
.022258255
.021347173
.022672209
.021165129
.021754003
.022300585
.022078127
.020774213
.022626502
.018620965
.025265202
.020872960
.022636499
.021442751
.020010795
.020470753
.021539417
.020983751
.021104959
.023522121
.015702427
.019027588
.028261653
.022950079
.020352584
.023787952
.020889417
.022838121
.024382909
.020442584
.020077709
