.487922208
.441621715
.505707492
.469468984
.472400902
.463128107
.446192306
.502027357
.475406477
.449706623
.433326921
.462840427
.481616956
.486979768
.451238543
.468803010
.488997175
.487616779
.457367787
.439170347
.471971869
.471566626
.490575967
.490517572
.478574040
.484908940
.461480840
.488771925
.487818319
.487115795
.464727625
.489723237
.476411172
.479283029
4.500417464
.466875407
.477151596
.461214709
.473898483
.492089232
.483453865
.481268869
.507769164
.462755463
.513678999
.457657015
.489204406
.463245330
.456923830
.487695500
.486663826
.452579919
.479994381
.491483274
.488316807
.513963910
.513387410
.487011625
.492556513
.462433286
.475275652
.487724549
.496925248
.468914759
.479630103
.460984872
.513106461
4.509414605
.485950825
.481478948
.496843127
.495176912
4.479355483
.456310794
.499494736
.499400697
.482371421
.473685239
.463527759
.517707787
.485053138
.509874082
.483165438
.486069510
.486220593
.485931931
.510534895
.505783893
.468690307
.507719643
.511300878
.477287663
.481751213
.473986840
.509869232
.472434545
4.493812761
.494578935
.480687532
.475989815
.465864577
.500567373
.464912924
.517090468
.523782481
.509577134
.497893865
.481613908
.455652321
.482643213
.513032088
4.487587271
.470222031
.530055536
.486712272
.487766315
.493711971
.474179538
.473425025
.505745005
4.519051037
.488569905
.514110680
.524842073
.470262943
.516507126
.488561584
.483054584
.456140906
.489128876
.477264512
.493549664
.502412999
.497891823
.466598792
.500006404
.494339318
.491145685
.463951121
.542415464
.483472176
.494357032
.500695408
4.494086259
.493732792
.499416152
.478960755
.504828842
.487598880
.485241853
.482214100
.497792277
.492097229
.498554989
.459935083
.462036324
.449203001
.464801305
.476546152
.469687813
.478509104
.516412797
.448603944
.431929704
.477753823
.476100318
.473045266
.451043351
.490511933
.475970512
.461942813
.471424794
.487510657
.473288495
.487712724
.481365193
.485609463
.474626611
.482647296
.467262844
.440032963
.468955042
.467220199
.477581377
.472652681
.442437867
.486897166
.464262471
.487616367
.475625355
.475427522
4.488085832
.463572451
.470915421
.459132217
.464279922
.462075244
.461405172
.461301182
.476947598
.451846912
.464685685
.475448556
.486417161
.474553502
.465952458
.491941021
.459067227
.485984394
.476308088
.458044270
.477458980
.479886827
.464990079
.476899248
.482747196
.446418001
.458514576
.463772025
.431781457
.491179792
.489653690
.468278664
.457382939
.470391456
.425575487
4.480199923
.464968126
.494683221
.472894315
.483095322
.520441378
.475571380
.467217323
.502370912
.506154226
.500477446
.499079354
.492412633
.484222131
.489042253
.504979817
.508131079
.470269774
.506590658
.483527067
.477510476
.505635280
.498651715
.518949309
.504257900
.462846821
.482215751
.487376471
.484048675
.472666760
.448974814
.482224466
.506851738
.495373993
.492673485
.473554839
.491258056
.473667011
.502243992
.478335994
.482033413
.513628873
.488260263
.460279740
.462006597
.484407830
.506621669
.501916746
.488927919
.464625409
.494028599
.522389375
.505707572
.502265958
4.511970273
.489531616
.515005634
.493582833
.513244552
.496355571
.482912079
.511839930
.498974326
.524112308
.480821998
.489799100
.495061723
4.507874178
.502066574
.487500206
.465875975
.440895303
.477541869
.485985921
.473717049
.495945915
.493029170
.519651098
.496598825
.511279838
.494519529
4.487828534
.495787750
.471031827
.520711998
.493903861
.499107013
.505624712
.515490578
.480516161
.476097031
.496842468
.489567100
.464420895
.506640515
.497823939
.486236396
.485230498
.494137440
.468567924
.496784816
.509587046
.472665536
.491274234
.486485717
.466511567
.516501715
.505625928
.462580881
.507601269
.497574481
.469853546
.499419693
.468915313
.485412670
.457349613
.482718112
.503862295
.463492120
.471560571
.458415317
.457523342
.519891753
.497654415
.497884379
.498647494
.510815968
.486614622
.478792043
.496565623
.457808401
.468158981
.491878150
.480008428
.474697443
.486857688
.474346727
.495169972
.500734953
.482867467
.489873484
.482392139
.436675960
.499794484
.464116180
.497160097
.490109302
.437605477
.473178988
.505388677
.477313250
.485535186
.470532208
.475771441
.468480074
.502807967
.502893523
.479412354
.481417228
.464186589
.454379760
.495373525
.503098566
.478540018
.503901420
.465156192
.489698052
.469150802
.502152387
.476391355
.456600910
.479679566
.482226864
.467668463
.465233504
.487227993
.503631860
.441888139
.487579948
.470190004
.490487458
.482226268
.468962606
.456021817
.482656734
.458951498
.478313092
.464237377
.503140753
.473479975
.481904477
.507434431
.499974085
.496933056
.493234034
.485874699
.506704468
4.491736515
.486499982
.498411899
.490913049
.494420799
.450511952
.449493664
.514629952
.501476680
.469961473
.494900398
.487987660
.481059586
.511837204
.481262443
.483795285
.488715077
.477532180
.517417057
.483648047
.529276203
.496669125
.466592354
.486654661
.503687600
.515196621
.470763067
.499240728
.471700682
.499708160
.480412488
.508766466
.517163651
.498016913
.489436998
.474972277
.541169364
.478042230
.476614802
.485102391
.466301388
.508971244
.508810703
.499360464
.512655125
.536667176
.444857263
.510135101
.467434894
.508412034
.543777159
.477915852
.453100187
.472766327
.512287754
.529575479
.502233157
.503164145
.488133818
.487244793
.479217610
.487708725
4.500197069
.489782226
.475385768
.493989529
.469084878
.485695605
.496182296
.463817947
.507007569
.491899734
.496366443
.479518645
.514816602
.478015796
.492789133
