.048727018
4.044714164
4.060702995
.032652184
.030909083
.025855538
.024019185
4.057587682
.029010811
.024829545
.022455132
4.060966004
.030450943
.026831655
.018584210
.023110571
.028211701
4.062055390
4.041251588
.036548708
.022033604
.022935094
.023068473
.021679344
.020325674
.033382741
.031044537
.026661809
.019464234
15.279849360
4.058272871
.042451131
.023915135
.044713279
4.045466227
4.056361487
.038200396
.023663788
.020020624
4.058892953
11.236989259
4.067594571
.031246239
.027370694
4.047867880
.035183827
4.046870973
.033496479
4.046876223
4.046648507
4.057540282
.036065760
.034665590
4.034008041
.054233977
.037169088
8.078081503
.041811751
.029031673
.025625408
.022083472
.024321871
4.051152147
.038064815
4.064517494
11.249251999
11.268718010
11.258993144
.033410118
8.078889985
.033776630
.028176158
11.249914732
.039531797
4.052817667
.035004885
.024792649
.024675687
.029369668
.026852506
.021257747
4.076339406
.031959855
4.051667567
.028594085
4.054526488
.033625114
4.044212214
4.053793591
4.059653514
.040254676
.031209907
.046242507
.031127930
.027669705
.030222990
8.079719556
.028513124
.024169039
.020778106
4.066218967
8.077170945
.036154353
4.054743778
8.080681673
.038633384
4.049842137
.032945843
4.061158536
.036061075
.026386714
.024168901
.024800002
.019724023
4.055894343
.032976945
.026791476
4.052578374
4.051540094
.037124522
.029170752
4.048745222
.038778777
.023095329
.022264762
8.076909640
.029658325
4.061533399
.031994794
.022589911
.026906446
.022219692
.025429197
.020631526
.024964729
4.054183663
.031440623
4.042229586
.046212828
.033547643
4.051978835
8.064159088
4.070737384
11.250770647
.027069838
.021054378
.020639825
4.044474611
11.256901747
4.050139573
.034205166
.021084189
.022187011
4.060245980
.030637243
4.035296338
4.052830144
.042721156
4.047484080
4.045915506
4.065874799
.033939627
4.043951040
4.058757150
.036306232
.045960038
.031278777
.028608958
.040720275
4.052934504
.035830564
4.060333781
.034937248
4.041663000
.034538821
.031727498
4.045211260
.041112702
.033650215
.061371344
4.054122163
.038663978
.026877305
.026609839
.024082692
4.040749034
.038940319
.048580724
4.051948614
11.263386321
4.057930704
4.048013131
.035434990
.032749267
11.265432706
.028901380
.030466917
.022163183
.021718631
8.060135842
.036419225
28.240924784
.038833074
4.044079151
.035374743
.027426308
.045467362
4.056921061
.033914250
15.278294266
11.261400749
.035122951
.028238173
8.070099511
.041956146
8.074609279
4.048302072
.035250413
.025072769
.041590427
.032679779
.024547356
.030877991
.029656548
.020380892
.028278101
4.051019476
.036101310
.050197264
4.054027118
4.060035989
4.059033385
.040413816
.024528120
.045893959
4.046692429
.048772388
.026065747
.024360006
4.065144572
.033544389
.021981544
.027354355
.025578655
4.060349648
4.061485532
11.266459675
.030735292
.024768812
.030756170
4.041856558
.028143628
4.062642301
.030783717
.024720776
.022181355
4.045295284
.038358938
4.061337102
4.055004246
4.062443636
4.059168777
4.058158478
4.054281374
.033698730
4.041853251
.036838742
.021735322
.029338866
4.060891153
.033064012
.026785491
4.057875268
8.089407433
4.060835299
.035242023
.024541284
.023846525
.025959802
4.066950467
15.270094817
.034244824
.046053924
.032963096
4.051514493
8.073973163
.036710696
.025991363
.025486146
.025504229
.021997425
4.048307737
.038419306
.028890491
.027715722
.026980877
.022155428
15.275671920
.034778914
8.080704515
4.055450194
.036433928
.026656146
.024023323
.026389643
.021134206
8.075881896
4.065891269
.030576774
4.050986851
11.261803696
.039008043
4.045691173
4.072591429
.032409508
.022142387
4.054830893
.046704238
4.051007585
.035395986
4.056262546
.026056917
.023350656
4.044042246
.029902482
.042291771
.023610257
15.277627726
.036199696
.031300478
.052146576
.026084100
.023657117
.026653773
.025137091
8.062047652
.034379894
.024520085
.020177832
8.089337041
.031495617
.027137684
.025743554
4.052607393
11.254300835
.031883245
.039219396
.032034206
.029874729
.032471335
4.059475899
.029331891
.030880696
.024964352
.024123968
.025032435
.024963185
8.063967191
.046626131
4.053111601
.032486295
.023032001
4.043368763
.032472211
.023895550
4.051725131
.039510399
.031992498
15.261709745
.039952827
.031130555
4.063471212
.033059463
11.247846968
.032778466
.033854807
.022529969
.027815176
.021011749
.020204992
.028223388
4.057249837
.035397654
4.046169509
.035519529
.026825002
.022910139
.022511177
.022385759
4.044609998
.035481696
4.048929659
4.059635742
.032736965
11.260430930
.025952172
.025196966
.033201703
.038148012
.023194624
4.054522305
.033609074
.031813272
.023362930
.023157470
.022809510
.024520562
.023510935
4.045040716
4.057724507
.037708999
.026299798
.026347716
.026390758
4.047941729
.042177655
.031675627
.023321488
.022951236
4.054129810
4.050789182
.028580398
.032564049
.035899530
11.248548267
4.050254896
.032402299
.023160029
.040602270
.030990123
.031152957
4.066850092
.032941481
11.246160345
.034891013
15.272907044
.039036337
4.062459029
8.056745657
.036748238
.035263774
4.052100537
.032711347
.023735309
4.060205910
.033095306
.023642058
.024886063
.021861717
4.050435245
4.071245083
.036113569
.024519604
.046648468
4.057567301
.030516172
.034441975
4.050980742
11.273334825
4.062836242
.032845089
.025322828
4.054945898
.034082508
11.261815835
.029343223
.025847288
.025841414
11.263229326
.030780574
4.051153219
11.252455698
11.257692884
.033375874
.022962291
4.039403610
.044466082
.025575375
.024050500
.031417708
.022016832
.022533249
.019780749
.019771042
4.056251609
.031561208
4.061328359
.033102499
4.058038984
.031010079
.025577879
.023299091
.027427834
.023591398
.023484400
.024952589
.022375956
.035567073
.028236083
.032596410
