.050337927
.022123006
.024446448
.021152430
.018877780
.024600488
.022238130
.023503663
.022309172
.020848933
.033119385
.022591336
.020275061
.022068465
.019930689
.023684203
.024308741
.026663431
.018980529
.024236032
.022203880
.017446123
.023506913
.023402747
.023015833
.023364456
.019424651
.020128924
.038358202
.026789270
.025715773
4.037415372
.027984200
.021954854
.023130141
.026916156
.025171665
.018164200
.025921453
.026023494
.023350966
.023789130
.017940614
.020715724
.027014234
4.045995498
.033168104
.021907417
.020894715
.023467074
.020953547
.019162016
.023115159
.025286064
.021295295
.022105457
.020977296
.026483639
.022811118
.019227931
.018790684
.022094622
.023924654
.020822255
.023905861
.020511756
.020232967
.021645125
.023722613
.020161426
.019796927
.024365942
.023338864
.022016789
.023245698
.020433214
.024732357
.023372072
.022131413
.024327317
.022175621
.028622833
.028833374
.022116955
.017904104
.018366893
.035545167
.022845492
.021451833
4.041900039
.029928909
4.048550358
.031655564
.023524071
.021240042
.021756331
.021455666
.019800301
.021834705
.019070430
4.047630679
.032552434
.024690564
.022817408
.022533451
.020944835
.020457130
.024612356
.021904580
.020096173
.025942182
.019212721
.023886651
.020148465
.020536838
.021429958
.023322530
.021612207
.022433618
4.042908744
.024934562
.026224013
.023807444
.025066228
.024086359
.021768122
.020165132
.021547581
.025310976
.030674736
.032779516
.023098906
.024465398
.028391542
.021762247
.022983616
.021604956
.022145121
.021089335
.021841872
.024958312
.023644695
.023429113
.020097841
.019209387
.020911378
.018406101
4.054106594
.024809355
.026058722
.026044264
.024178233
.020625754
.026028306
.022510118
4.044362152
.026931925
.028816997
.025190227
.022097287
.020275881
.023442695
.023945943
.021599582
4.036449658
.028623800
.026912133
.020827256
.019329941
.023307229
.021677731
.020549189
.024297228
4.044358418
.024610418
.025959697
.026438071
.026626987
.020143636
.021808588
.020355426
.022517502
4.053878900
4.066089933
.032122859
.023632938
.017514923
.021871612
.026132927
.025620970
.020628659
4.062008960
4.061448297
.027298378
4.059801654
.031873358
.024107892
.027964334
.025817135
.021415571
.018706333
.020141743
4.055214499
.041981854
.027953292
8.068491807
.037349917
.026823422
.021626904
.025806135
.022796024
.021695945
.022518233
.019324081
.020700616
.020629658
.021478071
.021031531
.022252109
.028950580
.024026018
.023585186
.026129008
.021522196
.023199230
.022591524
.019657787
.022234650
.024178101
.057753782
.025978213
.051005376
.028652371
.024249545
.026316457
.026187792
.022797963
11.261647866
.036383316
.027035789
.027635497
.018744137
.020994883
.022823255
.025898541
.023338837
.021778840
.027122248
.024111336
.024251461
.020557050
.020610759
.021602299
.024136420
.019291053
4.057633561
.033551363
.029100537
.022357380
.020711633
.023517170
.022161464
.023723628
.024329669
.024454585
.021793631
.022650838
.023261421
.022809172
.024350503
.020002468
.021706424
.018940720
4.039593340
.029365411
.022232173
4.049253241
.035342735
.022374006
.019384761
4.043599239
.032583736
.030414893
.020828681
.020326679
.019891260
.020629055
.024311614
.022868376
.023735082
.021743451
.020429863
.022054118
.022130785
.023664707
.021103032
.023885603
.022875392
.019579175
.023092018
.029574201
.018832882
.021752514
.022476418
.019575079
.024713588
.022311751
.020600747
.028154845
.020865331
.025094826
.023770074
.023647616
.019804777
.020362111
.022539948
.024741826
.021929397
.022100522
.026828151
.021422105
.026704068
.018878185
.020877437
.022401728
.026574477
.019521347
.022556766
.024624143
.023506724
.022584183
.019940931
.027650096
.021042969
.020407010
.020534718
.022895594
.022014927
.022230386
.020451882
.020575173
.029950176
.021614466
.025786883
.024188258
.020610048
.025267463
.022315921
.020078879
.022420587
.020740838
.021241171
.020438879
.020648210
.018569377
.020887919
.021798586
.021953419
.022543336
.026083337
.021720252
.028138959
.022843334
.018511084
.019184543
.022108959
.021798209
.027586501
.022080500
.021506500
.022790374
.025741458
.025199791
.025773874
.025054417
.022461040
.019568541
.021876832
.024502707
.026758207
.021562249
.022750040
.019570082
.021376623
.019970707
.022709790
.026130748
.025510789
.022735707
.022403831
.020951914
.022088122
.021507790
4.040756898
4.050845747
.033326036
.037480286
.030954745
.029989120
.025590038
.018300372
.020785371
.020954830
11.239241803
.028588329
.026119829
.022167371
.023267163
.027929954
.019423497
.018161872
.021153788
.019272747
.023473371
4.048070536
.029921454
.027197704
.023224038
.024363246
.025013788
.021218163
.020135747
.024444830
.023971287
.023343913
.024423913
4.052388660
.028456329
.027990454
.022472871
.021802663
.025236495
15.276568817
.031464264
.029529011
.021077537
.021015162
.020442952
.022677998
.024478744
.025650702
.024559785
.021456530
.023676866
.021297030
.027847664
.037014738
.027914054
.025496747
.022444894
.020539122
.020191569
.023477503
.021739453
.026299477
.021471076
.022670291
.020171985
.024157824
.023060028
4.051445455
.037137917
.025090877
4.045931859
4.051355242
.029395165
.027190242
4.040064282
.033423384
.023768357
.030426333
.028894829
.023999316
.025783654
.024979027
.023107939
.020815349
.023526356
.022879729
.025034360
.026405114
.020414514
.022643770
.021833393
4.043080524
.026785198
.024281108
.026372656
.028067868
.020429722
.027083074
.023738982
.020692848
.023991982
.025272861
.021170767
.023540772
.020988057
.027239116
.018804427
