.505668662
.460616845
.466877982
.485720198
.472612982
.486199530
.465948633
.483185740
.474137332
.491280888
.473828633
.485874910
.465828867
.461865154
.503486137
.491797727
.470428640
.466579021
.484010690
.465370656
.461648050
.446802546
.460516275
.463689703
.477355886
.506981345
.479864335
.469193396
.477398890
.458474204
.484543782
.477807554
.493032927
.496710863
.472841454
.467944693
.470676580
.473183112
.459225151
.481056532
.464900735
.462297445
.454844731
.479599850
.454097452
.476215318
.458948916
.472730276
.454214296
.467267878
.456380254
.460105360
.458544419
.451909701
.484516696
.475614302
.487056481
.479474922
.477306047
.453945896
.459141143
.476124490
.485792271
.475548797
.500780359
.462024123
.480506211
.473919399
.485610696
.475672134
.490045641
.474042663
.473720057
.475961027
.477807207
.458492947
.466662021
.489032454
.470725623
.475061497
.484333384
.472000331
.493157770
.465247311
.460984487
.452134516
.471012030
.459060429
.469330453
.475968588
.481122872
.475958295
.451468454
.467134368
.458626430
.489725236
.495123044
.482444082
.477380348
.479139724
.474782891
.465094090
.458137008
.468186719
.452942720
.445660940
.459251156
.463322213
.473017472
.492190263
.462291489
.449303288
.473361506
.457151288
.473098563
.480595363
.470963901
.469297700
.443882145
.482423039
.476011259
.476874300
.452258529
.469737200
.457915445
.484814767
.485783109
.474446192
.489770574
.482812700
.498330392
.466254450
.485950167
.481665316
.479419177
.475916647
.455008162
.478801317
.472153942
.474285603
.456276809
.486740718
.486780594
.481216216
.475678502
.474004904
.483326478
.491023643
.484892903
.479632324
.477583883
.461181657
.474652154
.479385276
.486762857
.481401388
.470360837
.485083574
.479524421
.481555907
.484738544
.490720615
.455459962
.469759117
.475754231
.472865872
.473582733
.474515488
.475103878
.482670890
.469920258
.488208960
.474545366
.466458429
.465178973
.485883072
.474422813
.466635112
.480611069
.483563101
.471403358
.475482206
.484950567
.469132183
.465381493
.455790537
.477894686
.472291818
.477775965
.463120818
.469249611
.470851680
.465341155
.482968253
.456151571
.483713531
.470471145
.481419313
.460718173
.455075302
.466304581
.434133138
.439427435
.426744184
.434487839
.433010323
.433494790
.439505865
.426665829
.433111758
.429687957
.431578293
.443291472
.478523245
.478500572
.484419691
.495183756
.461196802
.482564532
.477927417
.492703212
.498436228
.471222660
.469984470
.457391119
.470855571
.437480701
.430981128
.429615377
.427142770
.424835386
.433554381
.429528417
.432368730
.432095954
.428120453
.433217062
.423812170
.431677458
.443339481
.427679912
.429800781
.430171858
.425517583
.426736991
.431337677
.446323807
.432898700
.433862625
.437934178
.426542181
.434775878
.441448470
.433672023
.433855542
.426043592
.432537332
.438864517
.427352049
.437515597
.427439140
.435193460
.424568576
.428548079
.434444805
.427783674
.430528142
.437656277
.425036329
.421642508
.438888852
.428744806
.430709951
.426866795
.428412358
.424658502
.432732893
.420734629
.424910901
.429179431
.422342407
.443225597
.423147358
.428356186
.441951677
.480286084
.464157525
.492594199
.512399102
.487693832
.482400943
.489217355
.476016603
.487710346
.477268384
.471762245
.471508220
.505810195
.460202485
.489779542
.476235488
.475673196
.504563470
.496856087
.469061769
.476433845
.475707488
.472546152
.463595518
.494587608
.464532443
.479350425
.467896388
.458622014
.451763244
.483001063
.479867935
.463108439
.450482999
.462548970
.457558916
.480078164
.462366536
.477215103
.466738115
.464655878
.471023519
.480088124
.475469022
.450312192
.470016550
.466578684
.463202532
.481618101
.439033213
.434198216
.427085336
.424511594
.437593243
.425050811
.429374178
.423142257
.426630002
.431641016
.432262950
.425441515
.468376062
.498868353
.443666274
.454293359
.467247622
.480525915
.465370111
.483154579
.477948339
.485351369
.466185355
.466674651
.477061215
.473749954
.497974847
.501909933
.486309270
.460363983
.484492736
.490193368
.441902488
.475526769
.466390732
.480527414
.494528926
.470298165
.448655091
.458353108
.480487405
.502148069
.483104719
.472781972
.470662655
.485283028
.489183648
.470975702
.484840041
.505494697
.481061516
.486928267
.474024787
.488026883
.469382104
.492603286
.477928169
.482598974
.483954501
.487790088
.480044903
.483152935
.461073245
.460611417
.476150519
.453369132
.484409892
.469029920
.496215979
.463873561
.466470599
.482335488
.489970461
.488611122
.477327548
.480589966
.464321445
.489002636
.496660378
.481122544
.464448751
.463252448
.487571250
.486674613
.474690774
.461004717
.472810490
.472077562
.472580082
.466101111
.482971693
.475695327
.479710522
.490239502
.497813410
.474981648
.450048000
.476900857
.488494197
.485599510
.477065311
.490080653
.477270782
.483749975
.474982867
.475310471
.474691244
.481684441
.462864591
.467752367
.473321950
.476655765
.455185324
.491857392
.478312897
.476416782
.452199991
.477178094
.478451448
.453848376
.481909900
.489272133
.473298731
.474811980
.468711935
.476034456
.476562125
.487132539
.476892485
.498472600
.482198465
.474672802
.482569912
.465261442
.466294944
.472419449
.470760562
.470544962
.471323483
.462397831
.482360520
.449700783
.478179091
.471604090
.457233238
.482041660
.484792053
.482112875
.466720438
.479459197
.477835271
.483821391
.477220470
.498451597
.470062338
.483372645
.494360718
.495133366
.469883198
.475604253
.472246519
.474152342
.465905412
.471413283
.484827140
.499538396
