.040767121
.017539754
.018451003
.026547068
.017283130
.020972080
.020818622
.022017536
.022312577
.012982013
.014798593
.020208874
.021156121
.021222204
.026685985
.021454621
.019041584
.024658989
.022134452
.023306200
.023139117
.022556284
.022200286
.025014321
.024344989
.025552278
.022039953
.020710913
.024669363
.023745990
.022074077
.024148906
.029487478
.020100790
.013747053
.018807668
.023606282
.025574736
.022717409
.021513745
.028330105
.020034081
.024058531
.020719955
.017350587
.021620578
.020929871
.024278989
.027867815
.023877031
.026164652
.019191250
.021570120
.022659367
.021525412
.023285699
.020614622
.023865115
.022492535
.022010160
.021221163
.021669869
.021369579
.022614617
.022019035
.024350864
.021280454
.023430991
.024576488
.023894782
.020984663
.022999492
.022436951
.024222573
.021592786
.022138827
.022499160
.023682449
.021965786
.021763703
.018928292
.023392074
.019889873
.020435331
.021381662
.024228239
.020468706
.023684532
.024276114
.020596164
.025550486
.020222123
.023460282
.026447235
.022751284
.021464829
.019978081
.023320158
.020657205
.020863954
.023117617
.022287619
.021493536
.021034080
.022488493
.021678661
.022416577
.035766547
.020661663
.021020454
.021981494
.017199212
.021687411
.026185526
.023862198
.021977119
.023137116
.024263614
.021921869
.023551449
.025197487
.018671167
.025554111
.023917282
.019630207
.022382451
.018318919
.019877707
.019741624
.022309743
.023677740
.020289622
.021798495
.022341035
.019613624
.024995487
.027287524
.022564743
.021788245
.021289078
.020458206
.022298868
.025394695
.019700624
.023553533
.023627407
.020837705
.022331285
.022380534
.023602823
.022876742
.021043705
.024181905
.021295995
.023623865
.027933064
.019571249
.014868343
.022015535
.021017871
.025872194
.021790828
.026067652
.022853784
.023595033
.025881319
.025772735
.024419822
.021876911
.023493157
.020090165
.020625539
.036357504
.027751648
.025834569
.023143158
.015803757
.023144575
.020524081
.025443778
.022370493
.022443701
.025799569
.019709582
.020712039
.025066653
.027330399
.024994862
.019000334
.017558670
.032271597
.019623082
.021647745
.020699747
.027629315
.025957486
.020747080
.023220533
.017499837
.025165070
.021209787
.018957667
.030139184
.025954069
.024301781
.023453283
.029156145
.028884853
.024526905
.022180368
.023034200
.021140413
.021511286
.023200283
.025003696
.026740317
.024850613
.025332986
.020202248
.020099581
.023468741
.023066366
.024205489
.014407718
.014302094
.016713506
.020690997
.026514276
.021525203
.022928492
.022511493
.025187071
.025535862
.022606243
.029773894
.019525708
.026628276
.027411648
.024642029
.023880615
.021243454
.024536780
.023706532
.023867198
.014931426
.023063492
.024829904
.022908659
.036334213
.018748001
.020753955
.021957536
.026765317
.024757821
.016701672
.021870036
.021119454
.021738953
.026119110
.024468447
.013442930
.013547179
.017001422
.020375622
.017814961
.021695828
.016681713
.021634036
.017038880
.017374004
.017316963
.016018382
.016940630
.013916303
.017204462
.016728672
.017848336
.032321222
.021705578
.021583662
.019563332
.025364695
.021491370
.023420616
.021432620
.022231494
.019956248
.015160384
.021656828
.023703657
.019557166
.023047617
.026404360
.019960040
.024121697
.028949645
.021161913
.024032573
.022738034
.020370664
.022177410
.023377574
.023603241
.023436116
.022933242
.021472328
.022652409
.021687523
.024036568
.026262737
.024742069
.021917315
.021547107
.020897022
.023780176
.020109174
.022068591
.023110092
.026229635
.022272133
.018505590
.018682746
.029961661
.023061454
.023292621
.022053955
.016887413
.020536455
.026208943
.023924027
.025672027
.029240233
.014722699
.016437948
.018086739
.017210526
.026014102
.020316066
.025151561
.020135482
.014498237
.015685153
.021530476
.022294100
.025672930
.022978307
.021891893
.015997232
.025047388
.026226133
.024115552
.020957931
.022790679
.018483268
.024301094
.025930716
.016991726
.019658847
.028454834
.019261265
.020352513
.018349766
.022225844
.018891222
.023090715
.020245636
.028332207
.022300132
.024807587
.024535171
.017176764
.015463058
.017661264
.025163501
.027269873
.018823929
.024231253
.023850586
.020609175
.019553509
.020664466
.023578461
.021600798
.021341632
.024295084
.027930578
.026152623
.020286758
.019430258
.022340671
.022202505
.021586005
.025992414
.022523753
.023798001
.023262085
.020174382
.023290335
.015871973
.015863973
.018246260
.026262454
.022966210
.028278575
.022627835
.024152125
.020170923
.023221709
.025558205
.022091127
.022155086
.026667203
.021801337
.022881751
.024208374
.030556821
.025624121
.020484547
.021652420
.018941925
.018633634
.024004790
.021787753
.025470413
.022750835
.024573040
.023526291
.023881457
.020917963
.021261004
.018983174
.024795956
.024926497
.020062464
.027666159
.022040460
.023556666
.021835377
.019172674
.020925504
.024354748
.021060712
.014370391
.015858346
.017771385
.019813882
.023716624
.021894460
.020231631
.021609753
.024395581
.024269373
.021418087
.023344374
.022805750
.022270085
.025772912
.023102625
.015105306
.020299630
.023604916
.029010531
.020491880
.023935082
.014327600
.029010656
.019812964
.028591824
.024641497
.024457623
.024853872
.021660752
.023195833
.021579919
.022708000
.025155871
.021614711
.021854502
.019957047
.021817961
.023856374
.022724293
.022486168
.022954667
.023433499
.023513416
.022219460
.025114955
.024735164
.019985839
.020003631
.023348541
.023449041
.025362662
.023580666
.015669305
.028489448
.025235538
.020130172
.022433126
