.507413521
.504090817
4.518317968
.497681153
.495642291
.484172468
.484200987
.472657223
.495391949
.499257714
.480916349
.503183363
.495149309
4.496913209
.518553839
.441455913
.505376124
.470181675
.489865388
.483805180
.476574087
.479172350
.481684158
11.664701053
.494525892
.517280936
.451582358
.487723328
.476400763
.457898227
.488982502
.490384505
.496918076
.489770731
.516484542
.479091231
.500258318
.492144165
.498408661
.483218076
.479976331
.490033015
.480075662
.488253105
.501160544
.497689889
.497654806
.452103219
.505918497
.483856236
.490774727
.479966224
.475244650
.476382943
.488723452
.479552096
.479949456
.490597471
.495349406
.467208340
.494637356
.493543267
.507793535
.493068380
.499503984
.489147197
.511774189
.483822191
.486338248
.490620546
.458674952
.486282174
.498387749
.489675830
.494950182
.476137672
.505364263
.482683279
.469366198
.509651977
.494479072
.487648849
.497904851
.475901890
.505336058
.492500921
.492728039
.481326445
.493627306
.488871648
.496321229
.486664419
4.462258154
.505595676
.502950668
.520769455
.496422810
.494838021
.473891821
.485987564
4.504085139
.495669039
.476744199
.517403217
.492660250
.502807379
.484480007
4.500199216
.506215719
.469410417
4.490174081
4.485674008
.479749300
.524886365
.479653147
.505572353
.484711921
.502332784
.488799597
.488403777
.496972029
.486753327
.499165883
.500046691
.495629611
.472892014
.514302480
.475365357
.482626020
.480537997
.502226451
.494574005
.501511817
.461455302
.474365712
.523189970
.466501897
.469766792
.514720086
.478440530
.483054853
.465838132
.511999144
.484256225
.500714878
.477232922
.492660272
.509863780
.489616023
.474336126
.500704997
.495491354
4.501114783
.474464703
.486993304
.488307141
.489366819
.481608666
.491499009
.504072233
.501878963
.484449239
.482991822
.505631936
.476503378
.489336643
.494850780
.471158069
.503067633
.507733085
.482766202
4.505677635
.503791279
.497186796
.483585637
.489259686
.495153812
.478151039
.493073121
.523007698
.517764220
.469443409
.501675962
.473144596
.503561243
.489723132
.497382625
4.466746352
.448422916
.498896207
.507428509
8.507568165
.489689979
.498249009
.489725400
.465794857
.490020550
.481189265
.494365757
.496152441
.503642556
.477478935
.500809038
.482948565
.509734949
.489460002
4.500269222
.471385157
.476250939
.501044256
.461134854
.465548441
.465461860
.503000827
.495267539
.494767303
.491390479
.479431725
4.471865618
.470260519
.478517499
.488082028
.489658110
.504908898
.484346631
.456648935
.477796852
.506349234
.508032979
.496981492
.506504772
.472776908
.499508047
.497983172
.472974194
.505120267
.483892769
.493504962
.484960989
.498812441
.494771302
.475262006
.454238168
.465788641
.487801202
.493240335
.484464815
.497041394
.502379075
.499585709
4.506975452
.484521810
.493275186
.497801804
.481274409
.484648230
.493776106
.481609095
4.508753775
.501784458
.462540264
.494070165
.514364660
.516123529
.462156940
.475648410
.486139044
.464657372
.505631728
.485935299
.469792359
.477763936
.498043640
.496670677
.512329506
.510518637
.472659532
.494435237
.499787927
.489796695
.478774909
.508823767
.481447087
.518224597
.477104329
.511539152
.485169403
.503718738
.483184873
.488767598
.478248256
.492036510
.501653793
.490569841
.499771719
.492844114
.439240480
.506300265
4.462882100
.508171313
.496343870
.488562204
.488099416
.475936730
.484797173
.483404465
.503649619
.496301706
.473781201
.477710254
.474060218
.489430182
.503847091
.450131424
.463108160
.503281630
.502894786
.485437402
.452464687
.450945515
.486402540
.489698053
.480911510
4.494408851
.452351139
.500664029
.492291281
.515461145
.505878513
.472050208
.490992683
.496629538
.511545449
.481143474
.487442563
.475045420
.498901437
.484536595
.478960736
.491361712
.491981822
.489330222
.498243952
.463845414
.472260824
4.494066073
.483425081
.479356892
.510460475
.487776678
.496932236
.486108387
.493667236
.487573559
.518493561
.507707669
.501639282
.475357954
.508262197
.507797126
.505615639
.486776704
.478373293
.483019216
.510847839
.487737262
.490569197
.481787165
.496315805
.484603763
.496488593
.475536362
.479089440
.491695003
.486973578
.488990112
.501723255
.512590903
.478262711
.493700662
.501110103
.495399287
.462610931
4.480994102
.493830229
.466472924
.507039027
.488932649
.486264118
.451139109
.451417838
.508284079
.494443006
.505500764
.496966990
.480388116
.518059663
.472225369
.488840381
.509225682
.499891151
.468325402
.506650025
.496173231
.474330001
.487517643
.500935821
.483596860
.505192427
.487907465
4.489333035
.464974152
4.522929548
.478783923
.478838089
.501781767
.481749808
.524604167
.491523144
.480636491
.476209882
.488898449
.505169241
.493718155
.476837525
4.496079023
.463132445
.504212839
4.477313164
.496177606
.476892423
.499640502
.465575793
.480985401
.509585698
.485117927
.491046776
.456904916
.498131407
.484949932
.508451918
.519415029
.489752256
.512080506
.487872946
.510293767
.490350321
.481210866
.457502922
.479616115
.489783138
.476014290
.514493969
.478977137
.499205008
.494743795
.499923988
.473548955
.499477682
.493499274
.499743169
.501723578
.491942053
.480555691
.486934834
.479969452
.496850895
.494982854
.492885194
.503502406
.480250527
.480274860
.490857573
.493720924
.506068429
.462416021
.485298993
.479718955
.510432703
.512145789
.484346390
.519494245
.483810985
.483821152
.496464026
.471239276
.484314266
.503086831
.501695780
4.503626460
.492097960
.469764852
.482062817
.482969214
.479945700
4.493406490
.496570084
.495167092
.481886731
.481875650
