.726700221
.728836623
.703446080
.692493832
.729776188
4.711447579
.706378421
.757160290
.711448019
.731242084
.736595316
4.705488552
4.707197997
.713226332
.726609979
.729864858
.691963333
.719832748
.715777217
4.704187067
.710616559
11.919992277
.679031919
.707257620
.717284893
.700030083
.720161837
.705219010
.709827897
4.711646714
.737303853
.728482744
.714103185
.723063404
.717783977
.754156764
.718585112
.726257351
.689170542
.744640106
.705988750
.728433250
.718567401
.708105933
4.742605211
.742543401
.719014632
4.728030935
.729996516
4.726685164
.714869673
.729795531
.715465481
4.686987967
.726314941
.709925056
.703020056
.717926984
4.727650248
.732962357
4.718230654
.734878601
.713272087
.695458864
.722428022
.705342921
.707439951
.729218883
.728135888
.705295973
.710318020
.698891157
.734903575
.721139977
.742153336
.704101420
.710363963
4.729642773
.724963212
4.736427046
.715868900
.730621367
.707851953
.711484774
.700397899
.726199248
.698568254
.733976732
.718085740
.722927876
.705327239
.719627903
.698558914
.721208393
.723450218
.728203603
.709791973
.713988086
.707837103
.709348501
.725823117
4.690246828
.743456351
.718369103
.740711125
.722326996
.698796979
.704821093
.702702595
.653266200
.728183225
4.701643971
.708143572
.718461030
.711510302
.716847300
.705186373
4.696314342
.715949903
.710458156
.699723980
.701887874
.716625989
.710259767
.688165171
.712042418
.715016910
.707447608
.694801852
.696025617
.726522823
.726008781
4.739231456
.743091771
.719708367
.715543827
.730808990
4.716650011
.689975794
.707488582
.706610234
.705463924
4.707910138
.734933871
.702395123
.717029907
.720251461
.697461957
.689560034
.706758361
.704472573
.728583515
.719777286
4.714624124
.710479131
4.736942240
.733204527
.712005313
.690145256
.703977720
.700053325
.705785373
4.712101159
4.697679629
.712287110
4.712974577
.712366269
.713385286
.708639164
.705834533
.721648550
.707373808
.721436879
.701268372
.710455985
.727264977
.709495343
.730300945
4.725668636
.740266196
.678875368
.717504728
.712542812
.696271663
.709833266
.709145046
4.705891927
.705279356
.717521021
.706010369
.728465664
.701016701
.706102264
.705237865
.703752340
.705420514
4.723587019
.715789428
.703150098
.703549295
