4.720638582
4.688773251
.698789066
.664710246
.676780042
.709919324
.689946843
4.685890744
.699812750
.685042672
.699455545
.723091940
.712829650
.677618843
.693556452
.697460427
.692512566
.685523488
.675808015
.700712410
.697157187
.698730911
.697399535
.675149263
4.692564881
.660408713
.682855656
.692364606
.718170670
.709059643
.724582992
.741890166
.707575254
.710881758
.686998046
.704846211
.687751192
.721990973
.728773049
.697045136
.724201100
.711051339
.717331793
.707616114
.733515961
.690654079
.719140037
.703181621
.702229483
.701320329
.724744342
.700506037
.717292638
.695405066
.718707868
.727777712
.721188297
4.737451783
.731762248
.711950758
.743090904
.721565758
.684156211
.726878852
.705803901
4.719300215
4.717744984
.732822806
.695931128
.719014311
.723465309
.715510296
4.695299751
.719081078
.702017228
.714738353
.705199164
4.727648978
.673475830
.722201098
.719754799
.712194464
4.730835284
.725588369
.724427217
.736716836
.738985803
.687062427
.715063959
.703797667
.756172523
.740101381
.701426208
.689626818
.739313526
.654666155
4.727612820
.694077820
.716964883
19.775742151
