.697189472
.705614579
.693739219
.695611281
.694796140
.726175421
.724134878
.692809664
.696162152
.679937183
.731370374
.735889859
.726141324
.712344509
.702414419
.711695042
.696647374
.718421060
.686970068
.719581573
.687074703
.717599956
.692750975
.693145606
.721295070
.674645689
4.693774913
.722980023
.709903309
.669002794
4.704527051
.693369216
.745929480
.718297537
.715670343
.697449461
.732389376
.703673093
.707254320
.695981949
.726484199
.708802592
.681280037
.709295693
.696077920
.734073497
.698231265
.727028016
.698626021
.673178552
.765012217
.697746414
.712344438
.704399563
.683711041
.697109054
.718903115
.750205787
.720089786
.736049872
.695372829
.747828473
.721857224
.748736838
.743685867
.704475370
.721880907
.725245822
.701556868
.691405513
.724597961
.725942542
.715787685
.707108966
.708563601
.720018910
.721849924
.702366267
.708951692
4.703184220
.730347873
.701658016
.712128703
.701549210
.707747171
.719486221
.703203828
4.690303032
.696233732
.716429391
.695407132
.700077949
.699818584
.760181245
.679098568
.746949472
.718617074
.735851499
.695856186
.745313857
.701997098
.690544332
.684383833
.849755969
4.716657243
.702967560
.680277099
.688382359
.685024166
.677512935
.702233597
.684079512
.695275998
.702102138
.719793436
.707925614
.744874512
.701935590
.702940787
.703205971
.677639386
.672080257
.713959263
4.693112515
.677138703
.743284876
.731932255
4.742779659
.715190719
.712023554
.716601013
.695857518
4.731149373
.721396209
.723261471
.708848307
4.701538123
.708845932
.703918807
.682011923
.711812158
.679390404
.708827263
.690064675
.702458875
.695310188
.686788969
.693149692
.684493542
.682524985
.698071168
.710523625
.717164797
.716702077
.712869892
.711566951
.725883454
.718067191
.713452708
.691439665
.695808786
.725970673
.695026864
.732589424
.723589652
.725554417
.703928334
.720760289
4.655646012
.738839665
.741854573
.739829684
.717392602
.683119527
.689211439
.694987794
.679655713
.691490538
.674220400
.685301341
.678460669
.694188975
.693932225
.670390763
.665779632
.684724955
.690581605
.678818454
.677676176
.676984888
.693073934
.687562033
.682058294
.710912296
.742501550
.713708103
.710651215
.684902286
.687495357
4.721141665
.715155871
4.682984209
.713895562
.705367230
.712418025
.699123550
.692373097
.740427096
.665191845
.698894696
.704673787
.696805172
.723369338
.723069567
.741532938
.708643925
.717987685
.717311271
.711414569
.719165983
4.709362071
.718486705
.719332802
.731916472
.677349654
.721040725
.712324406
.705396723
.726062639
.699738707
.735115504
.712054639
.708424486
.721041286
.733464528
.714605173
.711160315
.731826218
.725746758
.707621639
4.707521615
.726378001
.680573040
.702018571
.728788671
4.707746799
.678670169
.735383772
.666098826
.679619110
.715826408
.717780655
.680713745
.702079772
.721617277
.720279768
.678685991
.716031698
.683213431
.702470695
.714580368
.678359618
.714339976
.698220114
.717644481
.690516804
.707146957
.690079101
.724745019
.688193767
.703656313
.730712055
.731526523
.713237038
.715799530
.679609175
.712154703
.690646712
.710346377
.708743131
.667672134
.710625895
.726803228
.742504108
.712388377
.715695515
.722734874
.714713013
.733627875
.715742183
.710875939
.759067457
.737458937
.715601088
.696426059
.674122635
.709888149
.736260411
.690417281
.702643991
.691487828
.708878934
.682715135
.684307134
.685831739
.697266721
4.673445069
.672265607
.684982041
.677506425
.679385605
.667405762
.701093033
.688019887
.716670075
.726537175
.917428176
.732106173
.702666801
.715514505
.713776774
4.682938377
.730916917
.690194004
.663245171
.693118781
.688502319
.673744398
.702563744
.738949681
.706179485
.720219227
.704190481
.712143637
.693959838
.726983096
.700511733
.695303373
.706449004
.728247895
4.680182033
4.693286224
.704494697
.704288513
.710821126
.732754460
.698954873
.724851493
.671694439
.725579248
.689472262
.667248317
.695502472
.688744247
.707128207
.698682808
.726418347
.676732612
4.688978977
.697400574
.758197757
.747419814
.709475726
.706596181
.702302657
.714062415
.689269126
.683839825
.678280005
.744293173
.696181806
.708112821
.685693119
.710092600
.685316872
.672028561
.718398289
.732647853
.687722352
.708681916
.723419155
.738481284
.681564348
.666115985
.677661147
.692803387
.709076853
.744769896
.749702528
.696655720
.676580202
.717996437
.701462933
.660416939
.710714115
.686585099
.673848200
.686508045
.737267657
.707382209
.717943825
.694684877
.718224641
.690743782
.764704418
.705697076
.701586636
.694926900
.674967959
.719196235
.675222594
.711101598
.709347333
.682573816
4.718576278
.718813193
.728473689
4.695789964
.681685521
.680930336
.678538223
.701146692
4.667858456
.667382986
.648984545
.713981676
.726555048
.724480733
.675684144
.712395303
.726534179
4.696405197
.707662173
.732724290
.672639529
.724849436
.658557651
.743452255
.724939054
.679347393
.739625461
.725082681
.690836846
.673755958
.661467339
.686461437
.703052626
.711325157
.684125244
.673885908
.723922734
.743402615
.703245339
.679742912
.705496750
.674634895
.678229799
.690979788
.668634733
.683679296
.702077700
.707539881
.701329765
.705286156
.683228813
.706855655
.693549630
.716974986
.698495664
.712938012
.698925171
.710465293
.676454754
.736842892
.685716798
.696556194
4.738258113
.690935521
4.735454618
.713242505
.668853898
.692330515
.704572577
.689963906
.719069960
.677485178
.673838846
.707746408
.692536581
.740629571
.710960860
.701883521
.708520428
.698536650
.706928235
.712320325
.703172925
.708547017
.688286105
.714984577
