.691887329
.676226261
.700859369
.694168809
.698285337
.691194687
.689008937
.682086833
.707498809
.696486782
.711452103
.684009260
.710071868
.703526414
.688256156
.692613266
.686862042
.692133852
.688570559
.697465959
.690907627
.709309602
.688384669
.679877801
.690562682
.709725012
.696826323
.689429630
.689062809
.692070015
.684859504
.699139056
.690872916
.678201580
.693682772
.704693847
.712740010
.659214140
.677877428
.672642289
.684001100
.683951679
.689837956
.674154746
.694109767
.694063137
.683709950
.687354377
.683466722
.681786458
.679661408
.674006901
.686371545
.656336652
.677099865
.692268718
.711777195
.677456225
.683789194
.676349877
.692612253
.701862957
.687511579
.684119419
.689022013
.686101377
.690311028
.681109283
.680703884
.692844387
.694123497
.688016957
.698902646
.690566004
.693888945
.691695600
.685267906
.689848408
.700965989
.693980790
.702031993
.682584812
.664047538
.662382068
.703139210
.685262824
.709822593
.695121509
.691088469
.690472502
.674117908
.690234691
.703054786
.667617666
.674083239
.724373580
.723279323
.685534346
.669924063
.689270445
.690054759
.686789700
.668114748
.670807928
.672298133
.679832836
.680114442
.663846397
.683235032
.695564920
.659303773
.677088652
.677292804
.699503911
.690148675
.698705763
.688906463
.671136285
.680804623
.690479304
.705460350
.675871744
.701180186
.700916947
.717344936
.689616813
.720083733
.668804507
.696614162
.706877756
.694255436
.673609626
.687167903
.702191383
.701062749
.709459813
.692218819
.670827446
.693468631
.689964887
.676058249
.669843325
.691299287
.684209166
.694087932
.683086366
.668452086
.677933486
.676104504
.700772813
.693122603
.674761810
.705543369
.700438494
.716175572
.690925924
.690968802
.703343273
.694226736
.702172344
.685032400
.711952269
.684634951
.692875375
.702270185
.678438486
.692548557
.704800100
.681523239
.710595622
.687131057
.670206892
.672207353
.670920488
.685370553
.696124519
.692436945
.669413524
.701776925
.694966811
.705597427
.692636619
.708447885
.702422957
.681786587
.687557815
.694861707
.677762783
.682356368
.691179295
.665327740
.735768129
.691301643
.682381628
.686595013
.710695928
.678645159
.684412962
.687619680
.696602910
.679170786
.695634957
.668557758
.698155536
.675023783
.697129537
.693614292
.683823289
.704961714
.700639655
.709429578
.684387335
.689912784
.702468845
.673515452
.699704871
.701711742
.695176753
.674099250
.679636074
.689697099
.682194657
.688268191
.676536281
.681737786
.709931868
.679249333
.692958866
.709005813
.673645249
.717929116
.668992313
.684607684
.682160108
.680875937
.698629013
.723802861
.690627716
.667128954
.686622467
.692533925
.675795388
.668040944
.691737277
.684735013
.686353982
.703241720
.725321710
.689096297
.675274436
.672795362
.679083411
.679775800
.702531550
.693650085
.669958011
.672631227
.669982014
.694149418
.673504922
.680079285
.669386967
.700476261
.686439798
.673478921
.705767769
.666880723
.688066345
.684145154
.683111988
.687095976
.709423397
.707932778
.705574671
.685966676
.676292439
.702068847
.686717986
.688812864
.677987617
.692077877
.685169778
.690554254
.670325375
.699881163
.700661515
.691929854
.700094543
.679865120
.672233320
.658423100
.696601519
.685122442
.689126380
.688518756
.686823274
.691093583
.715497021
.689269382
.681991990
.684891403
.704664530
.678295899
.677632226
.685959269
.677145945
.683455534
.684330981
.712567605
.676608618
.667188952
.684867235
.691175155
.695124553
.676720005
.670280033
.689036360
.688502610
.682927207
.691894505
.646479014
.678815172
.687843057
.696945574
.684635052
.671931957
.694126140
.705520923
.675326227
.679459223
.687784594
.674454574
.675501532
.683123890
.684833109
.698481363
.686963987
.688443813
.688468398
.678772335
.678241210
.695952911
.687783214
.708898036
.682840871
.694288482
.676327729
.694239769
.666156370
.669474031
.721078980
.686392543
.685106089
.673665812
.671746673
.670054251
.682471796
.676237538
.700199478
.663862555
.679265232
.679030511
.688186985
.669019108
.681114603
.688108655
.690957380
.691083058
.664801535
.690337376
.691160274
.689813335
.699074480
.698930469
.683982544
.683003092
.674491757
.682640731
.688381682
.668603503
.709959795
.672399634
.679606326
.713728800
.695156340
.681064190
.687084747
.692701105
.673378378
.666833864
.665142439
.678317225
.699413632
.698569733
.691093233
.688714149
.698524948
.679621629
.680680311
.674000936
.680909613
.716647559
.682923544
.702419233
.685848562
.714662284
.684918799
.702589198
.679515291
.679877137
.707643591
.654559263
.672689977
.689924179
.707639982
.701027711
.699884417
.712382938
.697528482
.719407059
.685543132
.687341686
.672199792
.690658567
.671858029
.678124015
.712500807
.695999509
.699885291
.671026697
.693907862
.688346454
.700436570
.697191988
.709558909
.700437861
.686666286
.698083534
.698296252
.697309536
.691284896
.682423195
.699033874
.689842114
.690565692
.693553095
.701130064
.692383785
.687235690
.677906298
.685691736
.684465716
.695136175
.694832826
.679279035
.677206846
.674677123
.696657842
.679055129
.686809288
.682963101
.708515374
.676695672
.701958820
.684208515
.696681409
.705480146
.681450405
.712023787
.698229707
.678035496
.672578130
.692281715
.686778915
.686390786
.699504155
.690869524
.672097636
.683339658
.671936426
.710084453
.688390291
.709130950
.687109895
.689764695
.686457739
.680082672
.687173942
.696392694
.666790094
.674207755
.685739246
.654194591
.672768975
.692862310
.682116732
.699004698
.662955028
.685263472
.696776713
