.040598260
.016078095
.020804296
.024862913
.021949961
.023910207
.024646164
.020575296
.023419041
.022084418
.024714830
.020458130
.019432048
.021807836
.022735375
.024762205
.022458168
.020733838
.023450333
.022327043
.025106913
.021763211
.023321958
.022062085
.020004505
.030219236
.019638298
.019636756
.023598832
.022005168
.024481873
.025127955
.022096127
.023088458
.023315416
.025211580
.021183587
.019694964
.024687330
.021157253
.024825997
.022828709
.021446378
.022997916
.022851333
.021986252
.019389048
.020758420
.030921361
.024578039
.024615539
.023707582
.024724581
.022237001
.022387335
.021778961
.022161335
.024375664
.023006041
.023475083
.020725837
.021771419
.021589753
.022434084
.022194835
.026265869
.020732004
.022909250
.023981623
.025138246
.023761791
.020785463
.023403958
.021023379
.019428007
.021199337
.022868667
.022046502
.023697999
.027990950
.020534004
.021170128
.021887127
.024321831
.025254579
.020874754
.022346918
.019292465
.020217672
.022668959
.021837586
.020680629
.025808412
.022651250
.025477745
.022763917
.020821212
.022021377
.023734624
.023267583
.024628622
.021039254
.023567291
.021386461
.024088207
.023570833
.020894670
.024161998
.024102039
.024006373
.021240086
.021003170
.022404001
.021727794
.022505501
.021874085
.021080587
.022942834
.017375010
.022081877
.013782100
.017375635
.016175221
.020011297
.022702834
.022992917
.024790913
.021722919
.023579416
.022387376
.023188625
.018715383
.021035837
.024408998
.021053670
.019989006
.020659421
.021327003
.024459872
.025792786
.021006295
.023742415
.022389001
.021808336
.019568131
.021366753
.024192165
.020014297
.023362750
.021778419
.021355586
.022635710
.020826046
.022842542
.022873125
.022309835
.023281375
.022068127
.018526175
.020838379
.019149257
.023397041
.024360497
.027776866
.020724046
.022283085
.033514897
.024177915
.023058500
.024198623
.021493628
.013495184
.012247519
.014585390
.018083551
.018720716
.021307587
.022778208
.021492587
.024397581
.023465750
.022059127
.028729281
.020508755
.027232992
.014172308
.021290586
.026270994
.022882584
.024111373
.023392925
.023303658
.022654573
.023211949
.024599243
.020045154
.029006041
.021673031
.025652101
.027665770
.027191769
.018411555
.024536350
.016235678
.022669474
.021169462
.022405962
.026871796
.027360838
.021025253
.021690254
.026602998
.026751910
.013742622
.019315746
.021869119
.015224663
.021522287
.025327488
.021021489
.021348239
.027958193
.024690237
.017624699
.019583948
.024682443
.025278522
.022278358
.022904940
.021751275
.023088982
.028704061
.026246434
.018817649
.018324983
.020460939
.022214437
.021071396
.023522770
.025471059
.030108801
.021601519
.017228564
.024304307
.022467476
.022501268
.027120929
.018864394
.024939221
.022427058
.022993598
.023831722
.021582225
.015949315
.026952759
.024512886
.022169639
.020849724
.023650762
.027412007
.035265913
.018890726
.022382013
.023033762
.020393849
.023717261
.028400672
.021013139
.022408721
.021566304
.026694839
.022839095
.019127724
.022860553
.025668216
.025055049
.023460718
.023820217
.019800682
.020239430
.028070503
.023658176
.023830717
.022000428
.018728724
.022386344
.024336258
.018447641
.027747836
.026882545
.022848552
.021269179
.018829640
.019032890
.022571594
.024741340
.026742587
.021023554
.022252260
.021308554
.021194886
.025132673
.019612597
.022945384
.014766104
.016803809
.023784424
.021284886
.023291176
.022092969
.021949844
.022445926
.021572636
.019905639
.026037880
.023030967
.023648383
.023450758
.021607094
.023248425
.023235174
.024248007
.023394383
.025854671
.020785054
.017964807
.023917215
.023276967
.021219762
.021915177
.022820759
.022444968
.022698676
.023428300
.023275258
.019807305
.024160006
.024894506
.022690758
.021758344
.018416474
.023341591
.024765256
.022421384
.023823007
.020053971
.020380553
.025243797
.021877302
.019882762
.022169343
.019696221
.019070389
.022267260
.014008438
.022853633
.025031047
.027127544
.019746513
.022521385
.020837928
.021559135
.026111379
.042741521
.019918680
.023203549
.021944926
.021861760
.023303091
.018914972
.020531387
.020935345
.020948761
.026373378
.026474462
.016225518
.020164345
.016224810
.025635338
.024815547
.021235053
.017482974
.022762884
.021105386
.022393301
.022217634
.024243131
.023866299
.025575212
.023407466
.020372429
.022984092
.023485299
.023130759
.019873471
.022890508
.021153511
.022238426
.020460929
.021647760
.022551051
.021223094
.020746720
.021521760
.017804266
.019329180
.023626007
.022460218
.027099502
.021357719
.021839301
.022642092
.021889927
.026224087
.023475841
.022047177
.026930711
.022150051
.023719882
.024960422
.017981724
.024432173
.027509544
.025940463
.023079508
.026131921
.023962757
.020459762
.024115965
.021947593
.022047510
.021784718
.025253464
.024484548
.021994718
.021710551
.023218716
.024464214
.023377674
.025732754
.020342887
.020900886
.024216132
.024043424
.023552508
.020391262
.022216218
.023148591
.019584513
.023964423
.020283262
.022606176
.022313009
.021594302
.024203090
.023817716
.020189429
.022426134
.023137883
.023958465
.024251340
.026384545
.024092298
.020191513
.022614092
.021835427
.021762344
.020423054
.022625051
.022501925
.024396839
.025078880
.020594845
.022462301
.025452505
.020405137
.023562550
.021619969
.023334716
.022510634
.021671427
.023812548
.022494926
.023575757
.022835384
.021456636
.023545841
.025251297
.023802049
.021173927
.023747590
.024424797
.021196220
.022077052
.025176838
.022223842
.021764635
.022277926
.024968088
.023365174
