.061477287
.038153022
.038817857
.038740398
.041562316
.037638092
.034503549
.038977300
.039332967
.036775175
.040479842
.037039418
.039140539
.035474206
.038785789
.046589955
.040209372
.038866872
.035923615
.036700573
.038498906
.038946323
.059227025
.036205031
.038513153
.038585566
.040010774
.036844359
.039873316
.040491732
.037178733
.039095353
.038344062
.037756687
.039366811
.039379853
.037134396
.040127519
.037091226
.037929975
.038496183
.051439300
.038204516
.038208517
.036925557
.039080055
.036963515
.037438348
.035677558
.037747140
.036834140
.039577345
.038500595
.039110053
.038487095
.041559218
.037661471
.039052011
.036590887
.039793134
.036162887
.037808844
.037513428
.043004007
.039280508
.038524176
.040181258
.040405674
.036738928
.040338466
.038724759
.038939592
.036352635
.038436176
.038353342
.039777549
.036271302
.037782301
.038333633
.037659342
.037138718
.037645551
.038396050
.075757600
.037509259
.039544423
.039253465
.075830225
.037670633
.038547674
.043319545
.041333047
.038276716
.041510004
.039817506
.038083591
.037643466
.039003298
.038084965
.039235964
.067358022
.035734634
.039763131
.039904422
.038176882
.039102797
.036642009
.037576757
.037357050
.039616964
.035618051
.038605674
.039809130
.039086423
.036948049
.039881630
.040359588
.038718590
.037657424
.038709756
.036722425
.040537505
.038058507
.037584632
.036688633
.038670006
.038394298
.038088465
.038266174
.037431716
.035918092
.038597632
.036189634
.039439088
.038755673
.037871466
.036367758
.039207756
.037697215
.037651757
.037022258
.037976715
.035606176
.037619757
.036428217
.033898594
.035037468
.037221341
.036905300
.038226214
.035963550
.038802423
.038165756
.038342465
.039046714
.037748340
.038110299
.037197883
.037003216
.037484299
.037441841
.040156963
.038223465
.038799881
.037956215
.036815300
.039449131
.039882838
.036621383
.036189800
.037761257
.038497256
.038106089
.038288298
.039312880
.037820090
.037330132
.036937049
.037692007
.031512846
.036217134
.038069840
.038822714
.036074425
.038709215
.038882339
.039667047
.035305509
.035919550
.040151380
.038153590
.037159299
.038535381
.037080382
.037513924
.038447214
.038710714
.036366841
.038056215
.036590425
.039436547
.038512923
.037650257
.038153964
.036498216
.038970672
.038155589
.038876589
.038875422
.035420342
.038340006
.037579423
.038911464
.037523174
.039990505
.036298008
.041303836
.048984622
.047612123
.039197048
.036257925
.042674919
.048658371
.045729707
.043962418
.040670295
.037329507
.040288504
.040305504
.049099496
.038975547
.039604463
.040803629
.038232131
.039429047
.040277880
.038450756
.039677839
.041534295
.038974131
.040050880
.040137505
.051580869
.040980504
.039399797
.039032923
.037587215
.039924922
.039960213
.039526380
.040404547
.055678490
.040761296
.042152294
.042473461
.041553962
.039725255
.043029960
.042037878
.039916630
.037606882
.041935503
.039521130
.038643506
.044050668
.042156169
.041346920
.042625252
.041963128
.040152963
.038691673
.040041880
.038408839
.056409864
.038653506
.038109923
.038391215
.064162899
.040495046
.037623341
.040293588
.042183711
.041515336
.054748657
.037361924
.039820047
.040077380
.038308214
.037941549
.041202671
.046837582
.037624423
.039889588
.039443422
.037080924
.039593213
.033619052
.038157298
.038674673
.037923257
.040563338
.039970714
.038959589
.038507672
.038668423
.039790255
.035227926
.039716838
.037831840
.038224340
.037801507
.038595131
.035494884
.038634714
.037069466
.039587421
.036176383
.038378714
.036576466
.038382923
.036298050
.037522590
.039597463
.037750632
.034482093
.039837339
.037258841
.038980630
.038632881
.040692671
.035711675
.038530756
.040318213
.041081420
.036421008
.035687175
.038832797
.039316630
.036220050
.037920757
.039772005
.039907297
.036134925
.039048339
.036865716
.039393089
.036187050
.035388342
.036387467
.037612257
.034605260
.040187588
.037767756
.039622463
.038024840
.039187006
.040937670
.036723383
.036745841
.037074465
.037371882
.035926133
.039290380
.036927758
.037478091
.036421925
.037404882
.038572673
.036661841
.037692632
.035206926
.037248549
.036152508
.039533338
.036495966
.037692007
.034662384
.038617465
.037753715
.037942578
.039120039
.037732203
.036728534
.037020285
.037664036
.036958410
.037919345
.038927680
.036269093
.039268971
.036730927
.038947096
.038042912
.039292286
.034766032
.037964743
.048732461
.037121992
.037862243
.039169187
.037707186
.036620061
.038998520
.037100437
.037119437
.037287226
.039781301
.036849093
.038216552
.039431885
.037693093
.035183258
.037091085
.039577252
.037351126
.039933501
.037789751
.037628168
.036147210
.035410579
.035566204
.038446996
.038492829
.036065037
.037744245
.038480116
.037867824
.038350616
.037398866
.038183741
.036523450
.039396282
.038277987
.038681946
.035536613
.039651321
.043265778
.034098281
.035696613
.037513902
.035702902
.041160942
.038276527
.037454361
.036498069
.038536275
.038668483
.039224774
.038562983
.034947735
.037941400
.040579982
.038503065
.038380440
.039234398
.036631149
.035636733
.040054564
.037315940
.038962105
.036838981
.038236856
.036595607
.038556813
.037334814
.039161646
.036548731
.038047439
.036654481
.038392438
.036743022
.037293855
.037831604
.037421480
.036056855
.036043230
.042643977
.037461730
.036652355
.038449228
.036882854
.037780229
.035597021
.038571645
.036450896
.039132228
.039731477
.038340729
.037770645
.038838353
.040182061
.039288270
.036737687
.037252062
.037445729
.037373145
.036849395
.039433519
.036153021
.038084520
