.694216961
.680252758
.694324714
.684765781
.686556031
.677949370
.694690348
.718071106
.697159406
.721699900
.670777410
.697485164
.692265791
.689672229
.684473815
.715359001
.655533968
.694682972
.712673521
.682876612
.678923477
.700307355
.668712903
.690021613
.691922808
.693492478
.682821051
.668066648
.680063881
.682384148
.667353017
.687008719
.687556740
20.663651083
.698648159
.682106241
.687712994
.710907896
.674962954
.692522020
.686606636
.692456810
.696243021
.678823751
.716150681
.695872429
.690044797
.671759966
.687749329
.693892842
.697469966
.700172277
.707535611
.697193251
.698236150
.708285919
.699329841
.678921794
.681688024
.701726229
.690776147
.702981757
.684097359
.690229893
.692957529
.709219635
.697188940
.688373128
.674365425
.686857317
.655177143
.687091298
.696812783
.687241785
.693099555
.678314822
.682324150
.697534128
.687325715
.701683582
.694966321
.692081181
.698978503
.689111208
.713248113
.699993076
.672597562
.679769553
.670807026
.693342810
.685333511
.693787070
.674653528
.679347298
.693453189
.703721580
.694316042
.664915316
.683924064
.653091225
.684401742
.686916338
.669881633
.671536961
.681468636
.686707126
.694516588
.688249534
.677446840
.718640198
.699550781
.695319689
.662184048
.681776309
.675359961
.706968443
.687862734
.714253310
.680609117
.707276825
.705169982
.702554949
.700556877
.679789201
.677434605
.687408461
.675892088
.697096945
.690215234
.650110502
.662784559
.680802832
.666622008
.660046202
.678967791
.670498553
.672147645
.663108677
.657654072
.658482513
.678243765
.681961471
.671076121
.697812099
.699358008
.678661202
.674070857
.671320259
.689584141
.674318655
.691000879
.683291718
.676679539
.657841894
.678716956
.697372930
.668897251
.673847563
.695676270
.657270592
.691520433
.689951067
.687616435
.682131112
.695093966
.721617146
.699578894
.703620936
.702675124
.644760830
.683551725
.678683206
.686771001
.708078863
.700119988
.696530996
.669806812
.693111883
.682559194
.714816841
.727678388
.675187198
.737382984
.685465481
.746176594
.671011220
.688428891
.704994637
.656232452
.681568437
.688133538
.685602323
.706396767
.710479123
.708698522
.669377045
.693646121
.731971433
.693194582
.695066791
.711663209
.697940519
.683136643
.687971615
.701770475
.685532109
.693595271
.709610133
.705222379
.697387806
.720598395
.699886147
.701371469
.689293311
.706231441
.675040359
.679748829
.721128947
.663958472
.678353426
.719197367
.688368376
.692232286
.680514344
.724064714
.699617100
.699697102
.701570098
.703986313
.696419245
.677221736
.702532784
.707253337
.695632354
.702056566
.702724574
.707753602
.701051731
.685452534
.693029820
.691493648
.712895643
.694496483
.688752897
.701399058
.711168847
.662752651
.695969538
.690962656
.691969331
.670228111
.653769235
.685031214
.677149491
.687318399
.683997383
.673700233
.677836815
.734008091
.664757529
.678689461
.684375611
.701880569
.679046678
.679318975
.674752513
.728844666
.671187238
.658364162
.686508237
.684475032
.683649308
.692961568
.676757761
.691283995
.685716265
.696971686
.680062824
.711514587
.661221549
.695087650
.662383322
.657258390
.647673917
.640518198
.670407723
.684095317
.661110006
.676371920
.671648497
.701748193
.692806899
.666933657
.668575719
.708253467
.704916194
.677794317
.709184969
.675505119
.682559249
.686749479
.656887773
.674557346
.660021881
.678921878
.694466594
.701448982
.676755164
.661988010
.686355673
.699443339
.688124815
.719109502
.670977313
.681207251
.667185794
.667871642
.665347099
.699005579
.680384454
.695475559
.676520053
.697025713
.692312337
.704170259
.711415639
.686441941
.687498501
.701152580
.718917190
.671007206
.678234127
.690880771
.669134214
.692922057
.707900451
.661809874
.714897202
.660706979
.691352862
.709169725
.689562248
.677436113
.654129320
.688236890
.688330558
.713535344
.694523337
.669300884
.691525074
.694436713
.686381798
.657740922
.656342336
.671285135
.680207178
.700567360
.704382664
.678256351
.694605209
.684538952
.697214513
.701199139
.697056040
.682563874
.708128544
.676898663
.677914255
.688201615
.687896213
.676339514
.682330663
.672379860
.705847875
.696372647
.695294035
.694570961
.663742089
.704934601
.679216881
.698333216
.690381385
.666036816
.684338618
.668894494
.669686068
.689687060
.677754648
.657012415
.680763491
.689839350
.690037557
.678939176
.660642376
.686030516
.659214516
.704968770
.665597071
.679597878
.693034858
.660852915
.691533707
.695298875
.692647028
.665158368
.670147273
.698141968
.685315149
.679251091
.684457150
.692624278
.665489300
.701687411
.676321157
.684651984
.673425647
.682661933
.653290316
.671923574
.665968012
.672417645
.671461685
.650117368
.645880787
.673116444
.655251347
.649757052
.681005607
.677593157
.685521611
.693194150
.685326997
.659302352
.692710747
.695908711
.694092108
.721905236
.695217846
.656122354
.682745246
.676266906
.701976060
.671649420
.714463161
.669259574
.674648302
.686368370
.655884400
.706067594
.708215611
.678186968
.699905501
.676937399
.681218349
.711400114
.674274972
.672336204
.681960548
.665473869
.666495940
.687343776
.667794258
.702476095
.676278782
.676133159
.698118939
.706130551
.698387021
.688320339
.683209638
.693859207
.694156350
.670442548
.675599902
.665688160
.683216316
.698718222
.682761227
.684549921
.677055345
.702540098
.683513969
.701736506
.703614084
.692940154
.689720790
.670912918
.665661200
.667179601
.658379051
.672225583
.665427048
.665325468
.675277422
.663494660
.670873564
.668453097
.670927731
.677723769
.689621115
