28.287957176
4.094318533
11.297695113
15.289352241
.059043118
.048728523
4.084749290
4.074199207
11.305071153
4.085505599
4.075990470
.059712486
4.101777571
8.102582404
4.094054898
4.094135205
11.294404283
.057468791
11.285183006
15.321477974
.064542282
.058940364
4.090466284
.072360081
.046165183
.047298756
.050409854
.047873752
.046686054
4.086947173
15.322970932
4.091617236
8.107154882
.059657918
.049049385
11.269379855
.058474161
4.086010427
.046981712
4.071086615
4.091229233
11.298336927
.063168652
8.132156098
.059099990
8.104277347
4.090122659
.060832064
.052902721
4.094019666
.056886070
.047674443
.043318627
4.087997582
12.130821678
4.086754941
.049737363
12.113458692
.065287039
8.113637423
.060177937
8.116006059
12.129207939
4.101976652
4.087432835
8.109113801
8.107845932
8.132906168
4.095236344
4.079121447
4.091343691
4.093338856
.060808167
4.100421721
.060114071
4.086083703
.050842153
.075870856
11.291138528
.054600021
4.079371624
.078424344
.047070290
4.077940761
15.317342988
4.095457319
8.115648051
8.117595271
.064837960
4.077923354
4.091163492
8.112629075
.058814900
4.085154989
15.324940310
4.105186911
8.127380284
.059507734
11.315185071
4.103134977
4.096610898
.060603965
15.326755483
.069810952
15.301364721
.060481685
15.320505753
.059827365
8.114688367
11.287743968
4.082597460
4.087128290
8.109112884
.061425305
.047960927
4.073439537
8.114715860
4.107928136
4.087271122
4.068542858
.063696715
.071622257
.056972838
.053625789
.041544686
11.294207112
.053692913
11.284526344
11.291282275
4.117816960
.057288906
4.090096916
.057025465
8.087133181
15.321143137
.063274523
4.086291812
.055958746
.049786023
.049663025
15.288586651
.065501653
15.308708203
11.306536737
4.094494245
.062939722
4.087259976
19.334609230
4.092466350
12.124600062
4.109457617
4.098586823
11.277974498
8.121387926
.056737870
.049829803
12.116639982
4.093459324
.060862427
.051619922
4.079454833
.052803556
4.084898034
.060014365
19.319113252
.057147935
4.064094827
4.097000557
.054562589
75.766219660
4.101748799
.069250619
4.066057127
4.105703562
4.092450946
.051842790
4.101806521
.054203720
4.093812666
11.291282142
4.095330535
4.093377882
4.074841760
4.106717405
11.301174690
4.083655093
8.113009058
15.316897598
8.100561238
.067887800
15.321904454
8.124445871
11.285832530
.060499340
11.297530853
4.073582535
8.113010655
4.103337281
8.120062458
11.278770407
4.092269205
24.250612393
4.087923292
.054435482
.049446303
12.125264002
.064645125
12.142792222
.066171660
.044458624
4.075725329
8.119578876
8.127789526
11.291385709
.061197580
.066525788
.047651631
4.080927681
11.293911019
.056655432
19.328554066
.061106181
20.184793671
.062260287
4.081905778
8.139670420
4.103566908
4.093132250
11.274970331
15.331818373
.057902771
11.290863815
.060542622
.045846973
11.290235320
.056245644
15.332280525
4.078765160
.062105872
4.086395246
4.102552309
8.114558539
4.100580434
4.090249091
71.749402554
8.119707740
.067958537
.050676382
.052151748
.080734120
8.095575614
8.101751661
.059849773
4.083917386
4.096676464
4.097305963
4.093260694
4.110721834
8.116193491
15.306551002
8.122463484
4.081155058
8.110633772
15.314170444
24.274453705
4.091831150
8.102526192
8.115502405
4.100626139
.058302150
8.090491393
4.101695672
4.077538038
4.097458585
8.129084759
4.102593851
.050984092
4.082913986
8.114026613
.062023179
4.090131615
8.125684696
.059030906
4.078217430
22.522049630
4.089772371
4.096104918
4.085952061
4.094967878
4.099208972
.054432012
11.292011236
.055656808
15.341299392
4.085759187
4.105743962
8.120434186
.053791692
4.070424875
.058030315
4.080736048
.061057235
.048271328
.050776270
.077780491
4.091841992
.050190395
4.085340420
4.091407009
.049739163
4.083205756
.055376894
4.097822335
8.127747485
4.085124502
.057472077
4.082663521
.067958790
8.116034061
.067333773
11.288281520
4.088309252
4.092535250
4.098257141
.058875458
4.072855600
4.080373750
4.093310469
.054031407
8.108170617
4.096270648
4.096189992
8.111379115
.066430836
4.082619561
4.083783476
4.094244795
11.278352582
.062344880
.078795390
.068440987
.043973338
4.069408594
.060707725
4.083648336
8.115883517
4.099698453
4.080603584
8.121023293
4.096701503
15.319049491
8.108163272
4.099022821
4.098310851
8.111014278
4.109323412
8.130902181
8.124268942
11.291135373
4.078736835
.063010356
4.087530223
12.140604793
8.126218458
.055912321
.054122396
4.070650017
4.090829462
4.090559304
.063076765
4.082564964
12.134756105
4.079128332
8.117209597
.051168894
4.077923842
4.107909667
11.299916306
15.311748464
.060945822
4.071435105
11.283013804
.059694790
11.283011895
.057598710
8.093880968
8.118695970
.061738703
.054316598
.047758664
4.080154840
.061130525
15.294813221
.060002116
19.328678420
8.113161987
4.099033852
.060856549
28.269806174
8.113674889
8.098010214
.068778526
4.084452578
.058895018
.045284791
.044820309
12.123553021
8.134105301
.057824021
4.060490484
8.128797538
4.088198561
.056749540
15.299863114
4.092895584
12.154151870
11.311896169
4.085792171
.058143483
15.306692791
.058316143
15.339022202
.058073194
4.069113916
8.127501272
8.105425414
8.122492598
4.087150871
4.094366470
.074627756
11.272577528
.057303095
.047552517
15.319454850
15.315619861
.059578649
8.100587933
4.084058814
4.092383277
.064521099
.047111061
8.115769069
4.082572363
15.305897197
4.095816097
15.311160912
12.130115991
.061977067
.045005794
.047432952
4.078463332
4.100730031
11.287377209
4.099815882
8.119288353
8.123579498
4.081735478
4.091876198
.057712483
.072058780
11.283224564
4.103378143
15.314469261
4.097834481
.055241311
19.335286219
.060118466
4.087094137
8.118457550
.068512163
4.074181589
4.082766783
.061393516
4.092361170
.061757168
8.110629403
8.104815873
4.093321063
4.094115910
4.096408330
8.113437227
.056507899
4.109117734
4.071428045
4.102215836
.058263056
19.325874304
4.108344129
4.094106278
.053063355
4.082394366
.054815755
8.105340585
19.345874673
4.096222608
.061089248
19.321087008
.069037718
.070736329
4.086412386
