.041602766
.022763857
.021760887
.024084920
.018815447
.020168516
.024707452
.017653847
.018509473
.019662529
.021285777
.021147145
.026156897
.020693163
.021820221
.018564182
.019562572
.040962850
.024842296
.023851942
.020701337
.022315639
.021719192
4.039742284
.033601372
.019269991
.019282783
.017604607
.026043772
.020374094
.021055122
.020489342
.016140136
.021514613
.021568695
.018920498
.023537989
.021865023
.020161015
.020563507
.019207950
.019334157
.020783711
.020287304
.016619794
.017041327
4.044526397
.029078529
.024284870
.020709331
.020795163
.022005982
.017891657
.023100177
.019447680
.022875557
.021467701
.017914376
.021365786
.018651032
.018447368
.021372661
.022425313
.020319649
.019222750
.018198973
.021739045
.020706685
.020162319
.019719075
.021581984
.020857371
.021324738
.020449253
.023395122
.019786639
.019519268
.018050028
.020144034
.023961512
.023650642
.020302282
.017947947
.017847741
.019986573
.019674532
.020529559
.019105584
.017366072
.021889035
.017752899
.019680616
.019506318
.020616716
.020800587
.018372130
.019395028
.018621584
.018187717
.020800164
.018206503
.023648529
.019942513
.018680494
.020104968
.023763152
.020825662
.018819530
4.049452931
.024199252
.026567915
.021472803
.022748113
.022520699
.019410883
.021683840
.018100617
.021072143
.020579986
.019968831
4.058769529
.029177528
.021004267
.021510466
.016171526
.017308129
.018819976
.021362385
.018001866
.019801081
.023345680
.020704939
.025079235
.025600267
.026224881
.024255124
.021482381
.024695242
.021316211
.019315288
.020891177
.019734655
4.038324863
.034523963
.022079103
.022801506
.021326949
.023309455
.015682843
.021393740
.021384448
.017754138
.020554629
.021146243
.017561808
.024879885
.022940294
.025394375
.024675972
.018572498
.017894510
.023058542
.017776262
.019433648
.018673371
.019732477
.018942991
.020465921
.017876593
.019215110
.021480944
.018125505
.019511480
.022017976
.019929139
.025307000
.022824170
.020859289
.020136010
.022875585
.020982911
.018980572
.020659959
.018142879
.021936186
.025253750
.019104570
.019650519
.018566496
.016551449
.021022618
.021609816
.020720166
.020800456
.020467670
.023725278
.023035915
.019912763
.018326501
.022608381
.018409791
.019317774
.018321709
.020166051
.018215961
.018173837
.020027219
.021172865
.021614149
.022859668
.022858418
.021189782
.021449402
.021948476
.020679417
.019360815
.018525497
.018059256
.019856556
.019734600
.023126913
.017214562
.023163912
.017687137
4.047329819
.023121312
.023660803
.026383422
.027983936
4.044977818
.034319825
.020495481
.020716810
.029185205
.020900848
4.045738737
.032090072
.022356197
.019836075
.020126653
.017087705
.017194954
.024271206
.018670178
.020397607
.017612613
.020673811
4.044854464
.025839846
.021852748
.019044839
.017967523
.021767667
.018963548
.017687487
.017556697
.019268793
.020049113
.021338591
.024308998
.020796725
.019931073
.031556831
.025179441
.016600714
.018773010
.019735118
.019391374
.018036773
.018679886
.018122270
.021491546
.019376916
.020604186
.019625954
.020706351
.018895591
.017494073
.020822391
.021562294
.019871574
.019879574
.018957381
.021271967
.020972722
.018002897
.021256175
.020551354
.019850866
.021560254
.020745184
.024086460
.021709084
.017468824
.018855634
.026202923
.026844579
.020463481
.020265567
.018109688
.021316883
.018033189
.019137212
.016845959
.017192370
.021877207
.018863550
.018194186
4.038030406
.028632257
.026477502
.022884522
.020060862
.021232092
.018222144
.019345458
.021446630
.017985107
.018626137
.022612026
.020094153
.022688067
.018674595
.021087762
.020730600
.018468557
.023929129
.021723126
.021400297
.017571864
.020945889
.019867116
.021197551
.022423030
.022045703
.019372624
.017057289
.019993655
.018537806
.017798693
.020206360
.020888557
.020157152
.021810499
4.051368717
.025922303
.024062377
.021394839
.021039179
.019940156
.019627245
.021499004
.021368757
.018404891
.017845025
.021049179
.019288209
.019950448
.019671828
.025296647
.020425731
.020769308
.019111629
.019811450
.019711035
4.052172855
.026589862
.023460569
.020501816
.023134115
.019577703
.020889394
4.043743459
.019300243
.030367487
.021210463
4.045181765
.025986292
.023851032
.018290622
.019235190
.024750434
.021690317
.017261264
.017429886
.020055552
.017838628
.021180574
.023377040
.025452964
.021384821
.019871387
.019416061
.019706056
.018984651
.019728805
.019776847
.022084976
.020864037
.021553026
.020007259
.024929512
.020102341
.021907020
.017740296
.019518184
.020427210
.021963477
.019546183
.022730756
.021082117
.020602958
.019275187
.020126757
.023405912
.017746587
.020648832
.019016566
4.050847806
.022851754
4.061092480
.027007383
.023683391
.018258765
.026235853
.022963652
.017459152
.019663368
.019341998
.017763855
.020354066
.018930879
.017088782
.022049665
.021195927
.020343857
.020007029
.020924140
.019792699
.022095122
.023202647
.023588766
.036182660
.023339337
.022427765
.019835130
.019960754
.021571775
.022739261
.017899321
.019924620
.018097018
.017572649
.021356393
.019533833
.017936520
.019752330
.023857643
.024227222
.022427996
4.046097481
.042309188
.024043198
.024147322
.025239514
.019949007
.022146291
.021518020
.023584051
.021229188
.020614441
.042191275
.021472133
.022676033
.021502799
.018374590
.022757241
.019542283
.017562684
.022473577
.025734535
.021294885
.021063388
.018275550
.024428094
.023261484
.018146385
.020648393
.023735228
.025554996
.019913070
.022110540
.021307343
.024287137
.029860021
.027978797
.025468164
.019778196
.022693616
.016379700
