.493568708
.490260272
.498383527
.513399936
.495352986
.502805123
.490729804
.497062013
.498777170
.489491579
.491695406
4.500844426
4.506349194
.457909692
.507980745
.489221639
.483492310
.494404746
4.488359197
4.503976148
.493973247
.507207458
.490657324
.488938463
4.500617626
.497925246
.507988813
.499062582
.496082531
.508774911
.474864485
.491003235
.504671233
.482447735
.497369942
.498093338
.482846537
.493295948
.463527654
4.496786956
.501720265
.494080321
.519149272
.499430575
.502939505
4.514826658
.478555656
.507395680
.512820876
.493866747
.455868606
.499758271
4.502105607
.501228029
4.498773169
.506196075
.508954558
.493575316
.502601793
.481585581
.464027819
.500126572
.523900123
4.495360393
.520895351
.503171987
11.684234166
.510138788
.491793552
.497920798
4.485851777
.500336227
.501390292
.510258527
.497914951
.515202682
.492600648
.472414723
.467610698
.513215859
4.476931506
.503604303
.478738105
.506744415
.499021759
4.479331457
.509420425
.507015958
.496368550
.501044064
.511633525
.490894897
.522782216
.480026748
.489524885
.490823662
.503408222
.490374618
.503928133
.483988704
.504745575
.476747310
.482953855
.516449727
.489219067
.510169264
8.481332406
.478973486
.484668522
.474025383
.485050851
.503888516
.480649597
.458888082
.485769100
.481464036
.493800417
.495802189
.492826867
4.501246580
.497754767
.505166174
.523027780
.487047735
.476776293
.496872830
.492551548
.481282997
.504613329
.490593704
.493770373
8.498786675
.480647688
.488463231
.503430923
.503474965
4.520303104
.514571048
.505107473
.495287287
.498384607
.476542800
.516965415
4.493785408
.495963713
.514268303
.477920598
.496934617
.490320006
.493861819
.484640629
.495869428
.501048819
.525352168
.503825319
.514425265
.501251216
.500984919
4.490201393
.491832101
.492287821
.506180518
4.508955782
.505405332
.493734777
.505394332
.498898745
4.515943344
.505073991
.490267520
.508223031
.513923971
.505307954
.505200118
.526088790
.487489989
.478521005
.517738779
.465267242
.493259015
.503923835
.488762712
.499415521
.505538119
.511317706
4.505466780
.489295834
.494574288
.481422612
.509267505
.493373822
4.514000956
.505289497
.486066623
.507387752
.531926075
.490328027
.481393140
.476163960
.489420463
