1.211273996
9.202621249
1.193585562
1.194196092
5.258678754
5.222430219
52.280576879
1.196409069
1.210029202
1.196811560
5.205343939
1.226109423
1.228823904
1.211861942
16.374115289
1.193870241
1.204624881
1.170753030
1.198463826
1.166093586
1.209341139
1.215073957
5.206832334
5.211002519
1.214358232
1.201339650
9.213877053
5.180750577
1.215311274
1.204749046
1.195379350
1.180583434
1.197987912
1.173917293
1.171291271
1.189876642
12.416323592
5.192083362
5.195723952
1.194261258
5.194556992
1.203584123
1.197940090
5.211650870
1.196358166
1.212504378
1.198159663
1.229894611
1.198381416
5.180336732
5.186450592
1.189899279
1.211415072
5.223025427
1.213431789
1.182471225
5.209218149
1.211892063
17.218649222
5.182887266
5.203812674
5.206647860
1.218694585
5.190922245
5.194630419
1.210749209
1.199733849
1.209521671
1.184609132
5.208419054
1.190011739
5.193876646
1.205490235
16.375608856
5.177804520
1.173675332
13.216225121
1.182714380
1.181801819
1.216112813
1.186162749
1.198170896
1.197004151
1.176910994
5.238176914
5.227793919
12.425384262
1.187519394
5.243879969
5.209670539
1.205851067
1.171804667
1.205456684
1.188133819
1.210030469
1.202821262
1.209587492
5.222076455
1.230482392
5.196448288
5.231564065
1.207587541
5.180258893
1.180537079
5.225078468
1.226603654
16.404171518
5.238757251
5.230792278
12.391088397
1.206974106
1.186643788
1.217917277
5.174832839
1.197840210
1.181778488
1.183033560
9.189213488
9.215134338
9.191413181
5.185340242
5.220096049
1.208003255
1.196004090
1.227533211
1.218004452
5.198732385
1.198525337
1.197604660
9.222563341
5.213728970
5.161070739
1.197533749
1.205346508
9.231189130
9.195954952
5.201151954
5.216659278
5.206787359
5.206788771
1.200220333
1.202016589
5.197578366
5.189282272
5.189744313
1.199391266
5.208215381
5.150246492
1.184207778
9.198655259
5.179801809
9.212166145
1.201232097
5.210210334
5.193171729
1.190133493
1.187333906
9.228493112
12.419206308
1.201621412
5.215736782
1.170184911
1.186552505
5.196010301
1.192653935
12.404435038
1.196956313
9.231135899
5.190023730
5.190850030
1.197524035
1.188984069
20.420184651
9.211655444
1.201905748
1.175065649
1.203245098
1.178410073
1.203407221
1.183305345
1.180331280
5.191729403
9.216698367
5.184820440
1.232269314
5.172622683
1.208391340
5.210114989
5.198715446
1.190344824
1.208141836
1.180480512
1.184690699
1.207646996
9.241726096
1.179154385
5.197203287
5.196664475
1.232830092
5.199749150
