.675828186
.693318188
.757269477
.721235896
.731175978
.722479428
.731819992
.708966686
.711083540
.709577313
.698082099
.741784598
.712357635
4.711940459
.696550701
.692805570
.699256332
.714228590
.685067030
.684827581
.692282753
.716239186
.698521826
.696094366
4.718256963
.677385208
.715065615
.743542329
.720628745
.670141640
.687092770
.644480352
.732453826
.726540308
.687571784
.674701242
.693916971
.691154426
.683688316
.698517631
4.730153273
.728005759
.750358914
4.719574079
.744483863
.708894907
.728706192
.741724610
.704619678
.766071706
.750777148
.765740537
.693787065
.752296062
.677278767
.702768398
4.770164735
.708581558
.772940580
.716260676
.708954820
.680733977
.731904594
.690952314
.697872720
.738363305
.718234115
.732578659
.699153369
.719398638
.700755762
.713258552
.742952374
.672345497
.705943011
.698168747
.708577976
.689199822
.713559589
.702951955
.701124072
.710493579
.715058372
.682328100
.720684488
.697099964
.714515909
.681782224
.702252721
.698418938
.706673319
.679615092
.684124962
.726168475
.684566542
.691669106
.685210027
.716346655
.710522139
.674559808
.688679479
.713217753
.721387997
.711864153
.716985774
.696732418
.695126873
.692795962
.730348789
.713955692
.706711130
.683631239
.718313833
.676225952
.699810022
.715194769
.688052190
.678447649
.680536363
.676488320
.683392637
.688527574
.693469413
4.706978110
.710572021
.722121877
.731116064
.709598825
.692722132
.727594022
.679371386
.697336792
.684422299
.671579168
.684425016
.706579522
.704239865
.717874764
.691249215
.728274304
.698151335
.706517525
.699310961
.702280381
.709206328
.714097217
.714384417
.717169497
.691999244
.707211381
.709570362
.711261937
.724504854
.713695504
.715878231
.723183886
.707278419
.708533788
.729607874
.690941123
.732019866
.728709804
.744468890
.746199646
.722730121
.733523893
.702849410
.703365962
.712817572
.724000570
.691159840
.691239928
.748858691
.711995607
.686538979
.737054333
.698015439
.708634298
.724910443
.690069217
.711626042
4.708235974
.713281060
.727838040
.730373312
.694077047
.724199026
.724568965
.769167753
.707336050
4.716523975
.692109252
.754312276
.704771692
4.709828417
.737200933
.732060311
.748035336
.731630150
.662623694
.728197964
.697222426
.719188385
.676522429
.701673672
.718782750
.713305306
.720763112
.707909576
.726364824
.749103602
.735633718
.728778144
.703934648
.725862231
.671118602
.726462401
.702009624
.692663912
.696708906
.694990776
.745163653
.733369740
.708220756
.693338572
.688107778
.708419981
.704006704
.726682996
.726651647
.660916573
4.732169577
.713354737
.739507836
.694343437
.722415753
4.745602720
.720642106
.735411850
.706303126
.702627088
.676969467
.684368905
4.713718077
.711032105
.687667872
.693873777
.703723443
.684359569
.724721911
.734717806
.727214036
.693141080
.652000473
.682590599
.708975719
.713627430
.683603489
.668988291
.741540390
.695114996
.705408504
.704482892
.724766762
4.744645261
.713196234
.711501564
.677048243
.744886468
.688253158
.704716941
.730889319
.714163816
.704207517
.725008672
.764779113
.695045828
.723584044
.706112754
.704805615
.683565489
.689809331
.659570874
.670871672
.755256121
.693673060
.690554326
.704893352
4.722822723
.705259677
.670273124
.688098956
.709839621
.702994263
.708256339
.707024233
.713910406
.702010320
.678805232
.736795457
.700053866
.705955511
.740954117
.688874671
.708212739
.703129497
.676863077
.740977929
.722465888
.675256729
.688461602
4.724930827
.701239880
.699775514
.693744330
.735733929
.688004103
.739669601
.708213739
.727981584
.700925052
.722885231
.730312070
.704674213
.732917699
.705596738
.710173795
.731864832
.717348995
.715426381
.690068033
.688759528
.695683207
.717830324
.747439141
.699119996
.724767051
.716876589
.684515647
.687058740
.677455049
.695373912
.710341288
.689945323
.677475383
.686512694
.674550326
.688583469
.684685170
.761433665
.721888106
.685835269
.712833040
.696029667
.729073255
.733707072
.684991265
.730046413
.702036843
.738003687
.714241540
.711126014
.723320702
.725566806
4.700635356
.684485081
.715253031
.743110697
.680116092
.730524583
.674610024
.729134082
.735325337
4.704406919
.735553036
.720132517
.693280872
.701318304
.701516432
.729546498
.677558913
4.706980288
.711525243
.714091503
.737575690
.696588507
.677819261
.668459012
.709070338
.714026939
.688783234
.680076017
.683907383
.707229410
.693658464
.738788715
.736811122
.672442999
.705497700
.708898866
.680672058
.684644756
.707237514
.729712817
.720764052
.684069881
.695002284
.716754721
4.731722428
.714341450
.737963338
.753775861
.741157307
.692624168
.701966348
.735500548
.717603192
.698149097
.692028675
.705411228
.745113753
.715580339
.695979233
.690050970
.688386310
.674147234
.713903693
.673121144
.739124233
.710244614
.757946583
.714037150
.688202872
.698516231
.707598415
.752555932
.707757629
.689793981
.693317341
.698063961
.735422486
.709814509
.715810850
.688673390
.724434722
.689098992
.680696047
4.707553988
.717557134
.698757283
.692815819
.703352606
.709559414
.719678891
.680246611
4.716914099
.711142149
4.725536471
.739917929
.719864483
.670284615
.739254665
.714414748
.697029007
.749707714
.758459411
.702732205
.689300226
.708098669
.699016953
.716776889
.677324447
.729081104
.730302067
.675569940
.705089129
.691245039
8.724063818
.701222829
4.733114342
.699341139
4.694105157
.715966904
.725844326
4.688657285
.700566480
.715091246
.688337800
.723818749
.700313762
.708026975
.731486835
.708289235
4.715607280
.695591080
.751932955
.738091964
.726390223
.674914534
.698495608
